0	0
0.001	0.
0.002	1.9597145696430472e-205
0.003	1.9984928006260501e-28
0.004	1.4593697081432967e-14
0.005	1.5568200321100785e-9
0.006	6.399446376215789e-7
0.007	0.00002574945910569479
0.008	0.0003075518392483857
0.009000000000000001	0.0017938638843621073
0.010000000000000002	0.0066424406202488856
0.011	0.01815428280288338
0.012	0.040143485023937525
0.013000000000000001	0.07615926927493225
0.014000000000000002	0.1289063239377524
0.015	0.19997389414776476
0.016	0.2898255539730472
0.017	0.3979502954293795
0.018000000000000002	0.5230849395890944
0.019000000000000003	0.6634465436538509
0.02	0.8169408252575169
0.021	0.9813322189991243
0.022	1.154373051458501
0.023	1.3338954779605852
0.024	1.5178723545509585
0.025	1.7044536958203669
0.026000000000000002	1.8919848195848747
0.027000000000000003	2.0790113288824728
0.028	2.2642750407411154
0.029	2.446704020338367
0.03	2.625399067878872
0.031	2.799618355792999
0.032	2.9687614074782624
0.033	3.132353217204423
0.034	3.2900290419592007
0.035	3.441520176255259
0.036000000000000004	3.586640877304442
0.037000000000000005	3.725276521740909
0.038	3.857372977520066
0.039	3.982927166996629
0.04	4.101978732932777
0.041	4.214602740822059
0.042	4.320903306786318
0.043000000000000003	4.421008080906638
0.044	4.515063470999419
0.045	4.6032305458000184
0.046	4.685681525671975
0.047	4.762596783749714
0.048	4.83416231685078
0.049	4.900567594948263
0.05	4.962003760036652
0.051000000000000004	5.018662132291935
0.052000000000000005	5.07073294831626
0.053000000000000005	5.118404349154159
0.054	5.161861540259546
0.055	5.201286112850346
0.056	5.236855523737351
0.057	5.268742667746952
0.058	5.297115575855346
0.059000000000000004	5.322137166779651
0.06	5.3439651235317625
0.061	5.362751763811771
0.062	5.3786440217333835
0.063	5.391783419588753
0.064	5.40230613168455
0.065	5.4103430130218175
0.066	5.416019713075444
0.067	5.419456743006537
0.068	5.420769637936289
0.069	5.420069052279881
0.07	5.417460900088614
0.07100000000000001	5.413046513511975
0.07200000000000001	5.406922788135451
0.07300000000000001	5.39918232461089
0.074	5.389913572028835
0.075	5.379201026522303
0.076	5.367125305238599
0.077	5.353763368516901
0.078	5.339188630125691
0.079	5.323471092924769
0.08	5.306677519521767
0.081	5.288871536393447
0.082	5.270113802552705
0.083	5.250462085774173
0.084	5.229971450687627
0.085	5.2086943147775795
0.08600000000000001	5.186680634635001
0.08700000000000001	5.163977935193498
0.088	5.140631488125987
0.089	5.116684374397667
0.09	5.092177604511932
0.091	5.067150187944173
0.092	5.041639248805225
0.093	5.015680121016344
0.094	4.989306379549909
0.095	4.962549976276568
0.096	4.9354413012315606
0.097	4.90800922463824
0.098	4.880281217713257
0.099	4.8522833614025025
0.1	4.824040479816619
0.101	4.795576115888152
0.10200000000000001	4.766912683058002
0.10300000000000001	4.738071426993399
0.10400000000000001	4.709072542726975
0.10500000000000001	4.679935219195415
0.106	4.650677646325164
0.107	4.621317109134562
0.108	4.591869989325995
0.109	4.562351844920231
0.11	4.532777421430417
0.111	4.5031607007859344
0.112	4.473514944477588
0.113	4.443852698925505
0.114	4.414185882237239
0.115	4.384525746191576
0.116	4.354882959717938
0.117	4.325267611699256
0.11800000000000001	4.295689265666702
0.11900000000000001	4.26615692567701
0.12	4.236679134061975
0.121	4.207263961465973
0.122	4.1779189940491355
0.123	4.148651411629045
0.124	4.119467990549488
0.125	4.090375116411223
0.126	4.061378784424979
0.127	4.032484647382613
0.128	4.003698038995239
0.129	3.9750239248416435
0.13	3.9464670283224437
0.131	3.918031714673926
0.132	3.8897221200458403
0.133	3.861542089909312
0.134	3.8334952284685464
0.135	3.805584898325532
0.136	3.7778142405339046
0.137	3.7501861328415704
0.138	3.722703328619502
0.139	3.695368300980295
0.14	3.6681833928955747
0.14100000000000001	3.641150706683105
0.14200000000000002	3.6142722663780513
0.14300000000000002	3.5875498370156866
0.14400000000000002	3.560985074535846
0.14500000000000002	3.5345795006630047
0.146	3.5083344653699204
0.147	3.4822512160027763
0.148	3.4563308312824987
0.149	3.430574319962507
0.15	3.404982517630794
0.151	3.3795562253613927
0.152	3.3542960652204723
0.153	3.3292026123545075
0.154	3.304276321249561
0.155	3.2795175711020814
0.156	3.2549266533009744
0.157	3.2305037570283623
0.158	3.2062490447703773
0.159	3.1821625576179717
0.16	3.1582443005554928
0.161	3.134494191667566
0.162	3.1109120883186043
0.163	3.087497830016728
0.164	3.0642511337528298
0.165	3.0411717211947633
0.166	3.018259221284376
0.167	2.9955132701243654
0.168	2.9729333903597905
0.169	2.950519130294575
0.17	2.9282699377697328
0.171	2.906185277521062
0.17200000000000001	2.8842645575069854
0.17300000000000001	2.862507119787245
0.17400000000000002	2.8409123449357083
0.17500000000000002	2.8194795088789966
0.176	2.7982079203029073
0.177	2.77709682968162
0.178	2.7561454763945044
0.179	2.735353071259674
0.18	2.714718786751495
0.181	2.6942418291365735
0.182	2.6739213283907106
0.183	2.6537564102889
0.184	2.6337462179299087
0.185	2.613889851105371
0.186	2.5941863889075925
0.187	2.574634928602503
0.188	2.5552345148747615
0.189	2.535984223905401
0.19	2.5168830875639268
0.191	2.497930160816637
0.192	2.4791244594452158
0.193	2.4604650057350756
0.194	2.4419508423146947
0.195	2.423580930460713
0.196	2.405354333683507
0.197	2.387270006347321
0.198	2.3693269784089046
0.199	2.351524226659661
0.2	2.3338607397089155
0.201	2.316335526706065
0.202	2.2989475732237077
0.203	2.281695829232657
0.20400000000000001	2.2645793383041837
0.20500000000000002	2.2475970473223215
0.20600000000000002	2.230747961776524
0.20700000000000002	2.214031065935091
0.20800000000000002	2.197445341451528
0.20900000000000002	2.180989779503109
0.21	2.164663380862537
0.211	2.1484651405437183
0.212	2.1323940223326328
0.213	2.1164490833496212
0.214	2.1006292759885254
0.215	2.0849336215843692
0.216	2.0693611300582204
0.217	2.0539108154348393
0.218	2.038581690716834
0.219	2.0233727733377838
0.22	2.008283085775831
0.221	1.9933116581478334
0.222	1.9784575335550039
0.223	1.9637197312857069
0.224	1.9490973090662802
0.225	1.9345893174098048
0.226	1.9201947855710952
0.227	1.9059127928140107
0.228	1.8917424019092377
0.229	1.87768267940281
0.23	1.8637326824409501
0.231	1.8498915145261463
0.232	1.8361582592440298
0.233	1.8225320033573889
0.234	1.809011820506902
0.23500000000000001	1.7955968670486342
0.23600000000000002	1.7822862124555057
0.23700000000000002	1.7690789814755434
0.23800000000000002	1.7559742998741157
0.23900000000000002	1.7429712931101693
0.24	1.73006910206276
0.241	1.7172668565146387
0.242	1.7045637141044556
0.243	1.691958822997679
0.244	1.6794513342400321
0.245	1.6670404479838106
0.246	1.6547252789263118
0.247	1.6425050628088878
0.248	1.6303789414749925
0.249	1.6183461393462466
0.25	1.606405847739206
0.251	1.5945572430325698
0.252	1.582799564951489
0.253	1.571132036931259
0.254	1.5595538491775112
0.255	1.5480642526473192
0.256	1.5366624956087334
0.257	1.5253477907335837
0.258	1.5141194065429326
0.259	1.5029766123326136
0.26	1.4919186188881197
0.261	1.4809447548160628
0.262	1.4700542526963598
0.263	1.4592464113706065
0.264	1.4485205137968602
0.265	1.4378758446721325
0.266	1.4273117092429224
0.267	1.4168274225577906
0.268	1.4064222722081223
0.269	1.3960956040213064
0.27	1.3858467146213673
0.271	1.37567494767652
0.272	1.3655796308655563
0.273	1.3555601032801565
0.274	1.3456157414943448
0.275	1.3357458480132978
0.276	1.3259498151769298
0.277	1.3162270033689845
0.278	1.3065767766358236
0.279	1.2969985059643343
0.28	1.2874915882558857
0.281	1.278055390512175
0.28200000000000003	1.268689330910271
0.28300000000000003	1.2593927745505606
0.28400000000000003	1.2501651574688664
0.28500000000000003	1.2410058548621883
0.28600000000000003	1.2319143169479376
0.28700000000000003	1.2228899522863639
0.28800000000000003	1.2139321579388378
0.28900000000000003	1.2050403960911746
0.29	1.1962140936024903
0.291	1.1874526995606616
0.292	1.1787556372809045
0.293	1.1701223871994508
0.294	1.1615523704478494
0.295	1.1530450758304707
0.296	1.1445999684942412
0.297	1.1362165066767924
0.298	1.1278941587410312
0.299	1.1196324527880304
0.3	1.1114308071428818
0.301	1.1032887616843639
0.302	1.0952057953505054
0.303	1.0871814041038526
0.304	1.0792151010807758
0.305	1.0713063964637004
0.306	1.0634548024178596
0.307	1.0556598264153734
0.308	1.0479210028555845
0.309	1.0402378429634993
0.31	1.0326099123361185
0.311	1.0250367212042097
0.312	1.0175178060642576
0.313	1.0100527394498304
0.314	1.002641040326899
0.315	0.9952822524603924
0.316	0.9879760072370046
0.317	0.9807217700280504
0.318	0.9735191621124883
0.319	0.966367747634464
0.32	0.9592671002222135
0.321	0.9522167693330451
0.322	0.945216376428808
0.323	0.9382654920899944
0.324	0.9313637005185722
0.325	0.924510585456716
0.326	0.9177057795974488
0.327	0.9109488390641617
0.328	0.9042394166136886
0.329	0.897577071381228
0.33	0.890961451321942
0.331	0.8843921590680037
0.332	0.8778688175644912
0.333	0.8713910362787537
0.334	0.864958466529423
0.335	0.8585707056186509
0.336	0.8522274280186564
0.337	0.8459282309076319
0.338	0.8396727722043023
0.339	0.8334607028924284
0.34	0.8272916431307394
0.341	0.8211652775628276
0.342	0.8150812484203522
0.343	0.8090391817285421
0.34400000000000003	0.8030387740391777
0.34500000000000003	0.7970796767315337
0.34600000000000003	0.7911615704159904
0.34700000000000003	0.7852840828897802
0.34800000000000003	0.7794469115430911
0.34900000000000003	0.7736497556257094
0.35000000000000003	0.767892251611781
0.35100000000000003	0.7621740930614935
0.352	0.7564949908632996
0.353	0.7508546028621264
0.354	0.7452526207007014
0.355	0.7396887457583599
0.356	0.7341626652016171
0.357	0.7286741004367204
0.358	0.7232227105443362
0.359	0.7178082548376612
0.36	0.7124303776708447
0.361	0.7070888317038351
0.362	0.7017833289864918
0.363	0.6965135569368843
0.364	0.6912792663227422
0.365	0.6860801197959043
0.366	0.6809159261334715
0.367	0.6757863400404331
0.368	0.6706911013886439
0.369	0.6656299770525831
0.37	0.660602646498551
0.371	0.6556088745290196
0.372	0.6506484028157618
0.373	0.6457209563758773
0.374	0.6408262855306728
0.375	0.6359641314505232
0.376	0.6311342309394326
0.377	0.626336360100566
0.378	0.6215702416927036
0.379	0.6168356362517332
0.38	0.6121323233371254
0.381	0.6074600179234868
0.382	0.6028185110748343
0.383	0.598207550569123
0.384	0.593626917363276
0.385	0.589076364036706
0.386	0.5845556559325344
0.387	0.5800645771802424
0.388	0.5756028838767253
0.389	0.5711703540810046
0.39	0.5667667921756805
0.391	0.5623919328573477
0.392	0.5580455962354579
0.393	0.5537275319353716
0.394	0.5494375299779898
0.395	0.5451754149433086
0.396	0.5409409233837775
0.397	0.5367338870829161
0.398	0.5325540610154647
0.399	0.5284012616139253
0.4	0.5242752805522702
0.401	0.5201759226274371
0.402	0.5161029615031983
0.403	0.5120562244937064
0.404	0.5080355113745447
0.405	0.5040406216160518
0.406	0.5000713560967143
0.40700000000000003	0.4961275179636069
0.40800000000000003	0.49220893584020486
0.40900000000000003	0.4883154152527608
0.41000000000000003	0.48444674997709464
0.41100000000000003	0.4806027837253428
0.41200000000000003	0.47678331396150564
0.41300000000000003	0.4729881689884121
0.41400000000000003	0.46921714761339683
0.41500000000000004	0.46547008749022234
0.41600000000000004	0.461746817960128
0.41700000000000004	0.4580471565086787
0.418	0.454370909136786
0.419	0.450717940750253
0.42	0.4470880363303377
0.421	0.44348105954549955
0.422	0.43989684452720573
0.423	0.43633518283413275
0.424	0.432795940211026
0.425	0.4292789643417355
0.426	0.42578406807197483
0.427	0.42231109547623835
0.428	0.41885988617965325
0.429	0.4154302964758161
0.43	0.41202214356761385
0.431	0.40863530295083805
0.432	0.4052695728059695
0.433	0.40192486581349296
0.434	0.39860095790245387
0.435	0.3952977445640045
0.436	0.39201507617850345
0.437	0.38875278568841704
0.438	0.38551073340322706
0.439	0.38228877165946934
0.44	0.3790867675692879
0.441	0.3759045385309737
0.442	0.37274200781788763
0.443	0.36959899673917757
0.444	0.3664753507780209
0.445	0.3633709499051382
0.446	0.3602856617214505
0.447	0.3572193396465034
0.448	0.35417186793064975
0.449	0.351143073393917
0.45	0.3481328651088248
0.451	0.3451410735643293
0.452	0.34216760898312665
0.453	0.33921230917106715
0.454	0.3362750624465822
0.455	0.3333557363175434
0.456	0.3304541916427453
0.457	0.32757033807738933
0.458	0.3247040160936736
0.459	0.3218551134634975
0.46	0.31902349704766503
0.461	0.316209091153776
0.462	0.31341172572211573
0.463	0.3106312766568236
0.464	0.3078676774429547
0.465	0.3051207719938246
0.466	0.30239044824112143
0.467	0.2996766132282454
0.468	0.29697910943619266
0.46900000000000003	0.29429784930180813
0.47000000000000003	0.2916327371856738
0.47100000000000003	0.28898363001668914
0.47200000000000003	0.28635044072304294
0.47300000000000003	0.2837330332324498
0.47400000000000003	0.2811313403850358
0.47500000000000003	0.2785452062374343
0.47600000000000003	0.27597455143066957
0.47700000000000004	0.2734192675283524
0.47800000000000004	0.2708792300913017
0.47900000000000004	0.2683543732452234
0.48	0.26584454477856767
0.481	0.26334968772475914
0.482	0.2608696693734846
0.483	0.25840439933673653
0.484	0.2559537591123157
0.485	0.253517687686531
0.486	0.2510960626414063
0.487	0.24868877585328392
0.488	0.24629574157785789
0.489	0.2439168648728322
0.49	0.24155204857577264
0.491	0.23920119553044825
0.492	0.2368642100965853
0.493	0.2345410038904824
0.494	0.23223148238482272
0.495	0.22993554790486526
0.496	0.2276531207592234
0.497	0.2253840970811976
0.498	0.2231283892150113
0.499	0.2208859275631094
0.5	0.21865658660415668
0.5009999999999999	0.21644031317569523
0.502	0.2142370063747036
0.5029999999999999	0.21204656859724397
0.504	0.20986893827646236
0.5049999999999999	0.207704016422947
0.506	0.20555171507674586
0.5069999999999999	0.203411963628525
0.508	0.20128465304381177
0.5089999999999999	0.19916972601206862
0.51	0.19706709185095234
0.5109999999999999	0.1949766736855864
0.512	0.19289839280256574
0.5129999999999999	0.19083214573562435
0.514	0.18877789518006716
0.5149999999999999	0.1867355175527679
0.516	0.1847049664102936
0.5169999999999999	0.18268614693869223
0.518	0.18067899863957393
0.5189999999999999	0.17868342919891483
0.52	0.17669936568649275
0.5209999999999999	0.17472674139741357
0.522	0.17276546984383148
0.5229999999999999	0.1708154931243985
0.524	0.16887671562429576
0.5249999999999999	0.16694909169347025
0.526	0.1650325272401192
0.5269999999999999	0.16312694505909403
0.528	0.1612323194717453
0.5289999999999999	0.15934851375765002
0.53	0.15747550421444323
0.5309999999999999	0.15561321763125702
0.532	0.1537615518329665
0.5329999999999999	0.15192047106698395
0.534	0.15008991274077246
0.5349999999999999	0.14826976846029621
0.536	0.146460005988311
0.5369999999999999	0.14466055660620455
0.538	0.14287135165076648
0.5389999999999999	0.14109229766742215
0.54	0.13932338323034263
0.5409999999999999	0.13756449439503982
0.542	0.1358155915737919
0.5429999999999999	0.13407659060135255
0.544	0.13234747167316557
0.5449999999999999	0.13062812184283176
0.546	0.1289185074399316
0.5469999999999999	0.12721855943654373
0.548	0.12552822027849084
0.5489999999999999	0.12384743091681512
0.55	0.12217610725108409
0.5509999999999999	0.12051422782880389
0.552	0.11886170750439358
0.5529999999999999	0.11721849077076339
0.554	0.11558452615767169
0.5549999999999999	0.11395975470878235
0.556	0.11234410182647012
0.5569999999999999	0.11073752525260132
0.558	0.10913997670906474
0.5589999999999999	0.10755138081063041
0.56	0.10597169619372272
0.5609999999999999	0.10440085579793455
0.562	0.10283880185988771
0.563	0.10128549514694563
0.5640000000000001	0.09974086898843923
0.565	0.09820488406616926
0.5660000000000001	0.09667747390668865
0.567	0.09515857630356223
0.5680000000000001	0.09364815239677893
0.569	0.09214615276874626
0.5700000000000001	0.09065251319161023
0.571	0.08916718562319877
0.5720000000000001	0.08769012335526224
0.573	0.08622128725719755
0.5740000000000001	0.08476059503929277
0.575	0.08330801163538692
0.5760000000000001	0.08186349376915024
0.577	0.08042700262356695
0.5779999999999998	0.07899845184897501
0.579	0.0775778289825256
0.5799999999999998	0.07616504704973508
0.581	0.07476011062179064
0.5819999999999999	0.07336293544574422
0.583	0.07197346563696062
0.5839999999999999	0.07059169368538784
0.585	0.06921753349826587
0.5859999999999999	0.06785095101885966
0.587	0.0664919211809348
0.5879999999999999	0.065140363886254
0.589	0.06379626303191725
0.5899999999999999	0.06245955265721202
0.591	0.0611301873182915
0.5919999999999999	0.059808148247191516
0.593	0.058493371933501334
0.5939999999999999	0.05718579265972038
0.595	0.05588541814424584
0.5959999999999999	0.05459216118114697
0.597	0.05330601283917535
0.5979999999999999	0.0520269023038604
0.599	0.05075478535939394
0.5999999999999999	0.04948965452930732
0.601	0.04823143395456715
0.6019999999999999	0.04698009197419398
0.603	0.04573560098074122
0.6039999999999999	0.044497884855706604
0.605	0.04326697074813454
0.6059999999999999	0.042042715002103596
0.607	0.04082519453634117
0.6079999999999999	0.039614266988847735
0.609	0.038409959448559905
0.6099999999999999	0.03721220738751254
0.611	0.036020970563001374
0.6119999999999999	0.034836220992173476
0.613	0.0336579187018471
0.6139999999999999	0.032486005192590955
0.615	0.03132046586869201
0.6159999999999999	0.030161264003217326
0.617	0.029008336463943272
0.6179999999999999	0.027861690068719618
0.619	0.026721239713891155
0.6199999999999999	0.02558696709139325
0.621	0.024458864627001874
0.6219999999999999	0.023336836542045564
0.623	0.02222090931454328
0.6239999999999999	0.02111100259919541
0.625	0.020007102477303786
0.6259999999999999	0.01890918428114226
0.627	0.017817162842241874
0.6279999999999999	0.016731068329154702
0.629	0.01565082967264725
0.6299999999999999	0.014576413289146219
0.631	0.013507791519011774
0.6319999999999999	0.012444938210218852
0.633	0.011387804452133951
0.6339999999999999	0.010336371479787627
0.635	0.009290585325149151
0.6359999999999999	0.008250438788331297
0.637	0.0072158830504665625
0.6379999999999999	0.006186895696908577
0.639	0.005163431346912994
0.6399999999999999	0.004145474499941244
0.641	0.0031329887026471004
0.6419999999999999	0.0021259119562988
0.643	0.001124269680290802
0.6439999999999999	0.00012797299123566228
0.645	0.
0.6459999999999999	0.
0.647	0.
0.6479999999999999	0.
0.649	0.
0.6499999999999999	0.
0.651	0.
0.6519999999999999	0.
0.653	0.
0.6539999999999999	0.
0.655	0.
0.6559999999999999	0.
0.657	0.
0.6579999999999999	0.
0.659	0.
0.6599999999999999	0.
0.661	0.
0.6619999999999999	0.
0.663	0.
0.6639999999999999	0.
0.665	0.
0.6659999999999999	0.
0.667	0.
0.6679999999999999	0.
0.669	0.
0.6699999999999999	0.
0.671	0.
0.6719999999999999	0.
0.673	0.
0.6739999999999999	0.
0.675	0.
0.6759999999999999	0.
0.677	0.
0.6779999999999999	0.
0.679	0.
0.6799999999999999	0.
0.681	0.
0.6819999999999999	0.
0.683	0.
0.6839999999999999	0.
0.685	0.
0.6859999999999999	0.
0.687	0.
0.688	0.
0.6890000000000001	0.
0.69	0.
0.6910000000000001	0.
0.692	0.
0.6930000000000001	0.
0.694	0.
0.6950000000000001	0.
0.696	0.
0.6970000000000001	0.
0.698	0.
0.6990000000000001	0.
0.7	0.
0.7010000000000001	0.
0.702	0.
0.7030000000000001	0.
0.704	0.
0.7049999999999998	0.
0.706	0.
0.7069999999999999	0.
0.708	0.
0.7089999999999999	0.
0.71	0.
0.7109999999999999	0.
0.712	0.
0.7129999999999999	0.
0.714	0.
0.7149999999999999	0.
0.716	0.
0.7169999999999999	0.
0.718	0.
0.7189999999999999	0.
0.72	0.
0.7209999999999999	0.
0.722	0.
0.7229999999999999	0.
0.724	0.
0.7249999999999999	0.
0.726	0.
0.7269999999999999	0.
0.728	0.
0.7289999999999999	0.
0.73	0.
0.7309999999999999	0.
0.732	0.
0.7329999999999999	0.
0.734	0.
0.7349999999999999	0.
0.736	0.
0.7369999999999999	0.
0.738	0.
0.7389999999999999	0.
0.74	0.
0.7409999999999999	0.
0.742	0.
0.7429999999999999	0.
0.744	0.
0.7449999999999999	0.
0.746	0.
0.7469999999999999	0.
0.748	0.
0.7489999999999999	0.
0.75	0.
0.7509999999999999	0.
0.752	0.
0.7529999999999999	0.
0.754	0.
0.7549999999999999	0.
0.756	0.
0.7569999999999999	0.
0.758	0.
0.7589999999999999	0.
0.76	0.
0.7609999999999999	0.
0.762	0.
0.7629999999999999	0.
0.764	0.
0.7649999999999999	0.
0.766	0.
0.7669999999999999	0.
0.768	0.
0.7689999999999999	0.
0.77	0.
0.7709999999999999	0.
0.772	0.
0.7729999999999999	0.
0.774	0.
0.7749999999999999	0.
0.776	0.
0.7769999999999999	0.
0.778	0.
0.7789999999999999	0.
0.78	0.
0.7809999999999999	0.
0.782	0.
0.7829999999999999	0.
0.784	0.
0.7849999999999999	0.
0.786	0.
0.7869999999999999	0.
0.788	0.
0.7889999999999999	0.
0.79	0.
0.7909999999999999	0.
0.792	0.
0.7929999999999999	0.
0.794	0.
0.7949999999999999	0.
0.796	0.
0.7969999999999999	0.
0.798	0.
0.7989999999999999	0.
0.8	0.
0.8009999999999999	0.
0.802	0.
0.8029999999999999	0.
0.804	0.
0.8049999999999999	0.
0.806	0.
0.8069999999999999	0.
0.808	0.
0.8089999999999999	0.
0.81	0.
0.8109999999999999	0.
0.812	0.
0.813	0.
0.8140000000000001	0.
0.815	0.
0.8160000000000001	0.
0.817	0.
0.8180000000000001	0.
0.819	0.
0.8200000000000001	0.
0.821	0.
0.8220000000000001	0.
0.823	0.
0.8240000000000001	0.
0.825	0.
0.8260000000000001	0.
0.827	0.
0.8280000000000001	0.
0.829	0.
0.8300000000000001	0.
0.831	0.
0.8320000000000001	0.
0.833	0.
0.8339999999999999	0.
0.835	0.
0.8359999999999999	0.
0.837	0.
0.8379999999999999	0.
0.839	0.
0.8399999999999999	0.
0.841	0.
0.8419999999999999	0.
0.843	0.
0.8439999999999999	0.
0.845	0.
0.8459999999999999	0.
0.847	0.
0.8479999999999999	0.
0.849	0.
0.8499999999999999	0.
0.851	0.
0.8519999999999999	0.
0.853	0.
0.8539999999999999	0.
0.855	0.
0.8559999999999999	0.
0.857	0.
0.8579999999999999	0.
0.859	0.
0.8599999999999999	0.
0.861	0.
0.8619999999999999	0.
0.863	0.
0.8639999999999999	0.
0.865	0.
0.8659999999999999	0.
0.867	0.
0.8679999999999999	0.
0.869	0.
0.8699999999999999	0.
0.871	0.
0.8719999999999999	0.
0.873	0.
0.8739999999999999	0.
0.875	0.
0.8759999999999999	0.
0.877	0.
0.8779999999999999	0.
0.879	0.
0.8799999999999999	0.
0.881	0.
0.8819999999999999	0.
0.883	0.
0.8839999999999999	0.
0.885	0.
0.8859999999999999	0.
0.887	0.
0.8879999999999999	0.
0.889	0.
0.8899999999999999	0.
0.891	0.
0.8919999999999999	0.
0.893	0.
0.8939999999999999	0.
0.895	0.
0.8959999999999999	0.
0.897	0.
0.8979999999999999	0.
0.899	0.
0.8999999999999999	0.
0.901	0.
0.9019999999999999	0.
0.903	0.
0.9039999999999999	0.
0.905	0.
0.9059999999999999	0.
0.907	0.
0.9079999999999999	0.
0.909	0.
0.9099999999999999	0.
0.911	0.
0.9119999999999999	0.
0.913	0.
0.9139999999999999	0.
0.915	0.
0.9159999999999999	0.
0.917	0.
0.9179999999999999	0.
0.919	0.
0.9199999999999999	0.
0.921	0.
0.9219999999999999	0.
0.923	0.
0.9239999999999999	0.
0.925	0.
0.9259999999999999	0.
0.927	0.
0.9279999999999999	0.
0.929	0.
0.9299999999999999	0.
0.931	0.
0.9319999999999999	0.
0.933	0.
0.9339999999999999	0.
0.935	0.
0.9359999999999999	0.
0.937	0.
0.938	0.
0.9390000000000001	0.
0.94	0.
0.9410000000000001	0.
0.942	0.
0.9430000000000001	0.
0.944	0.
0.9450000000000001	0.
0.946	0.
0.9470000000000001	0.
0.948	0.
0.9490000000000001	0.
0.95	0.
0.9510000000000001	0.
0.952	0.
0.9530000000000001	0.
0.954	0.
0.9550000000000001	0.
0.956	0.
0.9570000000000001	0.
0.958	0.
0.9590000000000001	0.
0.96	0.
0.9609999999999999	0.
0.962	0.
0.9629999999999999	0.
0.964	0.
0.9649999999999999	0.
0.966	0.
0.9669999999999999	0.
0.968	0.
0.9689999999999999	0.
0.97	0.
0.9709999999999999	0.
0.972	0.
0.9729999999999999	0.
0.974	0.
0.9749999999999999	0.
0.976	0.
0.9769999999999999	0.
0.978	0.
0.9789999999999999	0.
0.98	0.
0.9809999999999999	0.
0.982	0.
0.9829999999999999	0.
0.984	0.
0.9849999999999999	0.
0.986	0.
0.9869999999999999	0.
0.988	0.
0.9889999999999999	0.
0.99	0.
0.9909999999999999	0.
0.992	0.
0.9929999999999999	0.
0.994	0.
0.9949999999999999	0.
0.996	0.
0.9969999999999999	0.
0.998	0.
0.9989999999999999	0.
1.	0