0	0
0.001	0.
0.002	0.
0.003	0.
0.004	0.
0.005	0.
0.006	0.
0.007	0.
0.008	0.
0.009000000000000001	0.
0.010000000000000002	0.
0.011	0.
0.012	0.
0.013000000000000001	0.
0.014000000000000002	0.
0.015	0.
0.016	0.
0.017	0.
0.018000000000000002	0.
0.019000000000000003	0.
0.02	0.
0.021	0.
0.022	0.
0.023	0.
0.024	0.
0.025	0.
0.026000000000000002	0.
0.027000000000000003	0.
0.028	0.
0.029	0.
0.03	0.
0.031	0.
0.032	0.
0.033	0.
0.034	0.
0.035	0.
0.036000000000000004	0.
0.037000000000000005	0.
0.038	0.
0.039	0.
0.04	0.
0.041	0.
0.042	0.
0.043000000000000003	0.
0.044	0.
0.045	0.
0.046	0.
0.047	0.
0.048	0.
0.049	0.
0.05	0.
0.051000000000000004	0.
0.052000000000000005	0.
0.053000000000000005	0.
0.054	0.
0.055	0.
0.056	4.518057665950825e-13
0.057	6.363290022224626e-10
0.058	2.7721743531251682e-8
0.059000000000000004	3.318944183409498e-7
0.06	2.0297021109978396e-6
0.061	8.276137454738736e-6
0.062	0.000025799442568180997
0.063	0.00006652143739442257
0.064	0.0001490068985383341
0.065	0.00029956082206557543
0.066	0.0005528768094813843
0.067	0.0009522118741271006
0.068	0.0015491156190134425
0.069	0.0024027751418824197
0.07	0.0035790543660032463
0.07100000000000001	0.0051493117883042025
0.07200000000000001	0.007189077666595564
0.07300000000000001	0.009776663576997557
0.074	0.012991766464976
0.075	0.016914117511336108
0.076	0.021622214495415775
0.077	0.027192165580040523
0.078	0.033696662961307945
0.079	0.04120409678831017
0.08	0.04977781317840905
0.081	0.05947551495271629
0.082	0.07034879975865385
0.083	0.08244282737241677
0.084	0.09579610601566686
0.085	0.11044038631786444
0.08600000000000001	0.12640065095877476
0.08700000000000001	0.14369518790332006
0.088	0.16233573537989493
0.089	0.18232768725510706
0.09	0.20367034814554133
0.091	0.22635722841401684
0.092	0.2503763700725295
0.093	0.275710695518018
0.094	0.30233837192777935
0.095	0.3302331850174465
0.096	0.35936491669923276
0.097	0.3896997219615671
0.098	0.42120050101500184
0.099	0.4538272634116553
0.1	0.4875374814450741
0.101	0.522286430672384
0.10200000000000001	0.5580275158787688
0.10300000000000001	0.5947125812219962
0.10400000000000001	0.6322922036614519
0.10500000000000001	0.6707159690909922
0.106	0.7099327308666828
0.107	0.7498908506505622
0.108	0.7905384216825246
0.109	0.8318234747536792
0.11	0.8736941672845072
0.111	0.9160989560149906
0.112	0.9589867538967576
0.113	1.002307071838139
0.114	1.0460101460002265
0.115	1.0900470513710137
0.116	1.134369802363766
0.117	1.178931441193729
0.11800000000000001	1.223686114786209
0.11900000000000001	1.2685891409621102
0.12	1.3135970646291035
0.121	1.3586677046949798
0.122	1.4037601923905834
0.123	1.4488350016662643
0.124	1.4938539723030233
0.125	1.5387803263416402
0.126	1.5835786784125891
0.127	1.6282150405124851
0.128	1.672656821746089
0.129	1.7168728235194797
0.13	1.760833230644393
0.131	1.8045095987803543
0.132	1.8478748386147748
0.133	1.8909031971540542
0.134	1.9335702364715381
0.135	1.9758528102345891
0.136	2.017729038303313
0.137	2.059178279680716
0.138	2.100181104061139
0.139	2.1407192622116704
0.14	2.180775655396
0.14100000000000001	2.2203343040380905
0.14200000000000002	2.259380315796656
0.14300000000000002	2.2978998532175567
0.14400000000000002	2.335880101103314
0.14500000000000002	2.3733092337384036
0.146	2.410176382081362
0.147	2.4464716010344776
0.148	2.48218583688802
0.149	2.51731089501799
0.15	2.5518394079201987
0.151	2.5857648036380043
0.152	2.6190812746514904
0.153	2.6517837472735395
0.154	2.6838678515945062
0.155	2.7153298920198026
0.156	2.746166818425811
0.157	2.7763761979654946
0.158	2.805956187540821
0.159	2.834905506963115
0.16	2.8632234128145413
0.161	2.8909096730153747
0.162	2.917964542112957
0.163	2.9443887372852444
0.164	2.9701834150715434
0.165	2.995350148816014
0.166	3.019890906832407
0.167	3.043808031281297
0.168	3.067104217744805
0.169	3.089782495505511
0.17	3.111846208505419
0.171	3.133298996983677
0.17200000000000001	3.154144779780293
0.17300000000000001	3.1743877372838125
0.17400000000000002	3.1940322950312625
0.17500000000000002	3.2130831079151596
0.176	3.2315450450173393
0.177	3.2494231750310183
0.178	3.266722752263869
0.179	3.283449203210004
0.18	3.2996081136723983
0.181	3.315205216420577
0.182	3.3302463793692887
0.183	3.344737594261218
0.184	3.3586849658434588
0.185	3.372094701513411
0.186	3.384973101429636
0.187	3.3973265490644886
0.188	3.4091615021916684
0.189	3.420484484282514
0.19	3.4313020763146063
0.191	3.4416209089599628
0.192	3.45144765515081
0.193	3.4607890230103355
0.194	3.4696517491250862
0.195	3.478042592159352
0.196	3.4859683267882997
0.197	3.4934357379455214
0.198	3.5004516153659706
0.199	3.507022748422659
0.2	3.5131559212341523
0.201	3.5188579080409674
0.202	3.5241354688404796
0.203	3.5289953452559537
0.20400000000000001	3.533444256659434
0.20500000000000002	3.5374888964985316
0.20600000000000002	3.541135928859687
0.20700000000000002	3.544391985225504
0.20800000000000002	3.547263661435513
0.20900000000000002	3.5497575148402274
0.21	3.5518800616330344
0.211	3.5536377743563294
0.212	3.555037079581149
0.213	3.556084355737182
0.214	3.556785931104641
0.215	3.557148081944344
0.216	3.5571770307691364
0.217	3.556878944754774
0.218	3.5562599342656807
0.219	3.5553260515144185
0.22	3.554083289325272
0.221	3.5525375800183485
0.222	3.550694794387392
0.223	3.54856074079273
0.224	3.546141164326805
0.225	3.5434417460975385
0.226	3.540468102573317
0.227	3.5372257850225335
0.228	3.533720279032492
0.229	3.5299570040879407
0.23	3.5259413132414488
0.231	3.521678492826859
0.232	3.517173762252786
0.233	3.512432273846754
0.234	3.5074591127621586
0.23500000000000001	3.50225929692725
0.23600000000000002	3.496837777060955
0.23700000000000002	3.4911994367198167
0.23800000000000002	3.485349092402474
0.23900000000000002	3.479291493685678
0.24	3.473031323415392
0.241	3.4665731979130854
0.242	3.459921667239573
0.243	3.453081215479781
0.244	3.4460562610617242
0.245	3.4388511570987075
0.246	3.4314701917758144
0.247	3.4239175887373268
0.248	3.416197507520988
0.249	3.4083140439979482
0.25	3.400271230842219
0.251	3.392073038017407
0.252	3.3837233732767573
0.253	3.375226082688688
0.254	3.3665849511662294
0.255	3.3578037030166246
0.256	3.3488860025080527
0.257	3.339835454436355
0.258	3.330655604712695
0.259	3.321349940950911
0.26	3.3119218930780403
0.261	3.3023748339344157
0.262	3.2927120798963077
0.263	3.282936891492041
0.264	3.2730524740341447
0.265	3.2630619782471655
0.266	3.2529685009055074
0.267	3.2427750854697566
0.268	3.2324847227262423
0.269	3.2221003514338067
0.27	3.211624858966028
0.271	3.2010610819512544
0.272	3.1904118069233367
0.273	3.1796797709660503
0.274	3.1688676623504106
0.275	3.1579781211876528
0.276	3.147013740062061
0.277	3.1359770646751737
0.278	3.1248705944816426
0.279	3.1136967833237295
0.28	3.102458040066115
0.281	3.091156729220058
0.28200000000000003	3.0797951715745544
0.28300000000000003	3.068375644811408
0.28400000000000003	3.056900384131062
0.28500000000000003	3.0453715828604673
0.28600000000000003	3.0337913930632485
0.28700000000000003	3.02216192615008
0.28800000000000003	3.0104852534712014
0.28900000000000003	2.9987634069179174
0.29	2.986998379512403
0.291	2.9751921259897736
0.292	2.963346563379642
0.293	2.951463571585791
0.294	2.9395449939501823
0.295	2.927592637813415
0.296	2.9156082750842707
0.297	2.903593642781688
0.298	2.8915504435858224
0.299	2.879480346378875
0.3	2.867384986775474
0.301	2.8552659676614143
0.302	2.843124859704617
0.303	2.830963201880084
0.304	2.818782501979501
0.305	2.806584237109249
0.306	2.7943698542019892
0.307	2.7821407704959866
0.308	2.7698983740286276
0.309	2.7576440241139655
0.31	2.7453790518231873
0.311	2.733104760438663
0.312	2.7208224259349354
0.313	2.7085332974141783
0.314	2.6962385975775813
0.315	2.6839395231474428
0.316	2.671637245322052
0.317	2.6593329102000807
0.318	2.647027639205183
0.319	2.634722529512055
0.32	2.622418654452868
0.321	2.610117063933927
0.322	2.597818784828734
0.323	2.585524821383274
0.324	2.5732361556039542
0.325	2.560953747639599
0.326	2.548678536167727
0.327	2.5364114387600436
0.328	2.5241533522630766
0.329	2.511905153147902
0.33	2.4996676978792927
0.331	2.4874418232591786
0.332	2.4752283467790877
0.333	2.463028066963291
0.334	2.450841763699837
0.335	2.4386701985733614
0.336	2.426514115196325
0.337	2.4143742395230285
0.338	2.4022512801739615
0.339	2.390145928738745
0.34	2.3780588600886796
0.341	2.36599073267593
0.342	2.353942188830619
0.343	2.3419138550537433
0.34400000000000003	2.329906342303723
0.34500000000000003	2.3179202462792925
0.34600000000000003	2.305956147700722
0.34700000000000003	2.294014612579971
0.34800000000000003	2.2820961924924057
0.34900000000000003	2.2702014248398497
0.35000000000000003	2.2583308331153074
0.35100000000000003	2.2464849271554677
0.352	2.234664203398221
0.353	2.2228691451240916
0.354	2.211100222706136
0.355	2.199357893848447
0.356	2.1876426038217485
0.357	2.1759547856980355
0.358	2.1642948605752013
0.359	2.152663237804581
0.36	2.141060315211396
0.361	2.1294864793139494
0.362	2.1179421055336243
0.363	2.106427558407395
0.364	2.0949431917899966
0.365	2.0834893490691475
0.366	2.0720663633478815
0.367	2.060674557657577
0.368	2.04931424513381
0.369	2.0379857292256287
0.37	2.0266893038638867
0.371	2.01542525365548
0.372	2.0041938540608704
0.373	1.9929953715681643
0.374	1.981830063872207
0.375	1.9706981800413519
0.376	1.9595999606871524
0.377	1.9485356381302987
0.378	1.9375054365603879
0.379	1.926509572202801
0.38	1.9155482534607209
0.381	1.9046216810883791
0.382	1.8937300483243018
0.383	1.8828735410553663
0.384	1.872052337950884
0.385	1.8612666106124538
0.386	1.8505165237159813
0.387	1.8398022351432584
0.388	1.8291238961299343
0.389	1.8184816513876967
0.39	1.8078756392436794
0.391	1.7973059917607648
0.392	1.7867728348777219
0.393	1.776276288521363
0.394	1.7658164667373892
0.395	1.7553934778024414
0.396	1.7450074243522298
0.397	1.7346584034904549
0.398	1.7243465069008537
0.399	1.7140718209718877
0.4	1.7038344268908303
0.401	1.6936344007607262
0.402	1.6834718137029367
0.403	1.6733467319682513
0.404	1.6632592170289915
0.405	1.6532093256871974
0.406	1.643197110166001
0.40700000000000003	1.6332226182212584
0.40800000000000003	1.6232858932168417
0.40900000000000003	1.613386974228648
0.41000000000000003	1.6035258961440138
0.41100000000000003	1.5937026897329345
0.41200000000000003	1.5839173817570849
0.41300000000000003	1.5741699950389512
0.41400000000000003	1.5644605485556056
0.41500000000000004	1.5547890575323768
0.41600000000000004	1.5451555334979883
0.41700000000000004	1.5355599843953538
0.418	1.5260024146422513
0.419	1.5164828252159073
0.42	1.5070012137234847
0.421	1.497557574489385
0.422	1.4881518986160236
0.423	1.4787841740624639
0.424	1.469454385713338
0.425	1.4601625154518425
0.426	1.450908542224482
0.427	1.4416924421092605
0.428	1.4325141883837669
0.429	1.4233737515845948
0.43	1.414271099579919
0.431	1.4052061976194106
0.432	1.3961790084090075
0.433	1.3871894921578025
0.434	1.3782376066530204
0.435	1.3693233072946884
0.436	1.3604465471814753
0.437	1.351607277138782
0.438	1.342805445792049
0.439	1.3340409996137486
0.44	1.32531388297351
0.441	1.316624038198687
0.442	1.307971405609966
0.443	1.299355923589455
0.444	1.290777528615038
0.445	1.282236155316661
0.446	1.2737317365189396
0.447	1.265264203288359
0.448	1.2568334849799527
0.449	1.248439509280953
0.45	1.2400822022530844
0.451	1.2317614883789285
0.452	1.2234772905959674
0.453	1.215229530350572
0.454	1.2070181276225433
0.455	1.1988430009832776
0.456	1.1907040676112202
0.457	1.1826012433579705
0.458	1.1745344427590356
0.459	1.166503579087716
0.46	1.1585085643849704
0.461	1.1505493094954438
0.462	1.1426257241008846
0.463	1.134737716755752
0.464	1.1268851949198002
0.465	1.1190680649932674
0.466	1.111286232339643
0.467	1.1035396013342251
0.468	1.0958280753722656
0.46900000000000003	1.0881515569218103
0.47000000000000003	1.0805099475362308
0.47100000000000003	1.0729031478929663
0.47200000000000003	1.0653310578171236
0.47300000000000003	1.0577935763130153
0.47400000000000003	1.0502906015867146
0.47500000000000003	1.0428220310766536
0.47600000000000003	1.0353877614813993
0.47700000000000004	1.027987688776155
0.47800000000000004	1.020621708255156
0.47900000000000004	1.0132897145341768
0.48	1.0059916015944939
0.481	0.9987272627955219
0.482	0.9914965909034275
0.483	0.9842994781083579
0.484	0.9771358160520112
0.485	0.970005495850609
0.486	0.9629084081095175
0.487	0.9558444429460115
0.488	0.9488134900197671
0.489	0.9418154385394416
0.49	0.9348501772891963
0.491	0.9279175946524032
0.492	0.9210175786173868
0.493	0.9141500168130349
0.494	0.9073147965059782
0.495	0.9005118046466436
0.496	0.8937409278570346
0.497	0.8870020524727128
0.498	0.8802950645338158
0.499	0.8736198498335117
0.5	0.8669762939025442
0.5009999999999999	0.8603642820480787
0.502	0.853783699354852
0.5029999999999999	0.8472344307082498
0.504	0.8407163608057936
0.5049999999999999	0.8342293741696728
0.506	0.8277733551663761
0.5069999999999999	0.8213481880190141
0.508	0.8149537568128539
0.5089999999999999	0.808589945520904
0.51	0.8022566380128947
0.5109999999999999	0.7959537180573665
0.512	0.7896810693513276
0.5129999999999999	0.7834385755206718
0.514	0.7772261201349018
0.5149999999999999	0.7710435867208103
0.516	0.7648908587694758
0.5169999999999999	0.7587678197567306
0.518	0.7526743531374168
0.5189999999999999	0.7466103423774464
0.52	0.7405756709429395
0.5209999999999999	0.7345702223265412
0.522	0.728593880047943
0.5229999999999999	0.7226465276725753
0.524	0.7167280488048197
0.5249999999999999	0.710838327117353
0.526	0.7049772463469699
0.5269999999999999	0.6991446903083679
0.528	0.6933405428997858
0.5289999999999999	0.6875646881140728
0.53	0.6818170100480877
0.5309999999999999	0.676097392905831
0.532	0.6704057210093057
0.5329999999999999	0.66474187881251
0.534	0.6591057508926661
0.5349999999999999	0.6534972219771618
0.536	0.6479161769322727
0.5369999999999999	0.6423625007880156
0.538	0.6368360787289592
0.5389999999999999	0.6313367961111409
0.54	0.6258645384633201
0.5409999999999999	0.6204191914997182
0.542	0.6150006411158421
0.5429999999999999	0.6096087734028938
0.544	0.6042434746523665
0.5449999999999999	0.598904631358968
0.546	0.5935921302316899
0.5469999999999999	0.5883058581835737
0.548	0.5830457023663809
0.5489999999999999	0.577811550143024
0.55	0.5726032891184769
0.5509999999999999	0.5674208071205602
0.552	0.5622639922348203
0.5529999999999999	0.5571327327794663
0.554	0.5520269173266734
0.5549999999999999	0.5469464347048806
0.556	0.5418911740006696
0.5569999999999999	0.5368610245570946
0.558	0.5318558759945677
0.5589999999999999	0.5268756181974916
0.56	0.5219201413224058
0.5609999999999999	0.5169893358169918
0.562	0.5120830923902063
0.563	0.5072013020561424
0.5640000000000001	0.5023438561049971
0.565	0.49751064612500145
0.5660000000000001	0.49270156399615544
0.567	0.487916501896702
0.5680000000000001	0.4831553523114813
0.569	0.4784180080225323
0.5700000000000001	0.47370436211911765
0.571	0.46901430800879307
0.5720000000000001	0.4643477393965219
0.573	0.459704550319136
0.5740000000000001	0.45508463511421643
0.575	0.4504878884516306
0.5760000000000001	0.4459142053166151
0.577	0.4413634810204266
0.5779999999999998	0.4368356111965836
0.579	0.4323304918144409
0.5799999999999998	0.4278480191668678
0.581	0.423388089881944
0.5819999999999999	0.4189506009206614
0.583	0.4145354495804758
0.5839999999999999	0.4101425334919641
0.585	0.4057717506365778
0.5859999999999999	0.4014229993203267
0.587	0.3970961782026013
0.5879999999999999	0.3927911862819702
0.589	0.38850792290140196
0.5899999999999999	0.3842462877559923
0.591	0.38000618087667376
0.5919999999999999	0.3757875026554868
0.593	0.3715901538228149
0.5939999999999999	0.36741403547161156
0.595	0.36325904903379963
0.5959999999999999	0.3591250963063785
0.597	0.355012079430747
0.5979999999999999	0.3509199009075324
0.599	0.34684846358823607
0.5999999999999999	0.34279767068880934
0.601	0.3387674257721091
0.6019999999999999	0.33475763276544224
0.603	0.3307681959494959
0.6039999999999999	0.3267990199675272
0.605	0.32285000981826245
0.6059999999999999	0.31892107086404187
0.607	0.31501210882225716
0.6079999999999999	0.31112302977307893
0.609	0.30725374016050067
0.6099999999999999	0.3034041467850293
0.611	0.2995741568097416
0.6119999999999999	0.2957636777613288
0.613	0.2919726175215331
0.6139999999999999	0.2882008843461539
0.615	0.2844483868418646
0.6159999999999999	0.28071503398187697
0.617	0.2770007350996752
0.6179999999999999	0.2733053998963262
0.619	0.26962893842648594
0.6199999999999999	0.2659712611157346
0.621	0.2623322787417797
0.6219999999999999	0.2587119024561768
0.623	0.25511004376240004
0.6239999999999999	0.25152661452879066
0.625	0.24796152698375398
0.6259999999999999	0.2444146937253661
0.627	0.24088602769735604
0.6279999999999999	0.2373754422170921
0.629	0.23388285095553177
0.6299999999999999	0.2304081679462026
0.631	0.22695130758123389
0.6319999999999999	0.22351218461344527
0.633	0.22009071415279607
0.6339999999999999	0.21668681166659443
0.635	0.21330039298283862
0.6359999999999999	0.20993137428771114
0.637	0.20657967211659764
0.6379999999999999	0.20324520337539045
0.639	0.19992788530978667
0.6399999999999999	0.19662763553264817
0.641	0.19334437200791993
0.6419999999999999	0.19007801305125652
0.643	0.18682847733566113
0.6439999999999999	0.183595683882296
0.645	0.18037955207259604
0.6459999999999999	0.1771800016273834
0.647	0.17399695263234752
0.6479999999999999	0.170830325512774
0.649	0.1676800410475377
0.6499999999999999	0.16454602036012206
0.651	0.16142818493323885
0.6519999999999999	0.1583264565812595
0.653	0.1552407574800811
0.6539999999999999	0.15217101013684275
0.655	0.14911713741269048
0.6559999999999999	0.1460790625142144
0.657	0.14305670898196152
0.6579999999999999	0.14005000070756204
0.659	0.13705886191890043
0.6599999999999999	0.13408321718867872
0.661	0.1311229914246002
0.6619999999999999	0.12817810987333764
0.663	0.12524849812763442
0.6639999999999999	0.1223340821043748
0.665	0.11943478806776668
0.6659999999999999	0.11655054260866521
0.667	0.11368127266107204
0.6679999999999999	0.11082690548041473
0.669	0.10798736866380537
0.6699999999999999	0.10516259013897147
0.671	0.10235249815652835
0.6719999999999999	0.09955702130459883
0.673	0.09677608849690865
0.6739999999999999	0.09400962897048906
0.675	0.0912575722973726
0.6759999999999999	0.08851984836329002
0.677	0.08579638738834681
0.6779999999999999	0.08308711990968842
0.679	0.08039197679403132
0.6799999999999999	0.07771088921301839
0.681	0.07504378868248338
0.6819999999999999	0.07239060701399687
0.683	0.06975127635162444
0.6839999999999999	0.0671257291497883
0.685	0.06451389818120365
0.6859999999999999	0.06191571653520787
0.687	0.05933111760773553
0.688	0.05676003511468506
0.6890000000000001	0.054202403080222915
0.69	0.05165815583824556
0.6910000000000001	0.049127228034467986
0.692	0.04660955461702536
0.6930000000000001	0.04410507085213696
0.694	0.041613712295910994
0.6950000000000001	0.03913541482880543
0.696	0.036670114615319244
0.6970000000000001	0.03421774813824443
0.698	0.03177825216963532
0.6990000000000001	0.02935156379085854
0.7	0.026937620381314944
0.7010000000000001	0.02453635961405364
0.702	0.022147719460784504
0.7030000000000001	0.019771638188118813
0.704	0.01740805436592339
0.7049999999999998	0.015056906842049304
0.706	0.012718134772615656
0.7069999999999999	0.010391677594858604
0.708	0.008077475036947484
0.7089999999999999	0.005775467122788443
0.71	0.00348559415615156
0.7109999999999999	0.00120779673612602
0.712	0.
0.7129999999999999	0.
0.714	0.
0.7149999999999999	0.
0.716	0.
0.7169999999999999	0.
0.718	0.
0.7189999999999999	0.
0.72	0.
0.7209999999999999	0.
0.722	0.
0.7229999999999999	0.
0.724	0.
0.7249999999999999	0.
0.726	0.
0.7269999999999999	0.
0.728	0.
0.7289999999999999	0.
0.73	0.
0.7309999999999999	0.
0.732	0.
0.7329999999999999	0.
0.734	0.
0.7349999999999999	0.
0.736	0.
0.7369999999999999	0.
0.738	0.
0.7389999999999999	0.
0.74	0.
0.7409999999999999	0.
0.742	0.
0.7429999999999999	0.
0.744	0.
0.7449999999999999	0.
0.746	0.
0.7469999999999999	0.
0.748	0.
0.7489999999999999	0.
0.75	0.
0.7509999999999999	0.
0.752	0.
0.7529999999999999	0.
0.754	0.
0.7549999999999999	0.
0.756	0.
0.7569999999999999	0.
0.758	0.
0.7589999999999999	0.
0.76	0.
0.7609999999999999	0.
0.762	0.
0.7629999999999999	0.
0.764	0.
0.7649999999999999	0.
0.766	0.
0.7669999999999999	0.
0.768	0.
0.7689999999999999	0.
0.77	0.
0.7709999999999999	0.
0.772	0.
0.7729999999999999	0.
0.774	0.
0.7749999999999999	0.
0.776	0.
0.7769999999999999	0.
0.778	0.
0.7789999999999999	0.
0.78	0.
0.7809999999999999	0.
0.782	0.
0.7829999999999999	0.
0.784	0.
0.7849999999999999	0.
0.786	0.
0.7869999999999999	0.
0.788	0.
0.7889999999999999	0.
0.79	0.
0.7909999999999999	0.
0.792	0.
0.7929999999999999	0.
0.794	0.
0.7949999999999999	0.
0.796	0.
0.7969999999999999	0.
0.798	0.
0.7989999999999999	0.
0.8	0.
0.8009999999999999	0.
0.802	0.
0.8029999999999999	0.
0.804	0.
0.8049999999999999	0.
0.806	0.
0.8069999999999999	0.
0.808	0.
0.8089999999999999	0.
0.81	0.
0.8109999999999999	0.
0.812	0.
0.813	0.
0.8140000000000001	0.
0.815	0.
0.8160000000000001	0.
0.817	0.
0.8180000000000001	0.
0.819	0.
0.8200000000000001	0.
0.821	0.
0.8220000000000001	0.
0.823	0.
0.8240000000000001	0.
0.825	0.
0.8260000000000001	0.
0.827	0.
0.8280000000000001	0.
0.829	0.
0.8300000000000001	0.
0.831	0.
0.8320000000000001	0.
0.833	0.
0.8339999999999999	0.
0.835	0.
0.8359999999999999	0.
0.837	0.
0.8379999999999999	0.
0.839	0.
0.8399999999999999	0.
0.841	0.
0.8419999999999999	0.
0.843	0.
0.8439999999999999	0.
0.845	0.
0.8459999999999999	0.
0.847	0.
0.8479999999999999	0.
0.849	0.
0.8499999999999999	0.
0.851	0.
0.8519999999999999	0.
0.853	0.
0.8539999999999999	0.
0.855	0.
0.8559999999999999	0.
0.857	0.
0.8579999999999999	0.
0.859	0.
0.8599999999999999	0.
0.861	0.
0.8619999999999999	0.
0.863	0.
0.8639999999999999	0.
0.865	0.
0.8659999999999999	0.
0.867	0.
0.8679999999999999	0.
0.869	0.
0.8699999999999999	0.
0.871	0.
0.8719999999999999	0.
0.873	0.
0.8739999999999999	0.
0.875	0.
0.8759999999999999	0.
0.877	0.
0.8779999999999999	0.
0.879	0.
0.8799999999999999	0.
0.881	0.
0.8819999999999999	0.
0.883	0.
0.8839999999999999	0.
0.885	0.
0.8859999999999999	0.
0.887	0.
0.8879999999999999	0.
0.889	0.
0.8899999999999999	0.
0.891	0.
0.8919999999999999	0.
0.893	0.
0.8939999999999999	0.
0.895	0.
0.8959999999999999	0.
0.897	0.
0.8979999999999999	0.
0.899	0.
0.8999999999999999	0.
0.901	0.
0.9019999999999999	0.
0.903	0.
0.9039999999999999	0.
0.905	0.
0.9059999999999999	0.
0.907	0.
0.9079999999999999	0.
0.909	0.
0.9099999999999999	0.
0.911	0.
0.9119999999999999	0.
0.913	0.
0.9139999999999999	0.
0.915	0.
0.9159999999999999	0.
0.917	0.
0.9179999999999999	0.
0.919	0.
0.9199999999999999	0.
0.921	0.
0.9219999999999999	0.
0.923	0.
0.9239999999999999	0.
0.925	0.
0.9259999999999999	0.
0.927	0.
0.9279999999999999	0.
0.929	0.
0.9299999999999999	0.
0.931	0.
0.9319999999999999	0.
0.933	0.
0.9339999999999999	0.
0.935	0.
0.9359999999999999	0.
0.937	0.
0.938	0.
0.9390000000000001	0.
0.94	0.
0.9410000000000001	0.
0.942	0.
0.9430000000000001	0.
0.944	0.
0.9450000000000001	0.
0.946	0.
0.9470000000000001	0.
0.948	0.
0.9490000000000001	0.
0.95	0.
0.9510000000000001	0.
0.952	0.
0.9530000000000001	0.
0.954	0.
0.9550000000000001	0.
0.956	0.
0.9570000000000001	0.
0.958	0.
0.9590000000000001	0.
0.96	0.
0.9609999999999999	0.
0.962	0.
0.9629999999999999	0.
0.964	0.
0.9649999999999999	0.
0.966	0.
0.9669999999999999	0.
0.968	0.
0.9689999999999999	0.
0.97	0.
0.9709999999999999	0.
0.972	0.
0.9729999999999999	0.
0.974	0.
0.9749999999999999	0.
0.976	0.
0.9769999999999999	0.
0.978	0.
0.9789999999999999	0.
0.98	0.
0.9809999999999999	0.
0.982	0.
0.9829999999999999	0.
0.984	0.
0.9849999999999999	0.
0.986	0.
0.9869999999999999	0.
0.988	0.
0.9889999999999999	0.
0.99	0.
0.9909999999999999	0.
0.992	0.
0.9929999999999999	0.
0.994	0.
0.9949999999999999	0.
0.996	0.
0.9969999999999999	0.
0.998	0.
0.9989999999999999	0.
1.	0