0	0
0.001	1.54102561305068e-11
0.002	0.000015043141613276762
0.003	0.0018532729566514434
0.004	0.022240951707727594
0.005	0.09786448668004734
0.006	0.2577679754965726
0.007	0.507116754348192
0.008	0.8330490196336465
0.009000000000000001	1.2150988402187886
0.010000000000000002	1.6322292678999695
0.011	2.0661610556607957
0.012	2.5024099060720544
0.013000000000000001	2.930199862717557
0.014000000000000002	3.341933353375743
0.015	3.7325563535502937
0.016	4.098965713781651
0.017	4.439509890988239
0.018000000000000002	4.753590548816895
0.019000000000000003	5.041354845448717
0.02	5.303462839063908
0.021	5.540914462637451
0.022	5.754922475163379
0.023	5.946820335575346
0.024	6.117996268931877
0.025	6.269846829559809
0.026000000000000002	6.403744872785658
0.027000000000000003	6.521018074618331
0.028	6.622935196308149
0.029	6.710697892682801
0.03	6.785436530740164
0.031	6.848208853812141
0.032	6.900000571121656
0.033	6.941727328784159
0.034	6.974237535757192
0.035	6.9983157163755365
0.036000000000000004	7.014686200357026
0.037000000000000005	7.0240168837032755
0.038	7.026923048434923
0.039	7.023971076203113
0.04	7.015682010251998
0.041	7.002535018330797
0.042	6.984970573563345
0.043000000000000003	6.963393492764359
0.044	6.938175796847911
0.045	6.909659282491542
0.046	6.8781579853283334
0.047	6.843960444437586
0.048	6.807331723669322
0.049	6.768515368953396
0.05	6.727735139965804
0.051000000000000004	6.685196632709602
0.052000000000000005	6.641088740068636
0.053000000000000005	6.59558503115248
0.054	6.54884498591518
0.055	6.501015133376625
0.056	6.452230096913326
0.057	6.402613575552551
0.058	6.352279193174401
0.059000000000000004	6.301331298928918
0.06	6.249865764881078
0.061	6.197970585977663
0.062	6.145726559735365
0.063	6.093207828426103
0.064	6.040482409789646
0.065	5.987612678980875
0.066	5.93465580533675
0.067	5.881664187458755
0.068	5.828685761460968
0.069	5.775764418571137
0.07	5.722940260083363
0.07100000000000001	5.670249930201988
0.07200000000000001	5.617726877413871
0.07300000000000001	5.565401557977059
0.074	5.513301718830673
0.075	5.461452586596398
0.076	5.4098770377605385
0.077	5.358595812429844
0.078	5.307627648345779
0.079	5.256989454089908
0.08	5.2066964554678234
0.081	5.156762252084217
0.082	5.107199092038539
0.083	5.058017761705837
0.084	5.009227925135933
0.085	4.960838032597217
0.08600000000000001	4.912855503627067
0.08700000000000001	4.865286774345446
0.088	4.8181373921961175
0.089	4.771412064160896
0.09	4.725114747511653
0.091	4.679248647171433
0.092	4.633816377620594
0.093	4.588819908976185
0.094	4.544260673844011
0.095	4.500139578293206
0.096	4.4564570945475666
0.097	4.413213226219425
0.098	4.370407597133862
0.099	4.328039463820352
0.1	4.286107758882256
0.101	4.244611079923467
0.10200000000000001	4.203547799201598
0.10300000000000001	4.162915955183749
0.10400000000000001	4.122713419003314
0.10500000000000001	4.0829378427850616
0.106	4.043586612028693
0.107	4.004657073746139
0.108	3.9661462519879604
0.109	3.9280511661575273
0.11	3.890368616038069
0.111	3.8530953474482823
0.112	3.8162279490351905
0.113	3.7797629581039174
0.114	3.743696801980482
0.115	3.70802584498565
0.116	3.672746414200723
0.117	3.63785473951977
0.11800000000000001	3.6033470249176247
0.11900000000000001	3.5692194435763476
0.12	3.5354681075056877
0.121	3.502089148314284
0.122	3.469078622880877
0.123	3.4364326251579684
0.124	3.404147187342401
0.125	3.3722183890769255
0.126	3.340642253323359
0.127	3.3094148348547012
0.128	3.278532211482051
0.129	3.2479904493468106
0.13	3.217785592084979
0.131	3.1879137656717482
0.132	3.158371084753049
0.133	3.1291536392281825
0.134	3.1002576281805934
0.135	3.071679177582678
0.136	3.0434145441359286
0.137	3.0154599137052425
0.138	2.987811528169662
0.139	2.960465719560374
0.14	2.9334187666239417
0.14100000000000001	2.9066670313252745
0.14200000000000002	2.880206887698346
0.14300000000000002	2.8540347512616235
0.14400000000000002	2.8281470752249835
0.14500000000000002	2.802540320761041
0.146	2.7772110526695646
0.147	2.7521557510616166
0.148	2.7273711018980182
0.149	2.702853633414247
0.15	2.6786000784432544
0.151	2.6546071121986516
0.152	2.630871494048443
0.153	2.6073899870764055
0.154	2.584159392951289
0.155	2.561176564605034
0.156	2.538438438972244
0.157	2.5159418784008554
0.158	2.493683913996303
0.159	2.471661482346195
0.16	2.4498716759155954
0.161	2.428311546996173
0.162	2.4069782114700238
0.163	2.385868837813103
0.164	2.36498059835424
0.165	2.3443107169293254
0.166	2.3238564556494348
0.167	2.3036151205991136
0.168	2.283584047774263
0.169	2.2637605770738767
0.17	2.2441421393640546
0.171	2.224726166285215
0.17200000000000001	2.205510109188282
0.17300000000000001	2.1864914859385345
0.17400000000000002	2.167667861636833
0.17500000000000002	2.1490367543553424
0.176	2.1305958163481904
0.177	2.1123426754025574
0.178	2.094274963914427
0.179	2.0763904438901455
0.18	2.0586868096353372
0.181	2.0411618302847723
0.182	2.023813279121585
0.183	2.006639053865942
0.184	1.9896369341603548
0.185	1.972804820467518
0.186	1.9561406685287734
0.187	1.9396423715461315
0.188	1.9233079081752678
0.189	1.9071353198969996
0.19	1.8911225751229237
0.191	1.8752677718284405
0.192	1.8595689678582463
0.193	1.8440242878846258
0.194	1.828631835972672
0.195	1.8133898138695623
0.196	1.7982963530071798
0.197	1.783349731097464
0.198	1.768548140366861
0.199	1.7538898328809849
0.2	1.7393731106428034
0.201	1.7249962933600518
0.202	1.7107576739729335
0.203	1.6966556562834652
0.20400000000000001	1.6826885619452268
0.20500000000000002	1.6688548396069487
0.20600000000000002	1.6551528824283883
0.20700000000000002	1.6415811435239578
0.20800000000000002	1.6281380780614427
0.20900000000000002	1.6148221783435743
0.21	1.6016319578385658
0.211	1.5885659260693885
0.212	1.5756226554643729
0.213	1.5628006808588304
0.214	1.5500986317946117
0.215	1.537515054239297
0.216	1.5250486505225533
0.217	1.5126979996426289
0.218	1.5004617783959857
0.219	1.4883387002484307
0.22	1.4763274282624925
0.221	1.4644266888953155
0.222	1.4526352205751463
0.223	1.440951794902086
0.224	1.429375109179678
0.225	1.4179040378789212
0.226	1.4065373260902396
0.227	1.3952738066554031
0.228	1.3841123044383847
0.229	1.373051676189932
0.23	1.362090790646519
0.231	1.3512285171595781
0.232	1.3404637532812198
0.233	1.3297954178433393
0.234	1.3192224198973124
0.23500000000000001	1.3087436986935117
0.23600000000000002	1.298358207138286
0.23700000000000002	1.2880649411586382
0.23800000000000002	1.2778628183873
0.23900000000000002	1.2677508931691233
0.24	1.257728144434961
0.241	1.2477935861144385
0.242	1.237946271721638
0.243	1.2281852127186086
0.244	1.2185095004442827
0.245	1.2089181962650526
0.246	1.1994103844059436
0.247	1.1899851181486676
0.248	1.180641580104434
0.249	1.171378821699971
0.25	1.1621960083233436
0.251	1.1530922547193352
0.252	1.1440667473834265
0.253	1.1351186129474156
0.254	1.126247017407337
0.255	1.1174512081602266
0.256	1.108730318108761
0.257	1.1000835575725603
0.258	1.0915101733756374
0.259	1.0830093552846154
0.26	1.0745803570901
0.261	1.0662224290667124
0.262	1.0579348138827909
0.263	1.049716759037416
0.264	1.041567567539931
0.265	1.0334865145822356
0.266	1.025472869238148
0.267	1.0175259658448492
0.268	1.0096450705026572
0.269	1.0018295393997325
0.27	0.9940786687008716
0.271	0.9863918131485074
0.272	0.9787683080234966
0.273	0.9712075124563172
0.274	0.9637087485669146
0.275	0.9562714252139773
0.276	0.9488949176635795
0.277	0.9415785620257335
0.278	0.9343218041698772
0.279	0.9271239899211658
0.28	0.9199845638305155
0.281	0.9129029156206365
0.28200000000000003	0.9058784679222165
0.28300000000000003	0.8989106583444182
0.28400000000000003	0.8919989040331945
0.28500000000000003	0.8851426386375206
0.28600000000000003	0.8783413441250907
0.28700000000000003	0.8715944296920196
0.28800000000000003	0.8649013977980293
0.28900000000000003	0.8582616891190107
0.29	0.8516747548816064
0.291	0.8451401339046606
0.292	0.8386572472130219
0.293	0.8322256407785824
0.294	0.8258447486229055
0.295	0.8195141554206014
0.296	0.8132333122905682
0.297	0.8070017349502154
0.298	0.8008189916691976
0.299	0.7946845307228073
0.3	0.7885979805553573
0.301	0.7825587915161606
0.302	0.7765665379435966
0.303	0.7706207988044187
0.304	0.7647210772275015
0.305	0.7588669836607725
0.306	0.7530580122818504
0.307	0.7472938098704727
0.308	0.7415739251021343
0.309	0.7358978892756349
0.31	0.7302653359176481
0.311	0.7246758391661198
0.312	0.7191290006342821
0.313	0.7136244052066425
0.314	0.7081616649039555
0.315	0.7027403832227177
0.316	0.6973601694080362
0.317	0.6920206232653653
0.318	0.686721424559088
0.319	0.6814621170081475
0.32	0.6762423766920137
0.321	0.671061835426788
0.322	0.6659201295865136
0.323	0.6608168805767587
0.324	0.6557517583899884
0.325	0.6507243763296718
0.326	0.6457344409172922
0.327	0.6407815636339161
0.328	0.635865429670488
0.329	0.630985690474044
0.33	0.6261420173971841
0.331	0.6213340815863754
0.332	0.6165615543189474
0.333	0.6118241570112011
0.334	0.607121488434376
0.335	0.6024533208678444
0.336	0.5978192791383196
0.337	0.5932190914554651
0.338	0.5886524402969451
0.339	0.5841190533310148
0.34	0.5796185951617503
0.341	0.5751507766787883
0.342	0.5707153253998432
0.343	0.5663119410034643
0.34400000000000003	0.5619403594751718
0.34500000000000003	0.557600263214026
0.34600000000000003	0.5532914059608522
0.34700000000000003	0.5490135025426782
0.34800000000000003	0.54476627712328
0.34900000000000003	0.5405494513077791
0.35000000000000003	0.5363627522107638
0.35100000000000003	0.5322059836751483
0.352	0.5280787919356053
0.353	0.5239809774920783
0.354	0.5199122526752
0.355	0.5158723887842163
0.356	0.5118611246608339
0.357	0.5078782097670822
0.358	0.5039233983143339
0.359	0.49999647284163146
0.36	0.4960971520574792
0.361	0.4922252267378601
0.362	0.4883804522641708
0.363	0.48456262149050106
0.364	0.480771444558515
0.365	0.4770067572765046
0.366	0.4732682953611675
0.367	0.46955584007410084
0.368	0.46586920028014855
0.369	0.46220813079800743
0.37	0.45857240778702096
0.371	0.4549618622782878
0.372	0.4513761949502698
0.373	0.447815290913009
0.374	0.4442789049441259
0.375	0.4407668360086944
0.376	0.43727885379753995
0.377	0.43381477231356724
0.378	0.4303744222749653
0.379	0.42695756557896125
0.38	0.4235640212345825
0.381	0.42019362101208235
0.382	0.4168461311972713
0.383	0.4135214022634691
0.384	0.4102191996395872
0.385	0.4069393922524369
0.386	0.4036817467577286
0.387	0.4004461220142205
0.388	0.39723229265219295
0.389	0.39404013039184715
0.39	0.39086943459987766
0.391	0.3877200272656947
0.392	0.38459173357769816
0.393	0.38148440348091744
0.394	0.3783978282056461
0.395	0.3753318755675977
0.396	0.37228637861887925
0.397	0.36926113300266944
0.398	0.366256024632252
0.399	0.3632708617391246
0.4	0.36030548709021465
0.401	0.3573597665875409
0.402	0.3544335129001101
0.403	0.35152657066230675
0.404	0.34863881453191825
0.405	0.3457700789840912
0.406	0.3429201982270853
0.40700000000000003	0.34008902640332683
0.40800000000000003	0.33727643996752105
0.40900000000000003	0.3344822680493303
0.41000000000000003	0.33170636023926076
0.41100000000000003	0.32894860122057146
0.41200000000000003	0.326208830908304
0.41300000000000003	0.32348689934480174
0.41400000000000003	0.32078268008643196
0.41500000000000004	0.31809605057114576
0.41600000000000004	0.315426824354742
0.41700000000000004	0.3127749105753829
0.418	0.3101401433436917
0.419	0.3075224284207731
0.42	0.3049216044964826
0.421	0.3023375363381925
0.422	0.29977011527316727
0.423	0.29721919757677934
0.424	0.2946846588267273
0.425	0.2921663797528568
0.426	0.28966423613695647
0.427	0.28717807455699845
0.428	0.2847078244298347
0.429	0.2822533190054259
0.43	0.279814467540001
0.431	0.2773911363723621
0.432	0.2749831975156194
0.433	0.27259056442307616
0.434	0.27021308391507504
0.435	0.2678506753766521
0.436	0.2655032017785842
0.437	0.26317056519566495
0.438	0.260852643937476
0.439	0.2585493268867161
0.44	0.25626049822125774
0.441	0.25398608318625543
0.442	0.25172592291204443
0.443	0.24947997253212578
0.444	0.2472480530927724
0.445	0.24503010994083593
0.446	0.24282603610748604
0.447	0.2406357122784816
0.448	0.23845902565089586
0.449	0.23629592528735446
0.45	0.2341462607542771
0.451	0.23200996023623272
0.452	0.22988688601688748
0.453	0.2277770071954013
0.454	0.22568017038415566
0.455	0.22359629822201593
0.456	0.22152529389175507
0.457	0.21946706746725314
0.458	0.21742151882153873
0.459	0.21538858411482598
0.46	0.21336811147759155
0.461	0.21136008537425244
0.462	0.2093643424670963
0.463	0.2073808465278635
0.464	0.20540945778964115
0.465	0.2034501768591081
0.466	0.2015028089009258
0.467	0.1995673455000853
0.468	0.197643666123181
0.46900000000000003	0.19573170896724235
0.47000000000000003	0.19383134572150215
0.47100000000000003	0.1919425453461928
0.47200000000000003	0.1900651995135318
0.47300000000000003	0.1881992134102036
0.47400000000000003	0.18634454030106945
0.47500000000000003	0.18450108550227873
0.47600000000000003	0.18266873829374258
0.47700000000000004	0.18084747668125267
0.47800000000000004	0.1790371618884537
0.47900000000000004	0.17723777966408974
0.48	0.17544918748936414
0.481	0.1736713556684075
0.482	0.17190418993737772
0.483	0.17014762878083706
0.484	0.1684015689257289
0.485	0.16666596243430956
0.486	0.16494072923571215
0.487	0.16322580732803746
0.488	0.16152110375736234
0.489	0.15982654900636684
0.49	0.15814207757458626
0.491	0.15646764029113366
0.492	0.15480312325413534
0.493	0.15314851763610093
0.494	0.15150368742696763
0.495	0.14986860167019536
0.496	0.14824322007851762
0.497	0.1466274001415251
0.498	0.14502114040090877
0.499	0.14342435809327417
0.5	0.14183697474671159
0.5009999999999999	0.14025895601880597
0.502	0.13869017464870378
0.5029999999999999	0.1371306606320654
0.504	0.13558026140042867
0.5049999999999999	0.13403896295523088
0.506	0.13250669560861092
0.5069999999999999	0.1309834203030046
0.508	0.12946899676052087
0.5089999999999999	0.12796346551595808
0.51	0.1264667147842596
0.5109999999999999	0.12497865115321347
0.512	0.12349929824050167
0.5129999999999999	0.12202853413849718
0.514	0.12056633172966229
0.5149999999999999	0.1191126087157733
0.516	0.11766732522785174
0.5169999999999999	0.1162304177110638
0.518	0.11480184777732118
0.5189999999999999	0.11338151706226876
0.52	0.11196942181615331
0.5209999999999999	0.11056546215953528
0.522	0.10916963892339922
0.5229999999999999	0.10778182991409083
0.524	0.10640202810200557
0.5249999999999999	0.10503015703333901
0.526	0.10366620320287176
0.5269999999999999	0.10231004906844146
0.528	0.10096169692751393
0.5289999999999999	0.09962108753523496
0.53	0.0982881439214456
0.5309999999999999	0.09696282620964036
0.532	0.09564510758766406
0.5329999999999999	0.09433491171117685
0.534	0.09303218365025048
0.5349999999999999	0.09173690490945711
0.536	0.09044900209591447
0.5369999999999999	0.08916844543224603
0.538	0.0878951468674236
0.5389999999999999	0.08662912599754244
0.54	0.08537026460451251
0.5409999999999999	0.08411856942502925
0.542	0.08287396513133248
0.5429999999999999	0.08163640757930356
0.544	0.08040587204349613
0.5449999999999999	0.07918226858037057
0.546	0.07796561825271847
0.5469999999999999	0.07675582627518185
0.548	0.07555285033486188
0.5489999999999999	0.07435665105418787
0.55	0.07316722418103086
0.5509999999999999	0.07198446521908372
0.552	0.07080836838650909
0.5529999999999999	0.06963888452618366
0.554	0.06847594430530728
0.5549999999999999	0.0673195861431516
0.556	0.06616966578303547
0.5569999999999999	0.06502617887024714
0.558	0.06388914129693601
0.5589999999999999	0.06275842828251374
0.56	0.06163404914028697
0.5609999999999999	0.06051594091306836
0.562	0.059404067073452416
0.563	0.058298416813048495
0.5640000000000001	0.05719891570841582
0.565	0.056105535224568646
0.5660000000000001	0.05501824538541678
0.567	0.053937002016733425
0.5680000000000001	0.052861755700744875
0.569	0.051792483069451584
0.5700000000000001	0.05072913794385503
0.571	0.04967170315242509
0.5720000000000001	0.04862011814232413
0.573	0.04757433883352079
0.5740000000000001	0.046534379497271454
0.575	0.0455001208584755
0.5760000000000001	0.0444716125091037
0.577	0.04344878449526807
0.5779999999999998	0.042431565276166754
0.579	0.04141997085341373
0.5799999999999998	0.04041396163997176
0.581	0.039413467392054494
0.5819999999999999	0.038418477464715425
0.583	0.03742898205216484
0.5839999999999999	0.036444895449013345
0.585	0.03546622065381619
0.5859999999999999	0.03449290069122745
0.587	0.03352493073018168
0.5879999999999999	0.032562275779218434
0.589	0.0316048529723606
0.5899999999999999	0.030652710295955073
0.591	0.029705737818100958
0.5919999999999999	0.02876395138255957
0.593	0.02782730505635886
0.5939999999999999	0.026895773244787587
0.595	0.025969322579859025
0.5959999999999999	0.025047892397765538
0.597	0.024131527550597102
0.5979999999999999	0.023220114711975545
0.599	0.022313665263421396
0.5999999999999999	0.021412145524253426
0.601	0.02051552388436992
0.6019999999999999	0.019623774740027203
0.603	0.018736834124125024
0.6039999999999999	0.017854742377264265
0.605	0.01697739873160033
0.6059999999999999	0.01610481594717625
0.607	0.015236960731705749
0.6079999999999999	0.014373791617898498
0.609	0.013515279701729017
0.6099999999999999	0.012661415689676003
0.611	0.011812169169081312
0.6119999999999999	0.010967487450922268
0.613	0.010127369134525376
0.6139999999999999	0.009291774255641452
0.615	0.008460677951186974
0.6159999999999999	0.007634061477126907
0.617	0.006811882162920772
0.6179999999999999	0.005994126767870655
0.619	0.005180780021345111
0.6199999999999999	0.004371771631169714
0.621	0.0035671282146570223
0.6219999999999999	0.0027667881271193455
0.623	0.001970747464176637
0.6239999999999999	0.0011789600425291984
0.625	0.00039143860157448215
0.6259999999999999	0.
0.627	0.
0.6279999999999999	0.
0.629	0.
0.6299999999999999	0.
0.631	0.
0.6319999999999999	0.
0.633	0.
0.6339999999999999	0.
0.635	0.
0.6359999999999999	0.
0.637	0.
0.6379999999999999	0.
0.639	0.
0.6399999999999999	0.
0.641	0.
0.6419999999999999	0.
0.643	0.
0.6439999999999999	0.
0.645	0.
0.6459999999999999	0.
0.647	0.
0.6479999999999999	0.
0.649	0.
0.6499999999999999	0.
0.651	0.
0.6519999999999999	0.
0.653	0.
0.6539999999999999	0.
0.655	0.
0.6559999999999999	0.
0.657	0.
0.6579999999999999	0.
0.659	0.
0.6599999999999999	0.
0.661	0.
0.6619999999999999	0.
0.663	0.
0.6639999999999999	0.
0.665	0.
0.6659999999999999	0.
0.667	0.
0.6679999999999999	0.
0.669	0.
0.6699999999999999	0.
0.671	0.
0.6719999999999999	0.
0.673	0.
0.6739999999999999	0.
0.675	0.
0.6759999999999999	0.
0.677	0.
0.6779999999999999	0.
0.679	0.
0.6799999999999999	0.
0.681	0.
0.6819999999999999	0.
0.683	0.
0.6839999999999999	0.
0.685	0.
0.6859999999999999	0.
0.687	0.
0.688	0.
0.6890000000000001	0.
0.69	0.
0.6910000000000001	0.
0.692	0.
0.6930000000000001	0.
0.694	0.
0.6950000000000001	0.
0.696	0.
0.6970000000000001	0.
0.698	0.
0.6990000000000001	0.
0.7	0.
0.7010000000000001	0.
0.702	0.
0.7030000000000001	0.
0.704	0.
0.7049999999999998	0.
0.706	0.
0.7069999999999999	0.
0.708	0.
0.7089999999999999	0.
0.71	0.
0.7109999999999999	0.
0.712	0.
0.7129999999999999	0.
0.714	0.
0.7149999999999999	0.
0.716	0.
0.7169999999999999	0.
0.718	0.
0.7189999999999999	0.
0.72	0.
0.7209999999999999	0.
0.722	0.
0.7229999999999999	0.
0.724	0.
0.7249999999999999	0.
0.726	0.
0.7269999999999999	0.
0.728	0.
0.7289999999999999	0.
0.73	0.
0.7309999999999999	0.
0.732	0.
0.7329999999999999	0.
0.734	0.
0.7349999999999999	0.
0.736	0.
0.7369999999999999	0.
0.738	0.
0.7389999999999999	0.
0.74	0.
0.7409999999999999	0.
0.742	0.
0.7429999999999999	0.
0.744	0.
0.7449999999999999	0.
0.746	0.
0.7469999999999999	0.
0.748	0.
0.7489999999999999	0.
0.75	0.
0.7509999999999999	0.
0.752	0.
0.7529999999999999	0.
0.754	0.
0.7549999999999999	0.
0.756	0.
0.7569999999999999	0.
0.758	0.
0.7589999999999999	0.
0.76	0.
0.7609999999999999	0.
0.762	0.
0.7629999999999999	0.
0.764	0.
0.7649999999999999	0.
0.766	0.
0.7669999999999999	0.
0.768	0.
0.7689999999999999	0.
0.77	0.
0.7709999999999999	0.
0.772	0.
0.7729999999999999	0.
0.774	0.
0.7749999999999999	0.
0.776	0.
0.7769999999999999	0.
0.778	0.
0.7789999999999999	0.
0.78	0.
0.7809999999999999	0.
0.782	0.
0.7829999999999999	0.
0.784	0.
0.7849999999999999	0.
0.786	0.
0.7869999999999999	0.
0.788	0.
0.7889999999999999	0.
0.79	0.
0.7909999999999999	0.
0.792	0.
0.7929999999999999	0.
0.794	0.
0.7949999999999999	0.
0.796	0.
0.7969999999999999	0.
0.798	0.
0.7989999999999999	0.
0.8	0.
0.8009999999999999	0.
0.802	0.
0.8029999999999999	0.
0.804	0.
0.8049999999999999	0.
0.806	0.
0.8069999999999999	0.
0.808	0.
0.8089999999999999	0.
0.81	0.
0.8109999999999999	0.
0.812	0.
0.813	0.
0.8140000000000001	0.
0.815	0.
0.8160000000000001	0.
0.817	0.
0.8180000000000001	0.
0.819	0.
0.8200000000000001	0.
0.821	0.
0.8220000000000001	0.
0.823	0.
0.8240000000000001	0.
0.825	0.
0.8260000000000001	0.
0.827	0.
0.8280000000000001	0.
0.829	0.
0.8300000000000001	0.
0.831	0.
0.8320000000000001	0.
0.833	0.
0.8339999999999999	0.
0.835	0.
0.8359999999999999	0.
0.837	0.
0.8379999999999999	0.
0.839	0.
0.8399999999999999	0.
0.841	0.
0.8419999999999999	0.
0.843	0.
0.8439999999999999	0.
0.845	0.
0.8459999999999999	0.
0.847	0.
0.8479999999999999	0.
0.849	0.
0.8499999999999999	0.
0.851	0.
0.8519999999999999	0.
0.853	0.
0.8539999999999999	0.
0.855	0.
0.8559999999999999	0.
0.857	0.
0.8579999999999999	0.
0.859	0.
0.8599999999999999	0.
0.861	0.
0.8619999999999999	0.
0.863	0.
0.8639999999999999	0.
0.865	0.
0.8659999999999999	0.
0.867	0.
0.8679999999999999	0.
0.869	0.
0.8699999999999999	0.
0.871	0.
0.8719999999999999	0.
0.873	0.
0.8739999999999999	0.
0.875	0.
0.8759999999999999	0.
0.877	0.
0.8779999999999999	0.
0.879	0.
0.8799999999999999	0.
0.881	0.
0.8819999999999999	0.
0.883	0.
0.8839999999999999	0.
0.885	0.
0.8859999999999999	0.
0.887	0.
0.8879999999999999	0.
0.889	0.
0.8899999999999999	0.
0.891	0.
0.8919999999999999	0.
0.893	0.
0.8939999999999999	0.
0.895	0.
0.8959999999999999	0.
0.897	0.
0.8979999999999999	0.
0.899	0.
0.8999999999999999	0.
0.901	0.
0.9019999999999999	0.
0.903	0.
0.9039999999999999	0.
0.905	0.
0.9059999999999999	0.
0.907	0.
0.9079999999999999	0.
0.909	0.
0.9099999999999999	0.
0.911	0.
0.9119999999999999	0.
0.913	0.
0.9139999999999999	0.
0.915	0.
0.9159999999999999	0.
0.917	0.
0.9179999999999999	0.
0.919	0.
0.9199999999999999	0.
0.921	0.
0.9219999999999999	0.
0.923	0.
0.9239999999999999	0.
0.925	0.
0.9259999999999999	0.
0.927	0.
0.9279999999999999	0.
0.929	0.
0.9299999999999999	0.
0.931	0.
0.9319999999999999	0.
0.933	0.
0.9339999999999999	0.
0.935	0.
0.9359999999999999	0.
0.937	0.
0.938	0.
0.9390000000000001	0.
0.94	0.
0.9410000000000001	0.
0.942	0.
0.9430000000000001	0.
0.944	0.
0.9450000000000001	0.
0.946	0.
0.9470000000000001	0.
0.948	0.
0.9490000000000001	0.
0.95	0.
0.9510000000000001	0.
0.952	0.
0.9530000000000001	0.
0.954	0.
0.9550000000000001	0.
0.956	0.
0.9570000000000001	0.
0.958	0.
0.9590000000000001	0.
0.96	0.
0.9609999999999999	0.
0.962	0.
0.9629999999999999	0.
0.964	0.
0.9649999999999999	0.
0.966	0.
0.9669999999999999	0.
0.968	0.
0.9689999999999999	0.
0.97	0.
0.9709999999999999	0.
0.972	0.
0.9729999999999999	0.
0.974	0.
0.9749999999999999	0.
0.976	0.
0.9769999999999999	0.
0.978	0.
0.9789999999999999	0.
0.98	0.
0.9809999999999999	0.
0.982	0.
0.9829999999999999	0.
0.984	0.
0.9849999999999999	0.
0.986	0.
0.9869999999999999	0.
0.988	0.
0.9889999999999999	0.
0.99	0.
0.9909999999999999	0.
0.992	0.
0.9929999999999999	0.
0.994	0.
0.9949999999999999	0.
0.996	0.
0.9969999999999999	0.
0.998	0.
0.9989999999999999	0.
1.	0