0	0
0.001	140.90641337433368
0.002	98.0025794627304
0.003	71.17906499801097
0.004	55.158758155766094
0.005	44.6527717625283
0.006	37.27296000404227
0.007	31.824156295404173
0.008	27.647597056925314
0.009000000000000001	24.351744840416217
0.010000000000000002	21.689760398500045
0.011	19.498537590861165
0.012	17.666094394145937
0.013000000000000001	16.113069272833588
0.014000000000000002	14.781694717915634
0.015	13.628950533314052
0.016	12.622160894480142
0.017	11.736076166317744
0.018000000000000002	10.950887298717493
0.019000000000000003	10.250843227933814
0.02	9.623268282982645
0.021	9.057851029508866
0.022	8.546121083025836
0.023	8.081058487194683
0.024	7.6567981385379635
0.025	7.26840338663059
0.026000000000000002	6.911690674204211
0.027000000000000003	6.583092311189481
0.028	6.279548070554382
0.029	5.998418800823612
0.03	5.737417023443446
0.031	5.494550753585309
0.032	5.2680777040318425
0.033	5.056467706969011
0.034	4.858371688540861
0.035	4.672595905044411
0.036000000000000004	4.498080431739179
0.037000000000000005	4.333881110069814
0.038	4.179154323796709
0.039	4.033144101876836
0.04	3.895171145027316
0.041	3.7646234506195
0.042	3.6409482717589645
0.043000000000000003	3.523645195046283
0.044	3.4122601602825853
0.045	3.3063802765071424
0.046	3.205629313861447
0.047	3.1096637710958395
0.048	3.018169435141114
0.049	2.9308583626738827
0.05	2.847466224783535
0.051000000000000004	2.767749965003408
0.052000000000000005	2.6914857285975673
0.053000000000000005	2.6184670273090545
0.054	2.5485031090776764
0.055	2.481417506605238
0.056	2.4170467424363404
0.057	2.355239171285717
0.058	2.2958539430212457
0.059000000000000004	2.2387600719755842
0.06	2.1838356001162555
0.061	2.1309668433003393
0.062	2.0800477111811335
0.063	2.030979092542697
0.064	1.9836682989021956
0.065	1.9380285600315568
0.066	1.8939785659018888
0.067	1.851442050150436
0.068	1.810347410752455
0.069	1.7706273641485824
0.07	1.732218629401658
0.07100000000000001	1.6950616394297293
0.07200000000000001	1.6591002766628977
0.07300000000000001	1.6242816307499857
0.074	1.590555776215702
0.075	1.5578755681944918
0.076	1.5261964545465248
0.077	1.4954763028768385
0.078	1.4656752410688487
0.079	1.4367555101597769
0.08	1.4086813284462718
0.081	1.3814187658333077
0.082	1.3549356275662459
0.083	1.3292013465131933
0.084	1.3041868832977355
0.085	1.2798646336406194
0.08600000000000001	1.2562083422544486
0.08700000000000001	1.2331930228531307
0.088	1.2107948836828775
0.089	1.188991258214526
0.09	1.1677605405425127
0.091	1.1470821251327268
0.092	1.126936350602885
0.093	1.1073044472024296
0.094	1.0881684877258335
0.095	1.0695113415954114
0.096	1.0513166318873663
0.097	1.0335686950818295
0.098	1.0162525433265848
0.099	0.9993538290545072
0.1	0.9828588117795752
0.101	0.9667543269012142
0.10200000000000001	0.95102775640914
0.10300000000000001	0.9356670013249426
0.10400000000000001	0.9206604557810567
0.10500000000000001	0.9059969826213589
0.106	0.8916658904209187
0.107	0.8776569118203014
0.108	0.8639601831139225
0.109	0.8505662249725632
0.11	0.8374659242626483
0.111	0.8246505168720921
0.112	0.8121115714808693
0.113	0.799840974209107
0.114	0.7878309141248404
0.115	0.7760738694938834
0.116	0.7645625947895647
0.117	0.7532901083777135
0.11800000000000001	0.7422496808419536
0.11900000000000001	0.7314348239349074
0.12	0.7208392800685729
0.121	0.7104570123725601
0.122	0.7002821952360229
0.123	0.6903092053385277
0.124	0.6805326131113685
0.125	0.6709471746505353
0.126	0.6615478239928164
0.127	0.6523296657999068
0.128	0.6432879683662441
0.129	0.634418157004488
0.13	0.6257158076906512
0.131	0.6171766410667815
0.132	0.6087965166823078
0.133	0.6005714275304249
0.134	0.5924974948247053
0.135	0.5845709630176131
0.136	0.5767881950514319
0.137	0.5691456678192797
0.138	0.5616399678304071
0.139	0.5542677870772107
0.14	0.5470259190718112
0.14100000000000001	0.539911255067828
0.14200000000000002	0.5329207804487032
0.14300000000000002	0.5260515712644945
0.14400000000000002	0.5193007909220483
0.14500000000000002	0.5126656870233044
0.146	0.506143588327064
0.147	0.49973190184839783
0.148	0.49342811007917187
0.149	0.4872297683164087
0.15	0.4811345021119892
0.151	0.4751400048241623
0.152	0.46924403526103636
0.153	0.46344441544172954
0.154	0.4577390284151209
0.155	0.4521258161991613
0.156	0.44660277778827967
0.157	0.4411679672272081
0.158	0.43581949178471585
0.159	0.4305555101908617
0.16	0.4253742309250364
0.161	0.42027391060503183
0.162	0.4152528523976536
0.163	0.4103094045280145
0.164	0.40544195882187184
0.165	0.4006489493074613
0.166	0.39592885087694313
0.167	0.3912801779908249
0.168	0.3867014834321713
0.169	0.3821913571127222
0.17	0.37774842491104793
0.171	0.3733713475647342
0.17200000000000001	0.369058819597953
0.17300000000000001	0.36480956828576006
0.17400000000000002	0.3606223526585793
0.17500000000000002	0.3564959625444177
0.176	0.35242921764032764
0.177	0.3484209666133395
0.178	0.34447008625084596
0.179	0.3405754806173496
0.18	0.3367360802549693
0.181	0.3329508414072772
0.182	0.3292187452747273
0.183	0.3255387972835904
0.184	0.32191002639786803
0.185	0.3183314844336605
0.186	0.3148022454156211
0.187	0.3113214049392136
0.188	0.3078880795753903
0.189	0.3045014062593062
0.19	0.3011605417418814
0.191	0.29786466202975326
0.192	0.29461296185101593
0.193	0.2914046541426156
0.194	0.2882389695529274
0.195	0.28511515595728143
0.196	0.28203247798420567
0.197	0.2789902165783942
0.198	0.27598766854838314
0.199	0.2730241461481617
0.2	0.2700989766651456
0.201	0.2672115020241144
0.202	0.2643610783994094
0.203	0.2615470758420889
0.20400000000000001	0.25876887791646175
0.20500000000000002	0.25602588135113186
0.20600000000000002	0.25331749569640605
0.20700000000000002	0.25064314299744156
0.20800000000000002	0.24800225746873333
0.20900000000000002	0.24539428519036846
0.21	0.242818683801491
0.211	0.2402749222100636
0.212	0.23776248031211866
0.213	0.23528084871000407
0.214	0.2328295284520622
0.215	0.2304080307728673
0.216	0.2280158768342438
0.217	0.2256525974906202
0.218	0.22331773304388988
0.219	0.22101083302305347
0.22	0.2187314559432099
0.221	0.21647916910975737
0.222	0.21425354838921723
0.223	0.2120541780112024
0.224	0.20988065037194878
0.225	0.20773256583449745
0.226	0.20560953254227282
0.227	0.2035111662362329
0.228	0.20143709007514485
0.229	0.19938693447148922
0.23	0.19736033690068414
0.231	0.19535694176712967
0.232	0.19337640021510644
0.233	0.19141836999816877
0.234	0.1894825153124812
0.23500000000000001	0.18756850665437852
0.23600000000000002	0.1856760206814983
0.23700000000000002	0.1838047400674387
0.23800000000000002	0.18195435336847204
0.23900000000000002	0.18012455489561752
0.24	0.1783150445775589
0.241	0.17652552784343362
0.242	0.17475571550082103
0.243	0.17300532360926582
0.244	0.171274073374341
0.245	0.16956169102887386
0.246	0.1678679077226555
0.247	0.16619245942442964
0.248	0.16453508680758383
0.249	0.1628955351499055
0.25	0.16127355424193401
0.251	0.15966889828526556
0.252	0.1580813257935375
0.253	0.15651059951261312
0.254	0.1549564863237982
0.255	0.15341875715598846
0.256	0.15189718690172377
0.257	0.1503915543359215
0.258	0.14890164203773573
0.259	0.147427236301588
0.26	0.14596812707231044
0.261	0.14452410785852093
0.262	0.14309497567167306
0.263	0.14168053094322686
0.264	0.14028057746314057
0.265	0.13889492230295772
0.266	0.13752337575976883
0.267	0.13616575128688924
0.268	0.13482186542152294
0.269	0.13349153774267805
0.27	0.132174590787556
0.271	0.1308708500135974
0.272	0.12958014372257354
0.273	0.12830230302285572
0.274	0.12703716175439966
0.275	0.12578455645280087
0.276	0.12454432628454913
0.277	0.12331631300170691
0.278	0.12210036089100593
0.279	0.12089631672339053
0.28	0.1197040297080262
0.281	0.11852335144206591
0.28200000000000003	0.11735413586979378
0.28300000000000003	0.11619623923462405
0.28400000000000003	0.11504952003534222
0.28500000000000003	0.11391383898547171
0.28600000000000003	0.1127890589688452
0.28700000000000003	0.1116750450025434
0.28800000000000003	0.11057166418956409
0.28900000000000003	0.10947878568979819
0.29	0.1083962806776105
0.291	0.10732402229584807
0.292	0.1062618856332911
0.293	0.10520974768201011
0.294	0.10416748730209101
0.295	0.10313498518680654
0.296	0.10211212383225292
0.297	0.10109878750252128
0.298	0.10009486219375285
0.299	0.09910023561784102
0.3	0.09811479714728605
0.301	0.09713843780604153
0.302	0.0961710502308904
0.303	0.09521252864532342
0.304	0.09426276882805973
0.305	0.0933216680889346
0.306	0.09238912523920602
0.307	0.09146504056788902
0.308	0.09054931581496457
0.309	0.08964185413967665
0.31	0.08874256010825295
0.311	0.08785133965706701
0.312	0.08696810007790308
0.313	0.08609274998558337
0.314	0.0852251993065819
0.315	0.0843653592462052
0.316	0.08351314226849897
0.317	0.08266846208262926
0.318	0.08183123361073294
0.319	0.0810013729725129
0.32	0.0801787974684935
0.321	0.07936342555188979
0.322	0.07855517681833758
0.323	0.07775397197508364
0.324	0.0769597328338413
0.325	0.07617238228891102
0.326	0.07539184429463112
0.327	0.07461804385153573
0.328	0.07385090698827063
0.329	0.07309036074998386
0.33	0.07233633316773905
0.331	0.07158875325494324
0.332	0.07084755099328156
0.333	0.07011265730190736
0.334	0.0693840040323072
0.335	0.06866152396048678
0.336	0.06794515075459823
0.337	0.0672348189727076
0.338	0.06653046404783632
0.339	0.0658320222660818
0.34	0.06513943076349184
0.341	0.06445262750552459
0.342	0.06377155127454612
0.343	0.0630961416575511
0.34400000000000003	0.06242633903700911
0.34500000000000003	0.061762084572110784
0.34600000000000003	0.0611033201900608
0.34700000000000003	0.06044998857491476
0.34800000000000003	0.059802033153960356
0.34900000000000003	0.059159398084768396
0.35000000000000003	0.05852202824737858
0.35100000000000003	0.0578898692324668
0.352	0.0572628673225913
0.353	0.05664096949732766
0.354	0.056024123406477576
0.355	0.05541227737096191
0.356	0.054805380362504104
0.357	0.05420338200586267
0.358	0.05360623255695185
0.359	0.053013882901948424
0.36	0.05242628454389627
0.361	0.05184338959221306
0.362	0.05126515075621573
0.363	0.050691521336859884
0.364	0.05012245521334423
0.365	0.049557906836189436
0.366	0.04899783122634519
0.367	0.04844218395331068
0.368	0.047890921135581105
0.369	0.04734399943238708
0.37	0.04680137603320145
0.371	0.046263008650818144
0.372	0.04572885551108234
0.373	0.04519887535244384
0.374	0.04467302741300807
0.375	0.04415127141825675
0.376	0.043633567588638726
0.377	0.04311987661769054
0.378	0.04261015967359919
0.379	0.042104378391164855
0.38	0.04160249485661913
0.381	0.04110447161923461
0.382	0.040610271665203465
0.383	0.04011985842232589
0.384	0.03963319575398209
0.385	0.03915024794685298
0.386	0.03867097971092022
0.387	0.03819535616807991
0.388	0.03772334285303567
0.389	0.03725490569967976
0.39	0.03679001104287919
0.391	0.03632862560530335
0.392	0.035870716501889256
0.393	0.035416251223096995
0.394	0.03496519763781216
0.395	0.03451752398553173
0.396	0.034073198870336045
0.397	0.033632191257093415
0.398	0.03319447046543209
0.399	0.0327600061672844
0.4	0.03232876837840286
0.401	0.031900727457913676
0.402	0.03147585409514443
0.403	0.031054119321233534
0.404	0.030635494484125197
0.405	0.03021995126218821
0.406	0.029807461649704103
0.40700000000000003	0.029397997954634516
0.40800000000000003	0.028991532792369934
0.40900000000000003	0.028588039088855335
0.41000000000000003	0.028187490072106303
0.41100000000000003	0.027789859260376252
0.41200000000000003	0.027395120473319424
0.41300000000000003	0.027003247817925524
0.41400000000000003	0.02661421568606385
0.41500000000000004	0.026227998751357662
0.41600000000000004	0.025844571966281805
0.41700000000000004	0.025463910561269655
0.418	0.025085990035559485
0.419	0.024710786150273396
0.42	0.024338274939803572
0.421	0.023968432695960835
0.422	0.02360123596551878
0.423	0.023236661551330078
0.424	0.022874686502279768
0.425	0.022515288125341322
0.426	0.02215844395878543
0.427	0.021804131789594273
0.428	0.021452329641182256
0.429	0.021103015770716854
0.43	0.020756168667555818
0.431	0.02041176705190761
0.432	0.020069789865007966
0.433	0.019730216278720056
0.434	0.019393025673878315
0.435	0.019058197664623727
0.436	0.018725712061789232
0.437	0.01839554890348632
0.438	0.01806768842786733
0.439	0.017742111084288432
0.44	0.017418797522816432
0.441	0.01709772859891721
0.442	0.01677888536318578
0.443	0.01646224906491845
0.444	0.01614780114943368
0.445	0.01583552324780216
0.446	0.015525397188233045
0.447	0.015217404979775974
0.448	0.014911528817456075
0.449	0.014607751080487867
0.45	0.014306054328479844
0.451	0.014006421296969282
0.452	0.01370883489719898
0.453	0.01341327821611725
0.454	0.013119734510796434
0.455	0.012828187209102672
0.456	0.012538619903221375
0.457	0.012251016355461972
0.458	0.011965360488881008
0.459	0.011681636383263451
0.46	0.011399828290081116
0.461	0.011119920604808434
0.462	0.010841897887908885
0.463	0.010565744848537022
0.464	0.01029144635302235
0.465	0.01001898741147373
0.466	0.009748353185146958
0.467	0.009479528986221506
0.468	0.00921250026440493
0.46900000000000003	0.008947252618095853
0.47000000000000003	0.008683771784337286
0.47100000000000003	0.008422043640379441
0.47200000000000003	0.008162054204796022
0.47300000000000003	0.007903789628553846
0.47400000000000003	0.007647236198584991
0.47500000000000003	0.007392380337117016
0.47600000000000003	0.0071392085960914654
0.47700000000000004	0.006887707658949951
0.47800000000000004	0.006637864341080669
0.47900000000000004	0.006389665578432148
0.48	0.006143098435327341
0.481	0.00589815010513341
0.482	0.00565480789887547
0.483	0.005413059249701786
0.484	0.005172891715562891
0.485	0.0049342929658159965
0.486	0.004697250794397321
0.487	0.004461753106873022
0.488	0.00422778792512765
0.489	0.00399534338513155
0.49	0.0037644077315826248
0.491	0.0035349693275065117
0.492	0.003307016636842309
0.493	0.0030805382389544693
0.494	0.0028555228168000283
0.495	0.0026319591591611995
0.496	0.002409836161315157
0.497	0.0021891428241409936
0.498	0.0019698682427334697
0.499	0.0017520016276127003
0.5	0.0015355322723514717
0.5009999999999999	0.0013204495857246665
0.502	0.0011067430649180751
0.5029999999999999	0.0008944023060216134
0.504	0.0006834170026897609
0.5049999999999999	0.0004737769407833249
0.506	0.0002654720035044174
0.5069999999999999	0.00005849216603821808
0.508	0.
0.5089999999999999	0.
0.51	0.
0.5109999999999999	0.
0.512	0.
0.5129999999999999	0.
0.514	0.
0.5149999999999999	0.
0.516	0.
0.5169999999999999	0.
0.518	0.
0.5189999999999999	0.
0.52	0.
0.5209999999999999	0.
0.522	0.
0.5229999999999999	0.
0.524	0.
0.5249999999999999	0.
0.526	0.
0.5269999999999999	0.
0.528	0.
0.5289999999999999	0.
0.53	0.
0.5309999999999999	0.
0.532	0.
0.5329999999999999	0.
0.534	0.
0.5349999999999999	0.
0.536	0.
0.5369999999999999	0.
0.538	0.
0.5389999999999999	0.
0.54	0.
0.5409999999999999	0.
0.542	0.
0.5429999999999999	0.
0.544	0.
0.5449999999999999	0.
0.546	0.
0.5469999999999999	0.
0.548	0.
0.5489999999999999	0.
0.55	0.
0.5509999999999999	0.
0.552	0.
0.5529999999999999	0.
0.554	0.
0.5549999999999999	0.
0.556	0.
0.5569999999999999	0.
0.558	0.
0.5589999999999999	0.
0.56	0.
0.5609999999999999	0.
0.562	0.
0.563	0.
0.5640000000000001	0.
0.565	0.
0.5660000000000001	0.
0.567	0.
0.5680000000000001	0.
0.569	0.
0.5700000000000001	0.
0.571	0.
0.5720000000000001	0.
0.573	0.
0.5740000000000001	0.
0.575	0.
0.5760000000000001	0.
0.577	0.
0.5779999999999998	0.
0.579	0.
0.5799999999999998	0.
0.581	0.
0.5819999999999999	0.
0.583	0.
0.5839999999999999	0.
0.585	0.
0.5859999999999999	0.
0.587	0.
0.5879999999999999	0.
0.589	0.
0.5899999999999999	0.
0.591	0.
0.5919999999999999	0.
0.593	0.
0.5939999999999999	0.
0.595	0.
0.5959999999999999	0.
0.597	0.
0.5979999999999999	0.
0.599	0.
0.5999999999999999	0.
0.601	0.
0.6019999999999999	0.
0.603	0.
0.6039999999999999	0.
0.605	0.
0.6059999999999999	0.
0.607	0.
0.6079999999999999	0.
0.609	0.
0.6099999999999999	0.
0.611	0.
0.6119999999999999	0.
0.613	0.
0.6139999999999999	0.
0.615	0.
0.6159999999999999	0.
0.617	0.
0.6179999999999999	0.
0.619	0.
0.6199999999999999	0.
0.621	0.
0.6219999999999999	0.
0.623	0.
0.6239999999999999	0.
0.625	0.
0.6259999999999999	0.
0.627	0.
0.6279999999999999	0.
0.629	0.
0.6299999999999999	0.
0.631	0.
0.6319999999999999	0.
0.633	0.
0.6339999999999999	0.
0.635	0.
0.6359999999999999	0.
0.637	0.
0.6379999999999999	0.
0.639	0.
0.6399999999999999	0.
0.641	0.
0.6419999999999999	0.
0.643	0.
0.6439999999999999	0.
0.645	0.
0.6459999999999999	0.
0.647	0.
0.6479999999999999	0.
0.649	0.
0.6499999999999999	0.
0.651	0.
0.6519999999999999	0.
0.653	0.
0.6539999999999999	0.
0.655	0.
0.6559999999999999	0.
0.657	0.
0.6579999999999999	0.
0.659	0.
0.6599999999999999	0.
0.661	0.
0.6619999999999999	0.
0.663	0.
0.6639999999999999	0.
0.665	0.
0.6659999999999999	0.
0.667	0.
0.6679999999999999	0.
0.669	0.
0.6699999999999999	0.
0.671	0.
0.6719999999999999	0.
0.673	0.
0.6739999999999999	0.
0.675	0.
0.6759999999999999	0.
0.677	0.
0.6779999999999999	0.
0.679	0.
0.6799999999999999	0.
0.681	0.
0.6819999999999999	0.
0.683	0.
0.6839999999999999	0.
0.685	0.
0.6859999999999999	0.
0.687	0.
0.688	0.
0.6890000000000001	0.
0.69	0.
0.6910000000000001	0.
0.692	0.
0.6930000000000001	0.
0.694	0.
0.6950000000000001	0.
0.696	0.
0.6970000000000001	0.
0.698	0.
0.6990000000000001	0.
0.7	0.
0.7010000000000001	0.
0.702	0.
0.7030000000000001	0.
0.704	0.
0.7049999999999998	0.
0.706	0.
0.7069999999999999	0.
0.708	0.
0.7089999999999999	0.
0.71	0.
0.7109999999999999	0.
0.712	0.
0.7129999999999999	0.
0.714	0.
0.7149999999999999	0.
0.716	0.
0.7169999999999999	0.
0.718	0.
0.7189999999999999	0.
0.72	0.
0.7209999999999999	0.
0.722	0.
0.7229999999999999	0.
0.724	0.
0.7249999999999999	0.
0.726	0.
0.7269999999999999	0.
0.728	0.
0.7289999999999999	0.
0.73	0.
0.7309999999999999	0.
0.732	0.
0.7329999999999999	0.
0.734	0.
0.7349999999999999	0.
0.736	0.
0.7369999999999999	0.
0.738	0.
0.7389999999999999	0.
0.74	0.
0.7409999999999999	0.
0.742	0.
0.7429999999999999	0.
0.744	0.
0.7449999999999999	0.
0.746	0.
0.7469999999999999	0.
0.748	0.
0.7489999999999999	0.
0.75	0.
0.7509999999999999	0.
0.752	0.
0.7529999999999999	0.
0.754	0.
0.7549999999999999	0.
0.756	0.
0.7569999999999999	0.
0.758	0.
0.7589999999999999	0.
0.76	0.
0.7609999999999999	0.
0.762	0.
0.7629999999999999	0.
0.764	0.
0.7649999999999999	0.
0.766	0.
0.7669999999999999	0.
0.768	0.
0.7689999999999999	0.
0.77	0.
0.7709999999999999	0.
0.772	0.
0.7729999999999999	0.
0.774	0.
0.7749999999999999	0.
0.776	0.
0.7769999999999999	0.
0.778	0.
0.7789999999999999	0.
0.78	0.
0.7809999999999999	0.
0.782	0.
0.7829999999999999	0.
0.784	0.
0.7849999999999999	0.
0.786	0.
0.7869999999999999	0.
0.788	0.
0.7889999999999999	0.
0.79	0.
0.7909999999999999	0.
0.792	0.
0.7929999999999999	0.
0.794	0.
0.7949999999999999	0.
0.796	0.
0.7969999999999999	0.
0.798	0.
0.7989999999999999	0.
0.8	0.
0.8009999999999999	0.
0.802	0.
0.8029999999999999	0.
0.804	0.
0.8049999999999999	0.
0.806	0.
0.8069999999999999	0.
0.808	0.
0.8089999999999999	0.
0.81	0.
0.8109999999999999	0.
0.812	0.
0.813	0.
0.8140000000000001	0.
0.815	0.
0.8160000000000001	0.
0.817	0.
0.8180000000000001	0.
0.819	0.
0.8200000000000001	0.
0.821	0.
0.8220000000000001	0.
0.823	0.
0.8240000000000001	0.
0.825	0.
0.8260000000000001	0.
0.827	0.
0.8280000000000001	0.
0.829	0.
0.8300000000000001	0.
0.831	0.
0.8320000000000001	0.
0.833	0.
0.8339999999999999	0.
0.835	0.
0.8359999999999999	0.
0.837	0.
0.8379999999999999	0.
0.839	0.
0.8399999999999999	0.
0.841	0.
0.8419999999999999	0.
0.843	0.
0.8439999999999999	0.
0.845	0.
0.8459999999999999	0.
0.847	0.
0.8479999999999999	0.
0.849	0.
0.8499999999999999	0.
0.851	0.
0.8519999999999999	0.
0.853	0.
0.8539999999999999	0.
0.855	0.
0.8559999999999999	0.
0.857	0.
0.8579999999999999	0.
0.859	0.
0.8599999999999999	0.
0.861	0.
0.8619999999999999	0.
0.863	0.
0.8639999999999999	0.
0.865	0.
0.8659999999999999	0.
0.867	0.
0.8679999999999999	0.
0.869	0.
0.8699999999999999	0.
0.871	0.
0.8719999999999999	0.
0.873	0.
0.8739999999999999	0.
0.875	0.
0.8759999999999999	0.
0.877	0.
0.8779999999999999	0.
0.879	0.
0.8799999999999999	0.
0.881	0.
0.8819999999999999	0.
0.883	0.
0.8839999999999999	0.
0.885	0.
0.8859999999999999	0.
0.887	0.
0.8879999999999999	0.
0.889	0.
0.8899999999999999	0.
0.891	0.
0.8919999999999999	0.
0.893	0.
0.8939999999999999	0.
0.895	0.
0.8959999999999999	0.
0.897	0.
0.8979999999999999	0.
0.899	0.
0.8999999999999999	0.
0.901	0.
0.9019999999999999	0.
0.903	0.
0.9039999999999999	0.
0.905	0.
0.9059999999999999	0.
0.907	0.
0.9079999999999999	0.
0.909	0.
0.9099999999999999	0.
0.911	0.
0.9119999999999999	0.
0.913	0.
0.9139999999999999	0.
0.915	0.
0.9159999999999999	0.
0.917	0.
0.9179999999999999	0.
0.919	0.
0.9199999999999999	0.
0.921	0.
0.9219999999999999	0.
0.923	0.
0.9239999999999999	0.
0.925	0.
0.9259999999999999	0.
0.927	0.
0.9279999999999999	0.
0.929	0.
0.9299999999999999	0.
0.931	0.
0.9319999999999999	0.
0.933	0.
0.9339999999999999	0.
0.935	0.
0.9359999999999999	0.
0.937	0.
0.938	0.
0.9390000000000001	0.
0.94	0.
0.9410000000000001	0.
0.942	0.
0.9430000000000001	0.
0.944	0.
0.9450000000000001	0.
0.946	0.
0.9470000000000001	0.
0.948	0.
0.9490000000000001	0.
0.95	0.
0.9510000000000001	0.
0.952	0.
0.9530000000000001	0.
0.954	0.
0.9550000000000001	0.
0.956	0.
0.9570000000000001	0.
0.958	0.
0.9590000000000001	0.
0.96	0.
0.9609999999999999	0.
0.962	0.
0.9629999999999999	0.
0.964	0.
0.9649999999999999	0.
0.966	0.
0.9669999999999999	0.
0.968	0.
0.9689999999999999	0.
0.97	0.
0.9709999999999999	0.
0.972	0.
0.9729999999999999	0.
0.974	0.
0.9749999999999999	0.
0.976	0.
0.9769999999999999	0.
0.978	0.
0.9789999999999999	0.
0.98	0.
0.9809999999999999	0.
0.982	0.
0.9829999999999999	0.
0.984	0.
0.9849999999999999	0.
0.986	0.
0.9869999999999999	0.
0.988	0.
0.9889999999999999	0.
0.99	0.
0.9909999999999999	0.
0.992	0.
0.9929999999999999	0.
0.994	0.
0.9949999999999999	0.
0.996	0.
0.9969999999999999	0.
0.998	0.
0.9989999999999999	0.
1.	0