0	0
0.001	0.
0.002	0.
0.003	5.901675579121128e-46
0.004	1.951218981390094e-9
0.005	0.00022776089892929437
0.006	0.02076210257499646
0.007	0.21084409941427612
0.008	0.8013116658405074
0.009000000000000001	1.8408682328523718
0.010000000000000002	3.1910975828915458
0.011	4.667835024776944
0.012	6.124263337903335
0.013000000000000001	7.468598189842554
0.014000000000000002	8.654445195129739
0.015	9.665982101472652
0.016	10.50563495986056
0.017	11.185569147796132
0.018000000000000002	11.722345395120398
0.019000000000000003	12.133779957100609
0.02	12.437218057527458
0.021	12.64866896725838
0.022	12.782445864069613
0.023	12.85108923220453
0.024	12.865440536071796
0.025	12.834787918335365
0.026000000000000002	12.76703921486265
0.027000000000000003	12.66889772893673
0.028	12.546028087363164
0.029	12.403206374236955
0.03	12.244452615905747
0.031	12.073145792288395
0.032	11.89212259241129
0.033	11.703761619594822
0.034	11.51005481638532
0.035	11.31266785862177
0.036000000000000004	11.112991163008257
0.037000000000000005	10.912182852510126
0.038	10.711204998248633
0.039	10.510854134208676
0.04	10.311786999329179
0.041	10.114542234201608
0.042	9.919558702612505
0.043000000000000003	9.727190968941999
0.044	9.537722375032311
0.045	9.351376112279612
0.046	9.168324599145107
0.047	8.988697437245103
0.048	8.812588145651606
0.049	8.64005989577009
0.05	8.471150375101853
0.051000000000000004	8.305875937476124
0.052000000000000005	8.144235102460298
0.053000000000000005	7.9862115749366795
0.054	7.831776782892737
0.055	7.680892051639902
0.056	7.533510468439176
0.057	7.389578420082187
0.058	7.249036993461325
0.059000000000000004	7.1118230473150685
0.06	6.9778702293284045
0.061	6.847109767542316
0.062	6.719471210215424
0.063	6.594882942016035
0.064	6.4732727594765285
0.065	6.354568233273246
0.066	6.238697075651545
0.067	6.125587452014466
0.068	6.015168194292264
0.069	5.907368998693419
0.07	5.802120637968777
0.07100000000000001	5.699355026782462
0.07200000000000001	5.599005370680283
0.07300000000000001	5.501006248461557
0.074	5.405293636844037
0.075	5.311805012622405
0.076	5.220479337964294
0.077	5.131257105953242
0.078	5.044080345541393
0.079	4.9588926162172875
0.08	4.87563901095967
0.081	4.794266136734324
0.082	4.714722120891533
0.083	4.6369565313873204
0.084	4.560920446669207
0.085	4.486566333399246
0.08600000000000001	4.413848069398694
0.08700000000000001	4.342720920845844
0.088	4.273141469303782
0.089	4.205067613905597
0.09	4.13845852433399
0.091	4.073274603764562
0.092	4.009477464143388
0.093	3.94702989970161
0.094	3.8858958077046175
0.095	3.8260402123204327
0.096	3.7674292186781715
0.097	3.7100299388220312
0.098	3.6538105166270194
0.099	3.598740041623925
0.1	3.544788580510459
0.101	3.4919270888734357
0.10200000000000001	3.44012741279394
0.10300000000000001	3.389362242127911
0.10400000000000001	3.339605134561151
0.10500000000000001	3.2908303867358804
0.106	3.2430131239747104
0.107	3.1961291982657385
0.108	3.150155174395903
0.109	3.105068336946819
0.11	3.060846653045503
0.111	3.0174687190197833
0.112	2.9749137789262763
0.113	2.933161707370185
0.114	2.8921929405463938
0.115	2.851988493292278
0.116	2.8125299633613414
0.117	2.7737994424957817
0.11800000000000001	2.735779575981601
0.11900000000000001	2.698453488336138
0.12	2.6618047914199656
0.121	2.6258175796879613
0.122	2.5904763842198326
0.123	2.5557661851563562
0.124	2.5216723821641613
0.125	2.488180785874215
0.126	2.455277610121052
0.127	2.4229494512621685
0.128	2.391183264567783
0.129	2.3599663811501235
0.13	2.3292864814650796
0.131	2.2991315767267237
0.132	2.269490000048602
0.133	2.240350414459191
0.134	2.2117017830375634
0.135	2.1835333582713075
0.136	2.155834698533931
0.137	2.128595621056829
0.138	2.101806230791251
0.139	2.0754568675041614
0.14	2.0495381781487576
0.14100000000000001	2.024040979542454
0.14200000000000002	1.9989563937089834
0.14300000000000002	1.974275733139553
0.14400000000000002	1.9499905637369193
0.14500000000000002	1.9260926290756406
0.146	1.902573937794789
0.147	1.8794266460425222
0.148	1.856643152059342
0.149	1.8342160205871072
0.15	1.8121380120623958
0.151	1.7904020655995123
0.152	1.7690013116855148
0.153	1.7479290134270413
0.154	1.7271786498925743
0.155	1.7067438103114874
0.156	1.6866182770170666
0.157	1.6667959781057458
0.158	1.64727096499492
0.159	1.6280374662854427
0.16	1.6090898194151222
0.161	1.5904225139038404
0.162	1.5720301663239065
0.163	1.5539075380392648
0.164	1.5360494666167066
0.165	1.5184509552343144
0.166	1.5011071229112658
0.167	1.4840131784818655
0.168	1.4671644425953387
0.169	1.4505563729879793
0.17	1.434184492858037
0.171	1.4180444720601035
0.17200000000000001	1.4021320239495516
0.17300000000000001	1.3864430227320306
0.17400000000000002	1.3709733790620404
0.17500000000000002	1.355719133270107
0.176	1.3406763890213327
0.177	1.3258413552061572
0.178	1.3112103169381488
0.179	1.2967796375703822
0.18	1.282545770347217
0.181	1.2685052473321252
0.182	1.2546546522069748
0.183	1.240990680622922
0.184	1.2275100584459435
0.185	1.2142096253364205
0.186	1.201086252219169
0.187	1.1881368969354515
0.188	1.1753585710539685
0.189	1.1627483729672046
0.19	1.1503034193461141
0.191	1.1380209267817543
0.192	1.1258981533147396
0.193	1.1139324207380568
0.194	1.102121095993461
0.195	1.09046161011952
0.196	1.0789514432755924
0.197	1.0675881286367248
0.198	1.0563692482473006
0.199	1.0452924341917975
0.2	1.0343553696220686
0.201	1.023555777172986
0.202	1.0128914267145785
0.203	1.0023601520012844
0.20400000000000001	0.99195979062073
0.20500000000000002	0.9816882581105161
0.20600000000000002	0.9715435085809134
0.20700000000000002	0.9615235043529037
0.20800000000000002	0.9516262947545304
0.20900000000000002	0.9418499302263403
0.21	0.9321925056749155
0.211	0.9226521779449863
0.212	0.9132271055559171
0.213	0.9039155057096951
0.214	0.8947156326867102
0.215	0.8856257277220579
0.216	0.8766441456850483
0.217	0.8677692009996296
0.218	0.8589992755934343
0.219	0.8503327770925606
0.22	0.8417681301262918
0.221	0.8333038059460213
0.222	0.8249383011840273
0.223	0.8166701278778381
0.224	0.8084978432827897
0.225	0.8004200009408771
0.226	0.7924352204101982
0.227	0.7845421375357544
0.228	0.776739373842616
0.229	0.7690256245456717
0.23	0.761399591073668
0.231	0.7538599860889031
0.232	0.7464055632253536
0.233	0.7390350988958546
0.234	0.7317473584692241
0.23500000000000001	0.7245411822758233
0.23600000000000002	0.7174153908628111
0.23700000000000002	0.7103688303306136
0.23800000000000002	0.7034003918162367
0.23900000000000002	0.6965089616832688
0.24	0.6896934461310348
0.241	0.6829527894160015
0.242	0.6762859339264761
0.243	0.669691851555021
0.244	0.6631695268367989
0.245	0.6567179723848113
0.246	0.6503361904238079
0.247	0.6440232450573553
0.248	0.6377781631743737
0.249	0.6316000339582389
0.25	0.6254879413147061
0.251	0.6194409770228118
0.252	0.6134582650248303
0.253	0.6075389398468636
0.254	0.6016821356954913
0.255	0.595887025251691
0.256	0.5901527687500625
0.257	0.5844785729756873
0.258	0.5788636176452915
0.259	0.5733071308721287
0.26	0.5678083360372419
0.261	0.5623664704773151
0.262	0.5569807828953771
0.263	0.5516505488842807
0.264	0.5463750356082631
0.265	0.5411535296692437
0.266	0.5359853332388992
0.267	0.530869757318274
0.268	0.5258061212152387
0.269	0.5207937579764784
0.27	0.5158320063471145
0.271	0.5109202205668381
0.272	0.5060577789161076
0.273	0.5012440217836109
0.274	0.49647836879332546
0.275	0.4917601888255821
0.276	0.48708888914600545
0.277	0.4824638812749811
0.278	0.47788459012500234
0.279	0.4733504413803999
0.28	0.46886087404447396
0.281	0.46441533311151517
0.28200000000000003	0.46001327264692676
0.28300000000000003	0.4556541659818434
0.28400000000000003	0.4513374694461564
0.28500000000000003	0.44706267532378996
0.28600000000000003	0.4428292625517596
0.28700000000000003	0.43863673208542947
0.28800000000000003	0.4344845789569182
0.28900000000000003	0.430372335605762
0.29	0.42629948831691183
0.291	0.4222655744603864
0.292	0.4182701433914212
0.293	0.41431270861725905
0.294	0.4103928205025111
0.295	0.40651004896543547
0.296	0.4026639274519235
0.297	0.39885404449311224
0.298	0.39507995261702317
0.299	0.39134123957152145
0.3	0.38763749305614437
0.301	0.3839682896201562
0.302	0.38033323438051536
0.303	0.3767319393859385
0.304	0.373163978076873
0.305	0.36962900797377896
0.306	0.3661266105301898
0.307	0.3626564266236789
0.308	0.35921808450788184
0.309	0.35581122097939605
0.31	0.35243546320481217
0.311	0.3490904744274063
0.312	0.3457758875802739
0.313	0.3424913633643198
0.314	0.3392365654152654
0.315	0.3360111560246157
0.316	0.3328147951578996
0.317	0.32964717083755746
0.318	0.32650795027683915
0.319	0.32339681661915853
0.32	0.3203134655206493
0.321	0.3172575715563051
0.322	0.3142288461286065
0.323	0.31122697766872814
0.324	0.3082516796490345
0.325	0.3053026528958377
0.326	0.30237960257499946
0.327	0.29948226112397136
0.328	0.2966103287656192
0.329	0.2937635444950463
0.33	0.29094161589060535
0.331	0.2881442948829853
0.332	0.2853713029287264
0.333	0.28262238412256063
0.334	0.2798972632856137
0.335	0.27719570448179465
0.336	0.2745174425519845
0.337	0.27186223579682367
0.338	0.26922983387625643
0.339	0.2666199977398735
0.34	0.26403247652399947
0.341	0.2614670566448697
0.342	0.2589234813795323
0.343	0.25640153149594724
0.34400000000000003	0.2539009810644027
0.34500000000000003	0.25142159984994084
0.34600000000000003	0.2489631760860399
0.34700000000000003	0.24652547913472553
0.34800000000000003	0.24410829353220737
0.34900000000000003	0.2417114173502751
0.35000000000000003	0.23933463689707432
0.35100000000000003	0.2369777405335901
0.352	0.2346405159502637
0.353	0.23232277320712227
0.354	0.2300243079114694
0.355	0.22774492245371686
0.356	0.22548442678062428
0.357	0.22324261954196947
0.358	0.22101930627549185
0.359	0.21881431781232982
0.36	0.21662746038600916
0.361	0.21445853377963042
0.362	0.21230739143555546
0.363	0.21017381068790378
0.364	0.20805766242137688
0.365	0.20595874054706986
0.366	0.20387688192821143
0.367	0.2018119107360239
0.368	0.19976367208220258
0.369	0.19773198826182758
0.37	0.1957166984162078
0.371	0.19371764236000072
0.372	0.19173466370912282
0.373	0.1897675941898498
0.374	0.18781628530238254
0.375	0.18588057281697198
0.376	0.18396032478900412
0.377	0.18205536828762453
0.378	0.1801655671313656
0.379	0.17829077002908442
0.38	0.17643084070114817
0.381	0.1745856054814342
0.382	0.17275496805627935
0.383	0.17093875221503235
0.384	0.16913682783442152
0.385	0.16734906815705522
0.386	0.1655753268727579
0.387	0.16381547831344817
0.388	0.16206937988973563
0.389	0.1603369145097262
0.39	0.15861793392669296
0.391	0.15691233362402884
0.392	0.1552199694710418
0.393	0.1535407219586004
0.394	0.1518744668429896
0.395	0.15022109169225034
0.396	0.14858045669366515
0.397	0.14695245632114357
0.398	0.1453369801985864
0.399	0.14373389229360772
0.4	0.1421430828635437
0.401	0.14056445170717308
0.402	0.13899787219331664
0.403	0.13744323866880845
0.404	0.13590043381004135
0.405	0.13436936034047017
0.406	0.13284990392955592
0.40700000000000003	0.1313419547750883
0.40800000000000003	0.1298454139789623
0.40900000000000003	0.12836018015722767
0.41000000000000003	0.1268861331841461
0.41100000000000003	0.12542320126448764
0.41200000000000003	0.12397124611820672
0.41300000000000003	0.12253020216209737
0.41400000000000003	0.12109995770097892
0.41500000000000004	0.11968040105693045
0.41600000000000004	0.11827145790831634
0.41700000000000004	0.11687302292300321
0.418	0.11548501086403129
0.419	0.1141073076826281
0.42	0.11273983780042753
0.421	0.11138251176842721
0.422	0.11003523216013726
0.423	0.10869790644740396
0.424	0.10737046190749792
0.425	0.10605279050992918
0.426	0.10474482286030833
0.427	0.10344646604558773
0.428	0.10215763209528408
0.429	0.10087824818008867
0.43	0.09960822241218698
0.431	0.09834747105449733
0.432	0.09709592226410958
0.433	0.09585349348623959
0.434	0.09462008801046413
0.435	0.09339566409326819
0.436	0.09218010887745386
0.437	0.09097336320672386
0.438	0.08977535071868491
0.439	0.08858598328298466
0.44	0.0874052047914095
0.441	0.08623292162498525
0.442	0.08506907559741632
0.443	0.08391359758766573
0.444	0.0827664013801421
0.445	0.0816274299015923
0.446	0.0804965965694381
0.447	0.07937385078889872
0.448	0.07825912204736445
0.449	0.07715232853718543
0.45	0.07605341048265267
0.451	0.0749623052431433
0.452	0.0738789432810115
0.453	0.0728032588838184
0.454	0.07173518994319077
0.455	0.0706746725924114
0.456	0.06962164719514438
0.457	0.06857603872749522
0.458	0.06753779741064105
0.459	0.06650685249011892
0.46	0.0654831647449361
0.461	0.06446663971772276
0.462	0.0634572501075474
0.463	0.062454916468550364
0.464	0.061459594028118764
0.465	0.0604712073696973
0.466	0.05948972333070478
0.467	0.058515067452937275
0.468	0.057547188965132404
0.46900000000000003	0.05658603427404768
0.47000000000000003	0.055631545033949965
0.47100000000000003	0.05468367134886535
0.47200000000000003	0.05374236141539438
0.47300000000000003	0.052807547981091045
0.47400000000000003	0.05187919363853788
0.47500000000000003	0.0509572361333004
0.47600000000000003	0.05004163582712978
0.47700000000000004	0.04913232608850192
0.47800000000000004	0.04822926938767041
0.47900000000000004	0.047332402252952155
0.48	0.04644169428290523
0.481	0.04555707488013105
0.482	0.04467850860957775
0.483	0.04380594830728474
0.484	0.04293933517272269
0.485	0.042078623546987076
0.486	0.04122378175205672
0.487	0.04037474774859765
0.488	0.03953148024292879
0.489	0.038693929093339616
0.49	0.037862069433180046
0.491	0.03703582111454744
0.492	0.036215175980883675
0.493	0.035400053062934554
0.494	0.03459045588580197
0.495	0.03378629461429516
0.496	0.032987560770176165
0.497	0.03219418357136636
0.498	0.03140614903547212
0.499	0.030623394521654808
0.5	0.02984589298529118
0.5009999999999999	0.029073598575676988
0.502	0.028306457653615478
0.5029999999999999	0.027544457378881424
0.504	0.026787531708078995
0.5049999999999999	0.026035660653045432
0.506	0.02528880039455697
0.5069999999999999	0.0245469005736451
0.508	0.023809940133332895
0.5089999999999999	0.023077877336793527
0.51	0.02235065525359885
0.5109999999999999	0.02162826596365028
0.512	0.020910655538217627
0.5129999999999999	0.020197791120002733
0.514	0.01948963794859685
0.5149999999999999	0.01878615586709365
0.516	0.018087316676619614
0.5169999999999999	0.017393075916748758
0.518	0.01670341557470441
0.5189999999999999	0.016018275536700908
0.52	0.015337642609981272
0.5209999999999999	0.014661478309468205
0.522	0.013989745736477365
0.5229999999999999	0.01332241159358525
0.524	0.012659445022827768
0.5249999999999999	0.012000809530479033
0.526	0.011346480621622294
0.5269999999999999	0.01069642080038353
0.528	0.010050591398084145
0.5289999999999999	0.009408983653425206
0.53	0.008771531240597116
0.5309999999999999	0.00813823735029282
0.532	0.007509056740216616
0.5329999999999999	0.006883956219092881
0.534	0.006262903065544513
0.5349999999999999	0.00564587659044444
0.536	0.005032852092621099
0.5369999999999999	0.004423777422831453
0.538	0.0038186529366277377
0.5389999999999999	0.003217418704904338
0.54	0.0026200790046439445
0.5409999999999999	0.0020265765574173623
0.542	0.0014368960552770128
0.5429999999999999	0.0008510160727488767
0.544	0.0002688974330684909
0.5449999999999999	0.
0.546	0.
0.5469999999999999	0.
0.548	0.
0.5489999999999999	0.
0.55	0.
0.5509999999999999	0.
0.552	0.
0.5529999999999999	0.
0.554	0.
0.5549999999999999	0.
0.556	0.
0.5569999999999999	0.
0.558	0.
0.5589999999999999	0.
0.56	0.
0.5609999999999999	0.
0.562	0.
0.563	0.
0.5640000000000001	0.
0.565	0.
0.5660000000000001	0.
0.567	0.
0.5680000000000001	0.
0.569	0.
0.5700000000000001	0.
0.571	0.
0.5720000000000001	0.
0.573	0.
0.5740000000000001	0.
0.575	0.
0.5760000000000001	0.
0.577	0.
0.5779999999999998	0.
0.579	0.
0.5799999999999998	0.
0.581	0.
0.5819999999999999	0.
0.583	0.
0.5839999999999999	0.
0.585	0.
0.5859999999999999	0.
0.587	0.
0.5879999999999999	0.
0.589	0.
0.5899999999999999	0.
0.591	0.
0.5919999999999999	0.
0.593	0.
0.5939999999999999	0.
0.595	0.
0.5959999999999999	0.
0.597	0.
0.5979999999999999	0.
0.599	0.
0.5999999999999999	0.
0.601	0.
0.6019999999999999	0.
0.603	0.
0.6039999999999999	0.
0.605	0.
0.6059999999999999	0.
0.607	0.
0.6079999999999999	0.
0.609	0.
0.6099999999999999	0.
0.611	0.
0.6119999999999999	0.
0.613	0.
0.6139999999999999	0.
0.615	0.
0.6159999999999999	0.
0.617	0.
0.6179999999999999	0.
0.619	0.
0.6199999999999999	0.
0.621	0.
0.6219999999999999	0.
0.623	0.
0.6239999999999999	0.
0.625	0.
0.6259999999999999	0.
0.627	0.
0.6279999999999999	0.
0.629	0.
0.6299999999999999	0.
0.631	0.
0.6319999999999999	0.
0.633	0.
0.6339999999999999	0.
0.635	0.
0.6359999999999999	0.
0.637	0.
0.6379999999999999	0.
0.639	0.
0.6399999999999999	0.
0.641	0.
0.6419999999999999	0.
0.643	0.
0.6439999999999999	0.
0.645	0.
0.6459999999999999	0.
0.647	0.
0.6479999999999999	0.
0.649	0.
0.6499999999999999	0.
0.651	0.
0.6519999999999999	0.
0.653	0.
0.6539999999999999	0.
0.655	0.
0.6559999999999999	0.
0.657	0.
0.6579999999999999	0.
0.659	0.
0.6599999999999999	0.
0.661	0.
0.6619999999999999	0.
0.663	0.
0.6639999999999999	0.
0.665	0.
0.6659999999999999	0.
0.667	0.
0.6679999999999999	0.
0.669	0.
0.6699999999999999	0.
0.671	0.
0.6719999999999999	0.
0.673	0.
0.6739999999999999	0.
0.675	0.
0.6759999999999999	0.
0.677	0.
0.6779999999999999	0.
0.679	0.
0.6799999999999999	0.
0.681	0.
0.6819999999999999	0.
0.683	0.
0.6839999999999999	0.
0.685	0.
0.6859999999999999	0.
0.687	0.
0.688	0.
0.6890000000000001	0.
0.69	0.
0.6910000000000001	0.
0.692	0.
0.6930000000000001	0.
0.694	0.
0.6950000000000001	0.
0.696	0.
0.6970000000000001	0.
0.698	0.
0.6990000000000001	0.
0.7	0.
0.7010000000000001	0.
0.702	0.
0.7030000000000001	0.
0.704	0.
0.7049999999999998	0.
0.706	0.
0.7069999999999999	0.
0.708	0.
0.7089999999999999	0.
0.71	0.
0.7109999999999999	0.
0.712	0.
0.7129999999999999	0.
0.714	0.
0.7149999999999999	0.
0.716	0.
0.7169999999999999	0.
0.718	0.
0.7189999999999999	0.
0.72	0.
0.7209999999999999	0.
0.722	0.
0.7229999999999999	0.
0.724	0.
0.7249999999999999	0.
0.726	0.
0.7269999999999999	0.
0.728	0.
0.7289999999999999	0.
0.73	0.
0.7309999999999999	0.
0.732	0.
0.7329999999999999	0.
0.734	0.
0.7349999999999999	0.
0.736	0.
0.7369999999999999	0.
0.738	0.
0.7389999999999999	0.
0.74	0.
0.7409999999999999	0.
0.742	0.
0.7429999999999999	0.
0.744	0.
0.7449999999999999	0.
0.746	0.
0.7469999999999999	0.
0.748	0.
0.7489999999999999	0.
0.75	0.
0.7509999999999999	0.
0.752	0.
0.7529999999999999	0.
0.754	0.
0.7549999999999999	0.
0.756	0.
0.7569999999999999	0.
0.758	0.
0.7589999999999999	0.
0.76	0.
0.7609999999999999	0.
0.762	0.
0.7629999999999999	0.
0.764	0.
0.7649999999999999	0.
0.766	0.
0.7669999999999999	0.
0.768	0.
0.7689999999999999	0.
0.77	0.
0.7709999999999999	0.
0.772	0.
0.7729999999999999	0.
0.774	0.
0.7749999999999999	0.
0.776	0.
0.7769999999999999	0.
0.778	0.
0.7789999999999999	0.
0.78	0.
0.7809999999999999	0.
0.782	0.
0.7829999999999999	0.
0.784	0.
0.7849999999999999	0.
0.786	0.
0.7869999999999999	0.
0.788	0.
0.7889999999999999	0.
0.79	0.
0.7909999999999999	0.
0.792	0.
0.7929999999999999	0.
0.794	0.
0.7949999999999999	0.
0.796	0.
0.7969999999999999	0.
0.798	0.
0.7989999999999999	0.
0.8	0.
0.8009999999999999	0.
0.802	0.
0.8029999999999999	0.
0.804	0.
0.8049999999999999	0.
0.806	0.
0.8069999999999999	0.
0.808	0.
0.8089999999999999	0.
0.81	0.
0.8109999999999999	0.
0.812	0.
0.813	0.
0.8140000000000001	0.
0.815	0.
0.8160000000000001	0.
0.817	0.
0.8180000000000001	0.
0.819	0.
0.8200000000000001	0.
0.821	0.
0.8220000000000001	0.
0.823	0.
0.8240000000000001	0.
0.825	0.
0.8260000000000001	0.
0.827	0.
0.8280000000000001	0.
0.829	0.
0.8300000000000001	0.
0.831	0.
0.8320000000000001	0.
0.833	0.
0.8339999999999999	0.
0.835	0.
0.8359999999999999	0.
0.837	0.
0.8379999999999999	0.
0.839	0.
0.8399999999999999	0.
0.841	0.
0.8419999999999999	0.
0.843	0.
0.8439999999999999	0.
0.845	0.
0.8459999999999999	0.
0.847	0.
0.8479999999999999	0.
0.849	0.
0.8499999999999999	0.
0.851	0.
0.8519999999999999	0.
0.853	0.
0.8539999999999999	0.
0.855	0.
0.8559999999999999	0.
0.857	0.
0.8579999999999999	0.
0.859	0.
0.8599999999999999	0.
0.861	0.
0.8619999999999999	0.
0.863	0.
0.8639999999999999	0.
0.865	0.
0.8659999999999999	0.
0.867	0.
0.8679999999999999	0.
0.869	0.
0.8699999999999999	0.
0.871	0.
0.8719999999999999	0.
0.873	0.
0.8739999999999999	0.
0.875	0.
0.8759999999999999	0.
0.877	0.
0.8779999999999999	0.
0.879	0.
0.8799999999999999	0.
0.881	0.
0.8819999999999999	0.
0.883	0.
0.8839999999999999	0.
0.885	0.
0.8859999999999999	0.
0.887	0.
0.8879999999999999	0.
0.889	0.
0.8899999999999999	0.
0.891	0.
0.8919999999999999	0.
0.893	0.
0.8939999999999999	0.
0.895	0.
0.8959999999999999	0.
0.897	0.
0.8979999999999999	0.
0.899	0.
0.8999999999999999	0.
0.901	0.
0.9019999999999999	0.
0.903	0.
0.9039999999999999	0.
0.905	0.
0.9059999999999999	0.
0.907	0.
0.9079999999999999	0.
0.909	0.
0.9099999999999999	0.
0.911	0.
0.9119999999999999	0.
0.913	0.
0.9139999999999999	0.
0.915	0.
0.9159999999999999	0.
0.917	0.
0.9179999999999999	0.
0.919	0.
0.9199999999999999	0.
0.921	0.
0.9219999999999999	0.
0.923	0.
0.9239999999999999	0.
0.925	0.
0.9259999999999999	0.
0.927	0.
0.9279999999999999	0.
0.929	0.
0.9299999999999999	0.
0.931	0.
0.9319999999999999	0.
0.933	0.
0.9339999999999999	0.
0.935	0.
0.9359999999999999	0.
0.937	0.
0.938	0.
0.9390000000000001	0.
0.94	0.
0.9410000000000001	0.
0.942	0.
0.9430000000000001	0.
0.944	0.
0.9450000000000001	0.
0.946	0.
0.9470000000000001	0.
0.948	0.
0.9490000000000001	0.
0.95	0.
0.9510000000000001	0.
0.952	0.
0.9530000000000001	0.
0.954	0.
0.9550000000000001	0.
0.956	0.
0.9570000000000001	0.
0.958	0.
0.9590000000000001	0.
0.96	0.
0.9609999999999999	0.
0.962	0.
0.9629999999999999	0.
0.964	0.
0.9649999999999999	0.
0.966	0.
0.9669999999999999	0.
0.968	0.
0.9689999999999999	0.
0.97	0.
0.9709999999999999	0.
0.972	0.
0.9729999999999999	0.
0.974	0.
0.9749999999999999	0.
0.976	0.
0.9769999999999999	0.
0.978	0.
0.9789999999999999	0.
0.98	0.
0.9809999999999999	0.
0.982	0.
0.9829999999999999	0.
0.984	0.
0.9849999999999999	0.
0.986	0.
0.9869999999999999	0.
0.988	0.
0.9889999999999999	0.
0.99	0.
0.9909999999999999	0.
0.992	0.
0.9929999999999999	0.
0.994	0.
0.9949999999999999	0.
0.996	0.
0.9969999999999999	0.
0.998	0.
0.9989999999999999	0.
1.	0