0	0
0.001	0.
0.002	0.
0.003	0.
0.004	0.
0.005	0.
0.006	0.
0.007	0.
0.008	0.
0.009000000000000001	0.
0.010000000000000002	0.
0.011	0.
0.012	0.
0.013000000000000001	0.
0.014000000000000002	0.
0.015	0.
0.016	0.
0.017	0.
0.018000000000000002	0.
0.019000000000000003	0.
0.02	0.
0.021	0.
0.022	0.
0.023	0.
0.024	0.
0.025	0.
0.026000000000000002	0.
0.027000000000000003	0.
0.028	0.
0.029	0.
0.03	0.
0.031	0.
0.032	0.
0.033	0.
0.034	0.
0.035	0.
0.036000000000000004	0.
0.037000000000000005	0.
0.038	0.
0.039	0.0013004935175869295
0.04	0.02766648553646591
0.041	0.11295805152453818
0.042	0.26168623823662635
0.043000000000000003	0.46517795884744695
0.044	0.7118051733650933
0.045	0.9902555306102818
0.046	1.2905689585812872
0.047	1.6043734921335508
0.048	1.9248211321362667
0.049	2.246418352652878
0.05	2.5648310369821945
0.051000000000000004	2.8766965711954824
0.052000000000000005	3.1794554752506428
0.053000000000000005	3.4712059483573525
0.054	3.750580778268454
0.055	4.0166444804368835
0.056	4.268808041195666
0.057	4.506758646707547
0.058	4.73040200009092
0.059000000000000004	4.93981512422561
0.06	5.1352078512963155
0.061	5.316891482647548
0.062	5.485253352559522
0.063	5.640736244707744
0.064	5.783821792057584
0.065	5.915017143171368
0.066	6.034844304456314
0.067	6.143831672505299
0.068	6.242507357017783
0.069	6.331393965869847
0.07	6.411004582369244
0.07100000000000001	6.4818397128008565
0.07200000000000001	6.544385021910541
0.07300000000000001	6.599109706465139
0.074	6.64646538374433
0.075	6.686885393849238
0.076	6.720784432791475
0.077	6.748558448240082
0.078	6.770584742109593
0.079	6.787222234281296
0.08	6.79881185010045
0.081	6.805677001187213
0.082	6.8081241347663815
0.083	6.806443331410907
0.084	6.800908934942559
0.085	6.791780201437392
0.08600000000000001	6.779301956878767
0.08700000000000001	6.763705255165788
0.088	6.7452080299751085
0.089	6.724015735388937
0.09	6.700321971444792
0.091	6.674309091689127
0.092	6.646148790639423
0.093	6.616002669697149
0.094	6.584022780577921
0.095	6.5503521457256735
0.096	6.515125255549507
0.097	6.478468542554218
0.098	6.4405008326574125
0.099	6.40133377414855
0.1	6.361072244867163
0.101	6.319814738265778
0.10200000000000001	6.277653729090394
0.10300000000000001	6.234676019455383
0.10400000000000001	6.1909630661172
0.10500000000000001	6.146591289764018
0.106	6.101632367146308
0.107	6.056153506852164
0.108	6.010217709543753
0.109	5.963884013427068
0.11	5.9172077257256745
0.111	5.870240640888517
0.112	5.82303124625176
0.113	5.775624915829775
0.114	5.728064092892936
0.115	5.680388461954486
0.116	5.632635110772307
0.117	5.584838682909458
0.11800000000000001	5.537031521424251
0.11900000000000001	5.4892438041688525
0.12	5.441503671199808
0.121	5.393837344755944
0.122	5.346269242228471
0.123	5.2988220825401395
0.124	5.251516986319826
0.125	5.204373570228462
0.126	5.157410035787727
0.127	5.110643253036103
0.128	5.06408883931141
0.129	5.017761233447732
0.13	4.971673765662544
0.131	4.9258387233810055
0.132	4.880267413248386
0.133	4.834970219532522
0.134	4.789956659164554
0.135	4.7452354335773945
0.136	4.70081447755762
0.137	4.656701005275636
0.138	4.612901553658703
0.139	4.569422023269003
0.14	4.526267716825838
0.14100000000000001	4.4834433755122385
0.14200000000000002	4.440953213199062
0.14300000000000002	4.398800948702622
0.14400000000000002	4.356989836192988
0.14500000000000002	4.315522693857996
0.146	4.274401930932842
0.147	4.233629573172392
0.148	4.193207286877579
0.149	4.153136401542153
0.15	4.11341793120826
0.151	4.074052594602498
0.152	4.03504083412512
0.153	3.9963828337496965
0.154	3.9580785359061115
0.155	3.920127657402194
0.156	3.8825297044327445
0.157	3.8452839867297883
0.158	3.808389630917348
0.159	3.7718455930857027
0.16	3.7356506706651076
0.161	3.6998035136063936
0.162	3.664302634930688
0.163	3.6291464206710775
0.164	3.5943331392463604
0.165	3.559860950292265
0.166	3.5257279129905923
0.167	3.491931993917739
0.168	3.4584710744326617
0.169	3.4253429576510186
0.17	3.3925453750036696
0.171	3.3600759924189463
0.17200000000000001	3.327932416148432
0.17300000000000001	3.2961121982427364
0.17400000000000002	3.264612841717932
0.17500000000000002	3.233431805412655
0.176	3.202566508552862
0.177	3.1720143350619368
0.178	3.1417726375972475
0.179	3.1118387413577566
0.18	3.0822099476567333
0.181	3.052883537280702
0.182	3.023856773647796
0.183	2.995126905764769
0.184	2.9666911710153787
0.185	2.93854679775985
0.186	2.910691007792471
0.187	2.8831210186234397
0.188	2.855834045634341
0.189	2.8288273040852774
0.19	2.8020980109979643
0.191	2.7756433869152204
0.192	2.749460657538551
0.193	2.7235470552711116
0.194	2.697899820640994
0.195	2.6725162036398804
0.196	2.647393464959432
0.197	2.622528877149523
0.198	2.5979197256874826
0.199	2.5735633099765094
0.2	2.5494569442616837
0.201	2.5255979584856547
0.202	2.50198369907266
0.203	2.4786115296582683
0.20400000000000001	2.4554788317504275
0.20500000000000002	2.4325830053446316
0.20600000000000002	2.4099214694845057
0.20700000000000002	2.387491662770039
0.20800000000000002	2.365291043828442
0.20900000000000002	2.343317091726378
0.21	2.3215673063628754
0.211	2.300039208799688
0.212	2.278730341575732
0.213	2.2576382689721366
0.214	2.236760577256804
0.215	2.2160948748885123
0.216	2.1956387927011556
0.217	2.175389984053688
0.218	2.155346124959039
0.219	2.135504914190095
0.22	2.115864073359339
0.221	2.096421346978961
0.222	2.077174502507152
0.223	2.058121330364355
0.224	2.0392596439405897
0.225	2.020587279590569
0.226	2.002102096598762
0.227	1.9838019771431836
0.228	1.9656848262445252
0.229	1.9477485716960723
0.23	1.9299911639889429
0.231	1.9124105762223564
0.232	1.8950048040064689
0.233	1.8777718653549054
0.234	1.8607098005673142
0.23500000000000001	1.843816672106713
0.23600000000000002	1.827090564465902
0.23700000000000002	1.8105295840316433
0.23800000000000002	1.7941318589357806
0.23900000000000002	1.7778955389078455
0.24	1.7618187951174684
0.241	1.7458998200141362
0.242	1.7301368271599389
0.243	1.7145280510607266
0.244	1.6990717469936532
0.245	1.6837661908276056
0.246	1.6686096788489457
0.247	1.6536005275703622
0.248	1.6387370735535327
0.249	1.6240176732181903
0.25	1.609440702655014
0.251	1.5950045574331029
0.252	1.5807076524083004
0.253	1.5665484215314127
0.254	1.5525253176535583
0.255	1.538636812330351
0.256	1.5248813956270395
0.257	1.5112575759219433
0.258	1.4977638797139314
0.259	1.484398851418531
0.26	1.4711610531816686
0.261	1.4580490646738709
0.262	1.445061482905065
0.263	1.432196922017507
0.264	1.4194540131027054
0.265	1.406831403999021
0.266	1.3943277591032819
0.267	1.3819417591766663
0.268	1.36967210115122
0.269	1.3575174979450844
0.27	1.3454766782666774
0.271	1.3335483864287527
0.272	1.321731382167343
0.273	1.3100244404410581
0.274	1.2984263512658492
0.275	1.286935919514414
0.276	1.275551964745866
0.277	1.264273321020852
0.278	1.253098836723366
0.279	1.242027374384787
0.28	1.2310578105028236
0.281	1.2201890353760658
0.28200000000000003	1.209419952925267
0.28300000000000003	1.1987494805212042
0.28400000000000003	1.1881765488225262
0.28500000000000003	1.177700101597562
0.28600000000000003	1.1673190955701307
0.28700000000000003	1.1570325002459194
0.28800000000000003	1.1468392977519202
0.28900000000000003	1.136738482679691
0.29	1.1267290619219281
0.291	1.1168100545148758
0.292	1.1069804914853068
0.293	1.0972394156937795
0.294	1.0875858816835304
0.295	1.0780189555298945
0.296	1.0685377146920585
0.297	1.0591412478609974
0.298	1.0498286548220614
0.299	1.0405990463055643
0.3	1.0314515438448049
0.301	1.0223852796383366
0.302	1.0133993964083081
0.303	1.0044930472687856
0.304	0.9956653955791012
0.305	0.9869156148249194
0.306	0.9782428884762581
0.307	0.9696464098580415
0.308	0.9611253820256429
0.309	0.9526790176315085
0.31	0.9443065388074966
0.311	0.9360071770343678
0.312	0.9277801730206212
0.313	0.919624776583665
0.314	0.9115402465307766
0.315	0.9035258505376179
0.316	0.8955808650373727
0.317	0.8877045751014925
0.318	0.8798962743290452
0.319	0.8721552647334082
0.32	0.8644808566360771
0.321	0.8568723685503858
0.322	0.849329127082111
0.323	0.8418504668189262
0.324	0.834435730226972
0.325	0.8270842675479554
0.326	0.8197954366981622
0.327	0.8125686031663004
0.328	0.8054031399144228
0.329	0.7982984272861786
0.33	0.7912538528995586
0.331	0.7842688115623673
0.332	0.7773427051709159
0.333	0.7704749426235823
0.334	0.7636649397244951
0.335	0.756912119096138
0.336	0.7502159100912108
0.337	0.7435757487024722
0.338	0.7369910774788491
0.339	0.7304613454377216
0.34	0.7239860079864477
0.341	0.717564526830083
0.342	0.7111963698990634
0.343	0.7048810112632967
0.34400000000000003	0.6986179310531557
0.34500000000000003	0.6924066153834451
0.34600000000000003	0.6862465562738638
0.34700000000000003	0.6801372515716976
0.34800000000000003	0.6740782048814137
0.34900000000000003	0.6680689254846988
0.35000000000000003	0.6621089282704784
0.35100000000000003	0.656197733663769
0.352	0.6503348675487947
0.353	0.6445198612098382
0.354	0.6387522512475631
0.355	0.6330315795226243
0.356	0.6273573930835655
0.357	0.6217292441016166
0.358	0.6161466897991204
0.359	0.6106092923993044
0.36	0.6051166190451505
0.361	0.5996682417512896
0.362	0.5942637373312606
0.363	0.5889026873442021
0.364	0.5835846780292262
0.365	0.5783093002494553
0.366	0.5730761494322357
0.367	0.5678848255099899
0.368	0.5627349328659518
0.369	0.5576260802758678
0.37	0.5525578808537327
0.371	0.5475299519955082
0.372	0.542541915326983
0.373	0.5375933966507829
0.374	0.5326840258920004
0.375	0.5278134370471171
0.376	0.5229812681353677
0.377	0.5181871611443694
0.378	0.5134307619856283
0.379	0.5087117204377266
0.38	0.5040296901061818
0.381	0.4993843283760857
0.382	0.4947752963526367
0.383	0.4902022588326807
0.384	0.485664884244394
0.385	0.4811628446113909
0.386	0.4766958155038749
0.387	0.4722634759944635
0.388	0.4678655086191095
0.389	0.4635015993291023
0.39	0.4591714374534761
0.391	0.45487471565355975
0.392	0.4506111298870844
0.393	0.44638037936082126
0.394	0.4421821664995743
0.395	0.43801619689818144
0.396	0.4338821792873206
0.397	0.42977982549719224
0.398	0.42570885041270673
0.399	0.4216689719471486
0.4	0.4176599109920539
0.401	0.4136813913927865
0.402	0.4097331399066984
0.403	0.40581488616872335
0.404	0.40192636265888276
0.405	0.3980673046646934
0.406	0.39423745024867285
0.40700000000000003	0.39043654021754404
0.40800000000000003	0.3866643180831565
0.40900000000000003	0.38292053003806253
0.41000000000000003	0.37920492491601376
0.41100000000000003	0.3755172541639264
0.41200000000000003	0.37185727181257267
0.41300000000000003	0.3682247344396259
0.41400000000000003	0.3646194011475725
0.41500000000000004	0.3610410335242092
0.41600000000000004	0.35748939562352766
0.41700000000000004	0.353964253925575
0.418	0.3504653773179759
0.419	0.3469925370591902
0.42	0.3435455067557882
0.421	0.3401240623322921
0.422	0.33672798200568976
0.423	0.33335704625485196
0.424	0.33001103779908136
0.425	0.32668974156667985
0.426	0.32339294467455965
0.427	0.32012043639681076
0.428	0.31687200814367483
0.429	0.3136474534339355
0.43	0.3104465678743171
0.431	0.30726914913060055
0.432	0.3041149969074467
0.433	0.3009839129186633
0.434	0.2978757008744612
0.435	0.29479016644726125
0.436	0.29172711725619
0.437	0.28868636284350524
0.438	0.2856677146465615
0.439	0.2826709859888895
0.44	0.279695992040906
0.441	0.2767425498171522
0.442	0.2738104781389143
0.443	0.2708995976272152
0.444	0.26800973067159395
0.445	0.26514070141630075
0.446	0.2622923357379969
0.447	0.25946446122812666
0.448	0.25665690716743156
0.449	0.2538695045180923
0.45	0.2511020858899593
0.451	0.2483544855352437
0.452	0.2456265393228184
0.453	0.24291808472271453
0.454	0.24022896078509542
0.455	0.2375590081253896
0.456	0.23490806890602595
0.457	0.23227598682008008
0.458	0.22966260707046088
0.459	0.22706777635737987
0.46	0.22449134285966146
0.461	0.22193315621732745
0.462	0.21939306751842944
0.463	0.21687092928014634
0.464	0.21436659543136952
0.465	0.21187992130378205
0.466	0.2094107636091343
0.467	0.2069589804279871
0.468	0.20452443119378333
0.46900000000000003	0.20210697667415806
0.47000000000000003	0.1997064789683899
0.47100000000000003	0.19732280147426934
0.47200000000000003	0.1949558088906473
0.47300000000000003	0.19260536719301088
0.47400000000000003	0.19027134362371395
0.47500000000000003	0.18795360667838454
0.47600000000000003	0.1856520260914827
0.47700000000000004	0.18336647281846044
0.47800000000000004	0.181096819032151
0.47900000000000004	0.17884293809813268
0.48	0.17660470457579042
0.481	0.1743819941892196
0.482	0.17217468382510193
0.483	0.16998265151868835
0.484	0.16780577644317982
0.485	0.16564393888721454
0.486	0.1634970202578415
0.487	0.16136490305864493
0.488	0.15924747087721366
0.489	0.15714460838238015
0.49	0.15505620130340692
0.491	0.15298213642212843
0.492	0.1509223015642432
0.493	0.1488765855840224
0.494	0.14684487835857538
0.495	0.14482707076703613
0.496	0.14282305469289946
0.497	0.14083272300511904
0.498	0.13885596954854992
0.499	0.1368926891375772
0.5	0.13494277753848813
0.5009999999999999	0.13300613146904733
0.502	0.13108264858150626
0.5029999999999999	0.12917222745304577
0.504	0.12727476758089146
0.5049999999999999	0.12539016936914574
0.506	0.12351833411646974
0.5069999999999999	0.12165916401714522
0.508	0.11981256213452653
0.5089999999999999	0.11797843241335895
0.51	0.11615667965216886
0.5109999999999999	0.11434720950432557
0.512	0.11254992846487363
0.5129999999999999	0.1107647438671347
0.514	0.10899156386486723
0.5149999999999999	0.10723029743736384
0.516	0.10548085436247852
0.5169999999999999	0.10374314522936964
0.518	0.10201708141386351
0.5189999999999999	0.10030257507718006
0.52	0.09859953915595082
0.5209999999999999	0.09690788736009515
0.522	0.09522753415349322
0.5229999999999999	0.09355839475908334
0.524	0.09190038513804837
0.5249999999999999	0.09025342199724903
0.526	0.0886174227684105
0.5269999999999999	0.08699230560557367
0.528	0.08537798938190946
0.5289999999999999	0.08377439367633871
0.53	0.08218143876970917
0.5309999999999999	0.08059904563375167
0.532	0.07902713593362864
0.5329999999999999	0.07746563200754539
0.534	0.07591445687312151
0.5349999999999999	0.07437353420891363
0.536	0.07284278835653915
0.5369999999999999	0.07132214431154384
0.538	0.06981152771129594
0.5389999999999999	0.06831086484199482
0.54	0.06682008261403449
0.5409999999999999	0.06533910857304764
0.542	0.06386787087887952
0.5429999999999999	0.062406298316844355
0.544	0.06095432026777934
0.5449999999999999	0.05951186672843334
0.546	0.05807886828321995
0.5469999999999999	0.05665525611356239
0.548	0.055240961983663746
0.5489999999999999	0.05383591823795845
0.55	0.05244005779495312
0.5509999999999999	0.05105331413830646
0.552	0.04967562132213886
0.5529999999999999	0.04830691394894452
0.554	0.04694712717808677
0.5549999999999999	0.04559619671581608
0.556	0.044254058804650866
0.5569999999999999	0.04292065022720042
0.558	0.041595908296607614
0.5589999999999999	0.04027977084954031
0.56	0.038972176242156015
0.5609999999999999	0.037673063350951455
0.562	0.036382371554709976
0.563	0.035100040745120714
0.5640000000000001	0.033826011311487006
0.565	0.03256022413775298
0.5660000000000001	0.03130262059868072
0.567	0.030053142558363524
0.5680000000000001	0.02881173235939438
0.569	0.027578332822865967
0.5700000000000001	0.026352887239875323
0.571	0.02513533937407243
0.5720000000000001	0.023925633446581007
0.573	0.022723714141520475
0.5740000000000001	0.021529526597935392
0.575	0.020343016402149656
0.5760000000000001	0.019164129589677937
0.577	0.017992812633332227
0.5779999999999998	0.016829012450442875
0.579	0.015672676385230757
0.5799999999999998	0.014523752216453082
0.581	0.013382188140837494
0.5819999999999999	0.012247932788161288
0.583	0.011120935192367265
0.5839999999999999	0.010001144811315405
0.585	0.008888511507031195
0.5859999999999999	0.007782985547829468
0.587	0.006684517604916273
0.5879999999999999	0.00559305874920313
0.589	0.004508560440900229
0.5899999999999999	0.0034309745392860783
0.591	0.0023602532801948665
0.5919999999999999	0.0012963492942814282
0.593	0.00023921558132285932
0.5939999999999999	0.
0.595	0.
0.5959999999999999	0.
0.597	0.
0.5979999999999999	0.
0.599	0.
0.5999999999999999	0.
0.601	0.
0.6019999999999999	0.
0.603	0.
0.6039999999999999	0.
0.605	0.
0.6059999999999999	0.
0.607	0.
0.6079999999999999	0.
0.609	0.
0.6099999999999999	0.
0.611	0.
0.6119999999999999	0.
0.613	0.
0.6139999999999999	0.
0.615	0.
0.6159999999999999	0.
0.617	0.
0.6179999999999999	0.
0.619	0.
0.6199999999999999	0.
0.621	0.
0.6219999999999999	0.
0.623	0.
0.6239999999999999	0.
0.625	0.
0.6259999999999999	0.
0.627	0.
0.6279999999999999	0.
0.629	0.
0.6299999999999999	0.
0.631	0.
0.6319999999999999	0.
0.633	0.
0.6339999999999999	0.
0.635	0.
0.6359999999999999	0.
0.637	0.
0.6379999999999999	0.
0.639	0.
0.6399999999999999	0.
0.641	0.
0.6419999999999999	0.
0.643	0.
0.6439999999999999	0.
0.645	0.
0.6459999999999999	0.
0.647	0.
0.6479999999999999	0.
0.649	0.
0.6499999999999999	0.
0.651	0.
0.6519999999999999	0.
0.653	0.
0.6539999999999999	0.
0.655	0.
0.6559999999999999	0.
0.657	0.
0.6579999999999999	0.
0.659	0.
0.6599999999999999	0.
0.661	0.
0.6619999999999999	0.
0.663	0.
0.6639999999999999	0.
0.665	0.
0.6659999999999999	0.
0.667	0.
0.6679999999999999	0.
0.669	0.
0.6699999999999999	0.
0.671	0.
0.6719999999999999	0.
0.673	0.
0.6739999999999999	0.
0.675	0.
0.6759999999999999	0.
0.677	0.
0.6779999999999999	0.
0.679	0.
0.6799999999999999	0.
0.681	0.
0.6819999999999999	0.
0.683	0.
0.6839999999999999	0.
0.685	0.
0.6859999999999999	0.
0.687	0.
0.688	0.
0.6890000000000001	0.
0.69	0.
0.6910000000000001	0.
0.692	0.
0.6930000000000001	0.
0.694	0.
0.6950000000000001	0.
0.696	0.
0.6970000000000001	0.
0.698	0.
0.6990000000000001	0.
0.7	0.
0.7010000000000001	0.
0.702	0.
0.7030000000000001	0.
0.704	0.
0.7049999999999998	0.
0.706	0.
0.7069999999999999	0.
0.708	0.
0.7089999999999999	0.
0.71	0.
0.7109999999999999	0.
0.712	0.
0.7129999999999999	0.
0.714	0.
0.7149999999999999	0.
0.716	0.
0.7169999999999999	0.
0.718	0.
0.7189999999999999	0.
0.72	0.
0.7209999999999999	0.
0.722	0.
0.7229999999999999	0.
0.724	0.
0.7249999999999999	0.
0.726	0.
0.7269999999999999	0.
0.728	0.
0.7289999999999999	0.
0.73	0.
0.7309999999999999	0.
0.732	0.
0.7329999999999999	0.
0.734	0.
0.7349999999999999	0.
0.736	0.
0.7369999999999999	0.
0.738	0.
0.7389999999999999	0.
0.74	0.
0.7409999999999999	0.
0.742	0.
0.7429999999999999	0.
0.744	0.
0.7449999999999999	0.
0.746	0.
0.7469999999999999	0.
0.748	0.
0.7489999999999999	0.
0.75	0.
0.7509999999999999	0.
0.752	0.
0.7529999999999999	0.
0.754	0.
0.7549999999999999	0.
0.756	0.
0.7569999999999999	0.
0.758	0.
0.7589999999999999	0.
0.76	0.
0.7609999999999999	0.
0.762	0.
0.7629999999999999	0.
0.764	0.
0.7649999999999999	0.
0.766	0.
0.7669999999999999	0.
0.768	0.
0.7689999999999999	0.
0.77	0.
0.7709999999999999	0.
0.772	0.
0.7729999999999999	0.
0.774	0.
0.7749999999999999	0.
0.776	0.
0.7769999999999999	0.
0.778	0.
0.7789999999999999	0.
0.78	0.
0.7809999999999999	0.
0.782	0.
0.7829999999999999	0.
0.784	0.
0.7849999999999999	0.
0.786	0.
0.7869999999999999	0.
0.788	0.
0.7889999999999999	0.
0.79	0.
0.7909999999999999	0.
0.792	0.
0.7929999999999999	0.
0.794	0.
0.7949999999999999	0.
0.796	0.
0.7969999999999999	0.
0.798	0.
0.7989999999999999	0.
0.8	0.
0.8009999999999999	0.
0.802	0.
0.8029999999999999	0.
0.804	0.
0.8049999999999999	0.
0.806	0.
0.8069999999999999	0.
0.808	0.
0.8089999999999999	0.
0.81	0.
0.8109999999999999	0.
0.812	0.
0.813	0.
0.8140000000000001	0.
0.815	0.
0.8160000000000001	0.
0.817	0.
0.8180000000000001	0.
0.819	0.
0.8200000000000001	0.
0.821	0.
0.8220000000000001	0.
0.823	0.
0.8240000000000001	0.
0.825	0.
0.8260000000000001	0.
0.827	0.
0.8280000000000001	0.
0.829	0.
0.8300000000000001	0.
0.831	0.
0.8320000000000001	0.
0.833	0.
0.8339999999999999	0.
0.835	0.
0.8359999999999999	0.
0.837	0.
0.8379999999999999	0.
0.839	0.
0.8399999999999999	0.
0.841	0.
0.8419999999999999	0.
0.843	0.
0.8439999999999999	0.
0.845	0.
0.8459999999999999	0.
0.847	0.
0.8479999999999999	0.
0.849	0.
0.8499999999999999	0.
0.851	0.
0.8519999999999999	0.
0.853	0.
0.8539999999999999	0.
0.855	0.
0.8559999999999999	0.
0.857	0.
0.8579999999999999	0.
0.859	0.
0.8599999999999999	0.
0.861	0.
0.8619999999999999	0.
0.863	0.
0.8639999999999999	0.
0.865	0.
0.8659999999999999	0.
0.867	0.
0.8679999999999999	0.
0.869	0.
0.8699999999999999	0.
0.871	0.
0.8719999999999999	0.
0.873	0.
0.8739999999999999	0.
0.875	0.
0.8759999999999999	0.
0.877	0.
0.8779999999999999	0.
0.879	0.
0.8799999999999999	0.
0.881	0.
0.8819999999999999	0.
0.883	0.
0.8839999999999999	0.
0.885	0.
0.8859999999999999	0.
0.887	0.
0.8879999999999999	0.
0.889	0.
0.8899999999999999	0.
0.891	0.
0.8919999999999999	0.
0.893	0.
0.8939999999999999	0.
0.895	0.
0.8959999999999999	0.
0.897	0.
0.8979999999999999	0.
0.899	0.
0.8999999999999999	0.
0.901	0.
0.9019999999999999	0.
0.903	0.
0.9039999999999999	0.
0.905	0.
0.9059999999999999	0.
0.907	0.
0.9079999999999999	0.
0.909	0.
0.9099999999999999	0.
0.911	0.
0.9119999999999999	0.
0.913	0.
0.9139999999999999	0.
0.915	0.
0.9159999999999999	0.
0.917	0.
0.9179999999999999	0.
0.919	0.
0.9199999999999999	0.
0.921	0.
0.9219999999999999	0.
0.923	0.
0.9239999999999999	0.
0.925	0.
0.9259999999999999	0.
0.927	0.
0.9279999999999999	0.
0.929	0.
0.9299999999999999	0.
0.931	0.
0.9319999999999999	0.
0.933	0.
0.9339999999999999	0.
0.935	0.
0.9359999999999999	0.
0.937	0.
0.938	0.
0.9390000000000001	0.
0.94	0.
0.9410000000000001	0.
0.942	0.
0.9430000000000001	0.
0.944	0.
0.9450000000000001	0.
0.946	0.
0.9470000000000001	0.
0.948	0.
0.9490000000000001	0.
0.95	0.
0.9510000000000001	0.
0.952	0.
0.9530000000000001	0.
0.954	0.
0.9550000000000001	0.
0.956	0.
0.9570000000000001	0.
0.958	0.
0.9590000000000001	0.
0.96	0.
0.9609999999999999	0.
0.962	0.
0.9629999999999999	0.
0.964	0.
0.9649999999999999	0.
0.966	0.
0.9669999999999999	0.
0.968	0.
0.9689999999999999	0.
0.97	0.
0.9709999999999999	0.
0.972	0.
0.9729999999999999	0.
0.974	0.
0.9749999999999999	0.
0.976	0.
0.9769999999999999	0.
0.978	0.
0.9789999999999999	0.
0.98	0.
0.9809999999999999	0.
0.982	0.
0.9829999999999999	0.
0.984	0.
0.9849999999999999	0.
0.986	0.
0.9869999999999999	0.
0.988	0.
0.9889999999999999	0.
0.99	0.
0.9909999999999999	0.
0.992	0.
0.9929999999999999	0.
0.994	0.
0.9949999999999999	0.
0.996	0.
0.9969999999999999	0.
0.998	0.
0.9989999999999999	0.
1.	0