# BEGIN PLOT
LegendOnly=//afs/cern.ch/user/d/dkar/lh2015-qg/Vincia-2001/lhc/hadron/dijet.yoda/MC_LHQG_dijet/log_mMDT_GA_10_10_Q100_R10 //afs/cern.ch/user/d/dkar/lh2015-qg/Vincia-2001/lhc/hadron/dijet_nobias.yoda/MC_LHQG_dijet/log_mMDT_GA_10_10_Q100_R10
DrawOnly=//afs/cern.ch/user/d/dkar/lh2015-qg/Vincia-2001/lhc/hadron/dijet.yoda/MC_LHQG_dijet/log_mMDT_GA_10_10_Q100_R10 //afs/cern.ch/user/d/dkar/lh2015-qg/Vincia-2001/lhc/hadron/dijet_nobias.yoda/MC_LHQG_dijet/log_mMDT_GA_10_10_Q100_R10
RatioPlotReference=//afs/cern.ch/user/d/dkar/lh2015-qg/Vincia-2001/lhc/hadron/dijet.yoda/MC_LHQG_dijet/log_mMDT_GA_10_10_Q100_R10
RatioPlot=1
LogY=1
RatioPlotYLabel=Ratio
Legend=1
# END PLOT

# BEGIN HISTO1D //afs/cern.ch/user/d/dkar/lh2015-qg/Vincia-2001/lhc/hadron/dijet.yoda/MC_LHQG_dijet/log_mMDT_GA_10_10_Q100_R10
LineColor=red
LineStyle=solid
Path=//afs/cern.ch/user/d/dkar/lh2015-qg/Vincia-2001/lhc/hadron/dijet.yoda/MC_LHQG_dijet/log_mMDT_GA_10_10_Q100_R10
ScaledBy=0.26786737637472008
Title=dijet
XLabel=
YLabel=
# xlow	 xhigh	 val	 errminus	 errplus
-1.500000e+01	-1.497000e+01	4.713323e-02	5.208681e-03	5.208681e-03
-1.497000e+01	-1.494000e+01	0.000000e+00	0.000000e+00	0.000000e+00
-1.494000e+01	-1.491000e+01	0.000000e+00	0.000000e+00	0.000000e+00
-1.491000e+01	-1.488000e+01	0.000000e+00	0.000000e+00	0.000000e+00
-1.488000e+01	-1.485000e+01	0.000000e+00	0.000000e+00	0.000000e+00
-1.485000e+01	-1.482000e+01	0.000000e+00	0.000000e+00	0.000000e+00
-1.482000e+01	-1.479000e+01	0.000000e+00	0.000000e+00	0.000000e+00
-1.479000e+01	-1.476000e+01	0.000000e+00	0.000000e+00	0.000000e+00
-1.476000e+01	-1.473000e+01	0.000000e+00	0.000000e+00	0.000000e+00
-1.473000e+01	-1.470000e+01	0.000000e+00	0.000000e+00	0.000000e+00
-1.470000e+01	-1.467000e+01	0.000000e+00	0.000000e+00	0.000000e+00
-1.467000e+01	-1.464000e+01	0.000000e+00	0.000000e+00	0.000000e+00
-1.464000e+01	-1.461000e+01	0.000000e+00	0.000000e+00	0.000000e+00
-1.461000e+01	-1.458000e+01	0.000000e+00	0.000000e+00	0.000000e+00
-1.458000e+01	-1.455000e+01	0.000000e+00	0.000000e+00	0.000000e+00
-1.455000e+01	-1.452000e+01	0.000000e+00	0.000000e+00	0.000000e+00
-1.452000e+01	-1.449000e+01	0.000000e+00	0.000000e+00	0.000000e+00
-1.449000e+01	-1.446000e+01	0.000000e+00	0.000000e+00	0.000000e+00
-1.446000e+01	-1.443000e+01	0.000000e+00	0.000000e+00	0.000000e+00
-1.443000e+01	-1.440000e+01	0.000000e+00	0.000000e+00	0.000000e+00
-1.440000e+01	-1.437000e+01	0.000000e+00	0.000000e+00	0.000000e+00
-1.437000e+01	-1.434000e+01	0.000000e+00	0.000000e+00	0.000000e+00
-1.434000e+01	-1.431000e+01	0.000000e+00	0.000000e+00	0.000000e+00
-1.431000e+01	-1.428000e+01	0.000000e+00	0.000000e+00	0.000000e+00
-1.428000e+01	-1.425000e+01	0.000000e+00	0.000000e+00	0.000000e+00
-1.425000e+01	-1.422000e+01	0.000000e+00	0.000000e+00	0.000000e+00
-1.422000e+01	-1.419000e+01	0.000000e+00	0.000000e+00	0.000000e+00
-1.419000e+01	-1.416000e+01	0.000000e+00	0.000000e+00	0.000000e+00
-1.416000e+01	-1.413000e+01	0.000000e+00	0.000000e+00	0.000000e+00
-1.413000e+01	-1.410000e+01	0.000000e+00	0.000000e+00	0.000000e+00
-1.410000e+01	-1.407000e+01	0.000000e+00	0.000000e+00	0.000000e+00
-1.407000e+01	-1.404000e+01	0.000000e+00	0.000000e+00	0.000000e+00
-1.404000e+01	-1.401000e+01	0.000000e+00	0.000000e+00	0.000000e+00
-1.401000e+01	-1.398000e+01	0.000000e+00	0.000000e+00	0.000000e+00
-1.398000e+01	-1.395000e+01	0.000000e+00	0.000000e+00	0.000000e+00
-1.395000e+01	-1.392000e+01	0.000000e+00	0.000000e+00	0.000000e+00
-1.392000e+01	-1.389000e+01	0.000000e+00	0.000000e+00	0.000000e+00
-1.389000e+01	-1.386000e+01	0.000000e+00	0.000000e+00	0.000000e+00
-1.386000e+01	-1.383000e+01	0.000000e+00	0.000000e+00	0.000000e+00
-1.383000e+01	-1.380000e+01	0.000000e+00	0.000000e+00	0.000000e+00
-1.380000e+01	-1.377000e+01	0.000000e+00	0.000000e+00	0.000000e+00
-1.377000e+01	-1.374000e+01	0.000000e+00	0.000000e+00	0.000000e+00
-1.374000e+01	-1.371000e+01	0.000000e+00	0.000000e+00	0.000000e+00
-1.371000e+01	-1.368000e+01	0.000000e+00	0.000000e+00	0.000000e+00
-1.368000e+01	-1.365000e+01	0.000000e+00	0.000000e+00	0.000000e+00
-1.365000e+01	-1.362000e+01	0.000000e+00	0.000000e+00	0.000000e+00
-1.362000e+01	-1.359000e+01	0.000000e+00	0.000000e+00	0.000000e+00
-1.359000e+01	-1.356000e+01	0.000000e+00	0.000000e+00	0.000000e+00
-1.356000e+01	-1.353000e+01	0.000000e+00	0.000000e+00	0.000000e+00
-1.353000e+01	-1.350000e+01	0.000000e+00	0.000000e+00	0.000000e+00
-1.350000e+01	-1.347000e+01	0.000000e+00	0.000000e+00	0.000000e+00
-1.347000e+01	-1.344000e+01	0.000000e+00	0.000000e+00	0.000000e+00
-1.344000e+01	-1.341000e+01	0.000000e+00	0.000000e+00	0.000000e+00
-1.341000e+01	-1.338000e+01	0.000000e+00	0.000000e+00	0.000000e+00
-1.338000e+01	-1.335000e+01	0.000000e+00	0.000000e+00	0.000000e+00
-1.335000e+01	-1.332000e+01	0.000000e+00	0.000000e+00	0.000000e+00
-1.332000e+01	-1.329000e+01	0.000000e+00	0.000000e+00	0.000000e+00
-1.329000e+01	-1.326000e+01	0.000000e+00	0.000000e+00	0.000000e+00
-1.326000e+01	-1.323000e+01	0.000000e+00	0.000000e+00	0.000000e+00
-1.323000e+01	-1.320000e+01	0.000000e+00	0.000000e+00	0.000000e+00
-1.320000e+01	-1.317000e+01	0.000000e+00	0.000000e+00	0.000000e+00
-1.317000e+01	-1.314000e+01	0.000000e+00	0.000000e+00	0.000000e+00
-1.314000e+01	-1.311000e+01	0.000000e+00	0.000000e+00	0.000000e+00
-1.311000e+01	-1.308000e+01	0.000000e+00	0.000000e+00	0.000000e+00
-1.308000e+01	-1.305000e+01	0.000000e+00	0.000000e+00	0.000000e+00
-1.305000e+01	-1.302000e+01	0.000000e+00	0.000000e+00	0.000000e+00
-1.302000e+01	-1.299000e+01	0.000000e+00	0.000000e+00	0.000000e+00
-1.299000e+01	-1.296000e+01	0.000000e+00	0.000000e+00	0.000000e+00
-1.296000e+01	-1.293000e+01	0.000000e+00	0.000000e+00	0.000000e+00
-1.293000e+01	-1.290000e+01	0.000000e+00	0.000000e+00	0.000000e+00
-1.290000e+01	-1.287000e+01	0.000000e+00	0.000000e+00	0.000000e+00
-1.287000e+01	-1.284000e+01	0.000000e+00	0.000000e+00	0.000000e+00
-1.284000e+01	-1.281000e+01	0.000000e+00	0.000000e+00	0.000000e+00
-1.281000e+01	-1.278000e+01	0.000000e+00	0.000000e+00	0.000000e+00
-1.278000e+01	-1.275000e+01	0.000000e+00	0.000000e+00	0.000000e+00
-1.275000e+01	-1.272000e+01	0.000000e+00	0.000000e+00	0.000000e+00
-1.272000e+01	-1.269000e+01	0.000000e+00	0.000000e+00	0.000000e+00
-1.269000e+01	-1.266000e+01	0.000000e+00	0.000000e+00	0.000000e+00
-1.266000e+01	-1.263000e+01	0.000000e+00	0.000000e+00	0.000000e+00
-1.263000e+01	-1.260000e+01	0.000000e+00	0.000000e+00	0.000000e+00
-1.260000e+01	-1.257000e+01	0.000000e+00	0.000000e+00	0.000000e+00
-1.257000e+01	-1.254000e+01	0.000000e+00	0.000000e+00	0.000000e+00
-1.254000e+01	-1.251000e+01	0.000000e+00	0.000000e+00	0.000000e+00
-1.251000e+01	-1.248000e+01	0.000000e+00	0.000000e+00	0.000000e+00
-1.248000e+01	-1.245000e+01	0.000000e+00	0.000000e+00	0.000000e+00
-1.245000e+01	-1.242000e+01	0.000000e+00	0.000000e+00	0.000000e+00
-1.242000e+01	-1.239000e+01	0.000000e+00	0.000000e+00	0.000000e+00
-1.239000e+01	-1.236000e+01	0.000000e+00	0.000000e+00	0.000000e+00
-1.236000e+01	-1.233000e+01	0.000000e+00	0.000000e+00	0.000000e+00
-1.233000e+01	-1.230000e+01	0.000000e+00	0.000000e+00	0.000000e+00
-1.230000e+01	-1.227000e+01	0.000000e+00	0.000000e+00	0.000000e+00
-1.227000e+01	-1.224000e+01	0.000000e+00	0.000000e+00	0.000000e+00
-1.224000e+01	-1.221000e+01	0.000000e+00	0.000000e+00	0.000000e+00
-1.221000e+01	-1.218000e+01	0.000000e+00	0.000000e+00	0.000000e+00
-1.218000e+01	-1.215000e+01	0.000000e+00	0.000000e+00	0.000000e+00
-1.215000e+01	-1.212000e+01	0.000000e+00	0.000000e+00	0.000000e+00
-1.212000e+01	-1.209000e+01	0.000000e+00	0.000000e+00	0.000000e+00
-1.209000e+01	-1.206000e+01	0.000000e+00	0.000000e+00	0.000000e+00
-1.206000e+01	-1.203000e+01	0.000000e+00	0.000000e+00	0.000000e+00
-1.203000e+01	-1.200000e+01	0.000000e+00	0.000000e+00	0.000000e+00
-1.200000e+01	-1.197000e+01	0.000000e+00	0.000000e+00	0.000000e+00
-1.197000e+01	-1.194000e+01	0.000000e+00	0.000000e+00	0.000000e+00
-1.194000e+01	-1.191000e+01	0.000000e+00	0.000000e+00	0.000000e+00
-1.191000e+01	-1.188000e+01	0.000000e+00	0.000000e+00	0.000000e+00
-1.188000e+01	-1.185000e+01	0.000000e+00	0.000000e+00	0.000000e+00
-1.185000e+01	-1.182000e+01	0.000000e+00	0.000000e+00	0.000000e+00
-1.182000e+01	-1.179000e+01	0.000000e+00	0.000000e+00	0.000000e+00
-1.179000e+01	-1.176000e+01	0.000000e+00	0.000000e+00	0.000000e+00
-1.176000e+01	-1.173000e+01	0.000000e+00	0.000000e+00	0.000000e+00
-1.173000e+01	-1.170000e+01	0.000000e+00	0.000000e+00	0.000000e+00
-1.170000e+01	-1.167000e+01	0.000000e+00	0.000000e+00	0.000000e+00
-1.167000e+01	-1.164000e+01	0.000000e+00	0.000000e+00	0.000000e+00
-1.164000e+01	-1.161000e+01	0.000000e+00	0.000000e+00	0.000000e+00
-1.161000e+01	-1.158000e+01	0.000000e+00	0.000000e+00	0.000000e+00
-1.158000e+01	-1.155000e+01	0.000000e+00	0.000000e+00	0.000000e+00
-1.155000e+01	-1.152000e+01	0.000000e+00	0.000000e+00	0.000000e+00
-1.152000e+01	-1.149000e+01	0.000000e+00	0.000000e+00	0.000000e+00
-1.149000e+01	-1.146000e+01	0.000000e+00	0.000000e+00	0.000000e+00
-1.146000e+01	-1.143000e+01	0.000000e+00	0.000000e+00	0.000000e+00
-1.143000e+01	-1.140000e+01	0.000000e+00	0.000000e+00	0.000000e+00
-1.140000e+01	-1.137000e+01	0.000000e+00	0.000000e+00	0.000000e+00
-1.137000e+01	-1.134000e+01	0.000000e+00	0.000000e+00	0.000000e+00
-1.134000e+01	-1.131000e+01	0.000000e+00	0.000000e+00	0.000000e+00
-1.131000e+01	-1.128000e+01	2.941739e-06	2.941739e-06	2.941739e-06
-1.128000e+01	-1.125000e+01	0.000000e+00	0.000000e+00	0.000000e+00
-1.125000e+01	-1.122000e+01	0.000000e+00	0.000000e+00	0.000000e+00
-1.122000e+01	-1.119000e+01	0.000000e+00	0.000000e+00	0.000000e+00
-1.119000e+01	-1.116000e+01	0.000000e+00	0.000000e+00	0.000000e+00
-1.116000e+01	-1.113000e+01	0.000000e+00	0.000000e+00	0.000000e+00
-1.113000e+01	-1.110000e+01	0.000000e+00	0.000000e+00	0.000000e+00
-1.110000e+01	-1.107000e+01	0.000000e+00	0.000000e+00	0.000000e+00
-1.107000e+01	-1.104000e+01	0.000000e+00	0.000000e+00	0.000000e+00
-1.104000e+01	-1.101000e+01	0.000000e+00	0.000000e+00	0.000000e+00
-1.101000e+01	-1.098000e+01	0.000000e+00	0.000000e+00	0.000000e+00
-1.098000e+01	-1.095000e+01	0.000000e+00	0.000000e+00	0.000000e+00
-1.095000e+01	-1.092000e+01	0.000000e+00	0.000000e+00	0.000000e+00
-1.092000e+01	-1.089000e+01	0.000000e+00	0.000000e+00	0.000000e+00
-1.089000e+01	-1.086000e+01	0.000000e+00	0.000000e+00	0.000000e+00
-1.086000e+01	-1.083000e+01	0.000000e+00	0.000000e+00	0.000000e+00
-1.083000e+01	-1.080000e+01	0.000000e+00	0.000000e+00	0.000000e+00
-1.080000e+01	-1.077000e+01	0.000000e+00	0.000000e+00	0.000000e+00
-1.077000e+01	-1.074000e+01	0.000000e+00	0.000000e+00	0.000000e+00
-1.074000e+01	-1.071000e+01	0.000000e+00	0.000000e+00	0.000000e+00
-1.071000e+01	-1.068000e+01	0.000000e+00	0.000000e+00	0.000000e+00
-1.068000e+01	-1.065000e+01	0.000000e+00	0.000000e+00	0.000000e+00
-1.065000e+01	-1.062000e+01	0.000000e+00	0.000000e+00	0.000000e+00
-1.062000e+01	-1.059000e+01	0.000000e+00	0.000000e+00	0.000000e+00
-1.059000e+01	-1.056000e+01	0.000000e+00	0.000000e+00	0.000000e+00
-1.056000e+01	-1.053000e+01	0.000000e+00	0.000000e+00	0.000000e+00
-1.053000e+01	-1.050000e+01	0.000000e+00	0.000000e+00	0.000000e+00
-1.050000e+01	-1.047000e+01	0.000000e+00	0.000000e+00	0.000000e+00
-1.047000e+01	-1.044000e+01	0.000000e+00	0.000000e+00	0.000000e+00
-1.044000e+01	-1.041000e+01	0.000000e+00	0.000000e+00	0.000000e+00
-1.041000e+01	-1.038000e+01	0.000000e+00	0.000000e+00	0.000000e+00
-1.038000e+01	-1.035000e+01	0.000000e+00	0.000000e+00	0.000000e+00
-1.035000e+01	-1.032000e+01	0.000000e+00	0.000000e+00	0.000000e+00
-1.032000e+01	-1.029000e+01	0.000000e+00	0.000000e+00	0.000000e+00
-1.029000e+01	-1.026000e+01	0.000000e+00	0.000000e+00	0.000000e+00
-1.026000e+01	-1.023000e+01	0.000000e+00	0.000000e+00	0.000000e+00
-1.023000e+01	-1.020000e+01	0.000000e+00	0.000000e+00	0.000000e+00
-1.020000e+01	-1.017000e+01	0.000000e+00	0.000000e+00	0.000000e+00
-1.017000e+01	-1.014000e+01	0.000000e+00	0.000000e+00	0.000000e+00
-1.014000e+01	-1.011000e+01	0.000000e+00	0.000000e+00	0.000000e+00
-1.011000e+01	-1.008000e+01	0.000000e+00	0.000000e+00	0.000000e+00
-1.008000e+01	-1.005000e+01	0.000000e+00	0.000000e+00	0.000000e+00
-1.005000e+01	-1.002000e+01	0.000000e+00	0.000000e+00	0.000000e+00
-1.002000e+01	-9.990000e+00	0.000000e+00	0.000000e+00	0.000000e+00
-9.990000e+00	-9.960000e+00	5.420297e-05	5.417684e-05	5.417684e-05
-9.960000e+00	-9.930000e+00	1.095507e-08	1.095507e-08	1.095507e-08
-9.930000e+00	-9.900000e+00	0.000000e+00	0.000000e+00	0.000000e+00
-9.900000e+00	-9.870000e+00	0.000000e+00	0.000000e+00	0.000000e+00
-9.870000e+00	-9.840000e+00	0.000000e+00	0.000000e+00	0.000000e+00
-9.840000e+00	-9.810000e+00	1.183223e-07	1.183223e-07	1.183223e-07
-9.810000e+00	-9.780000e+00	0.000000e+00	0.000000e+00	0.000000e+00
-9.780000e+00	-9.750000e+00	0.000000e+00	0.000000e+00	0.000000e+00
-9.750000e+00	-9.720000e+00	0.000000e+00	0.000000e+00	0.000000e+00
-9.720000e+00	-9.690000e+00	0.000000e+00	0.000000e+00	0.000000e+00
-9.690000e+00	-9.660000e+00	5.182983e-08	5.182982e-08	5.182982e-08
-9.660000e+00	-9.630000e+00	0.000000e+00	0.000000e+00	0.000000e+00
-9.630000e+00	-9.600000e+00	1.807860e-07	1.589413e-07	1.589413e-07
-9.600000e+00	-9.570000e+00	9.394097e-08	8.904688e-08	8.904688e-08
-9.570000e+00	-9.540000e+00	0.000000e+00	0.000000e+00	0.000000e+00
-9.540000e+00	-9.510000e+00	7.761290e-08	7.761289e-08	7.761289e-08
-9.510000e+00	-9.480000e+00	0.000000e+00	0.000000e+00	0.000000e+00
-9.480000e+00	-9.450000e+00	9.448347e-07	8.606414e-07	8.606414e-07
-9.450000e+00	-9.420000e+00	2.272306e-06	2.272305e-06	2.272305e-06
-9.420000e+00	-9.390000e+00	0.000000e+00	0.000000e+00	0.000000e+00
-9.390000e+00	-9.360000e+00	0.000000e+00	0.000000e+00	0.000000e+00
-9.360000e+00	-9.330000e+00	1.160614e-06	1.160614e-06	1.160614e-06
-9.330000e+00	-9.300000e+00	3.568050e-08	3.568050e-08	3.568050e-08
-9.300000e+00	-9.270000e+00	4.412330e-06	4.412331e-06	4.412331e-06
-9.270000e+00	-9.240000e+00	0.000000e+00	0.000000e+00	0.000000e+00
-9.240000e+00	-9.210000e+00	0.000000e+00	0.000000e+00	0.000000e+00
-9.210000e+00	-9.180000e+00	0.000000e+00	0.000000e+00	0.000000e+00
-9.180000e+00	-9.150000e+00	8.367837e-08	8.367837e-08	8.367837e-08
-9.150000e+00	-9.120000e+00	4.991547e-07	4.167944e-07	4.167944e-07
-9.120000e+00	-9.090000e+00	0.000000e+00	0.000000e+00	0.000000e+00
-9.090000e+00	-9.060000e+00	0.000000e+00	0.000000e+00	0.000000e+00
-9.060000e+00	-9.030000e+00	0.000000e+00	0.000000e+00	0.000000e+00
-9.030000e+00	-9.000000e+00	3.892727e-08	3.892725e-08	3.892725e-08
-9.000000e+00	-8.970000e+00	5.217780e-08	5.217782e-08	5.217782e-08
-8.970000e+00	-8.940000e+00	1.468266e-06	1.071289e-06	1.071289e-06
-8.940000e+00	-8.910000e+00	6.694167e-07	6.598766e-07	6.598766e-07
-8.910000e+00	-8.880000e+00	9.313833e-06	5.562878e-06	5.562878e-06
-8.880000e+00	-8.850000e+00	4.742070e-07	4.742069e-07	4.742069e-07
-8.850000e+00	-8.820000e+00	6.503670e-07	6.503669e-07	6.503669e-07
-8.820000e+00	-8.790000e+00	1.110437e-07	8.224262e-08	8.224262e-08
-8.790000e+00	-8.760000e+00	2.908016e-07	2.266750e-07	2.266750e-07
-8.760000e+00	-8.730000e+00	2.855050e-06	2.702201e-06	2.702201e-06
-8.730000e+00	-8.700000e+00	5.059290e-07	3.651014e-07	3.651014e-07
-8.700000e+00	-8.670000e+00	6.356000e-07	3.956775e-07	3.956775e-07
-8.670000e+00	-8.640000e+00	3.189773e-06	3.009773e-06	3.009773e-06
-8.640000e+00	-8.610000e+00	0.000000e+00	0.000000e+00	0.000000e+00
-8.610000e+00	-8.580000e+00	1.062764e-06	6.888586e-07	6.888586e-07
-8.580000e+00	-8.550000e+00	3.620700e-07	3.472050e-07	3.472050e-07
-8.550000e+00	-8.520000e+00	3.453140e-05	3.439535e-05	3.439535e-05
-8.520000e+00	-8.490000e+00	4.276723e-08	3.024102e-08	3.024102e-08
-8.490000e+00	-8.460000e+00	1.747581e-08	1.747582e-08	1.747582e-08
-8.460000e+00	-8.430000e+00	2.805162e-07	2.436944e-07	2.436944e-07
-8.430000e+00	-8.400000e+00	1.895144e-05	9.429110e-06	9.429110e-06
-8.400000e+00	-8.370000e+00	1.859497e-06	1.143441e-06	1.143441e-06
-8.370000e+00	-8.340000e+00	5.618560e-06	5.618559e-06	5.618559e-06
-8.340000e+00	-8.310000e+00	6.375160e-07	6.130324e-07	6.130324e-07
-8.310000e+00	-8.280000e+00	1.719007e-05	1.347953e-05	1.347953e-05
-8.280000e+00	-8.250000e+00	2.804157e-05	2.774084e-05	2.774084e-05
-8.250000e+00	-8.220000e+00	1.300114e-06	1.207442e-06	1.207442e-06
-8.220000e+00	-8.190000e+00	2.196131e-05	1.068758e-05	1.068758e-05
-8.190000e+00	-8.160000e+00	3.451140e-06	3.425334e-06	3.425334e-06
-8.160000e+00	-8.130000e+00	2.605834e-05	2.505584e-05	2.505584e-05
-8.130000e+00	-8.100000e+00	3.083019e-06	2.210478e-06	2.210478e-06
-8.100000e+00	-8.070000e+00	3.977357e-05	2.519775e-05	2.519775e-05
-8.070000e+00	-8.040000e+00	1.190428e-05	8.121892e-06	8.121892e-06
-8.040000e+00	-8.010000e+00	1.996078e-07	1.378293e-07	1.378293e-07
-8.010000e+00	-7.980000e+00	1.125006e-04	9.187207e-05	9.187207e-05
-7.980000e+00	-7.950000e+00	6.607873e-06	6.458195e-06	6.458195e-06
-7.950000e+00	-7.920000e+00	5.553860e-06	4.183531e-06	4.183531e-06
-7.920000e+00	-7.890000e+00	4.242230e-04	4.081420e-04	4.081420e-04
-7.890000e+00	-7.860000e+00	1.172740e-03	1.110677e-03	1.110677e-03
-7.860000e+00	-7.830000e+00	1.857460e-05	1.184066e-05	1.184066e-05
-7.830000e+00	-7.800000e+00	5.238717e-05	3.728528e-05	3.728528e-05
-7.800000e+00	-7.770000e+00	3.223184e-07	2.486288e-07	2.486288e-07
-7.770000e+00	-7.740000e+00	5.290113e-06	2.218695e-06	2.218695e-06
-7.740000e+00	-7.710000e+00	1.130712e-04	1.107600e-04	1.107600e-04
-7.710000e+00	-7.680000e+00	1.872508e-06	8.468260e-07	8.468260e-07
-7.680000e+00	-7.650000e+00	2.236714e-04	1.384504e-04	1.384504e-04
-7.650000e+00	-7.620000e+00	1.565709e-05	1.214927e-05	1.214927e-05
-7.620000e+00	-7.590000e+00	6.834907e-04	5.482745e-04	5.482745e-04
-7.590000e+00	-7.560000e+00	6.626757e-06	3.169923e-06	3.169923e-06
-7.560000e+00	-7.530000e+00	2.709940e-04	2.193058e-04	2.193058e-04
-7.530000e+00	-7.500000e+00	4.722450e-05	2.862605e-05	2.862605e-05
-7.500000e+00	-7.470000e+00	1.874397e-04	1.188771e-04	1.188771e-04
-7.470000e+00	-7.440000e+00	4.994560e-05	1.869023e-05	1.869023e-05
-7.440000e+00	-7.410000e+00	7.327150e-05	3.917669e-05	3.917669e-05
-7.410000e+00	-7.380000e+00	1.254556e-05	5.613556e-06	5.613556e-06
-7.380000e+00	-7.350000e+00	1.328051e-04	7.200127e-05	7.200127e-05
-7.350000e+00	-7.320000e+00	1.096968e-04	5.770863e-05	5.770863e-05
-7.320000e+00	-7.290000e+00	9.204020e-05	4.880295e-05	4.880295e-05
-7.290000e+00	-7.260000e+00	1.700850e-04	8.842757e-05	8.842757e-05
-7.260000e+00	-7.230000e+00	5.202493e-05	2.979962e-05	2.979962e-05
-7.230000e+00	-7.200000e+00	1.246520e-04	5.208441e-05	5.208441e-05
-7.200000e+00	-7.170000e+00	7.068277e-04	6.930440e-04	6.930440e-04
-7.170000e+00	-7.140000e+00	7.742557e-04	6.864364e-04	6.864364e-04
-7.140000e+00	-7.110000e+00	1.338958e-04	7.933801e-05	7.933801e-05
-7.110000e+00	-7.080000e+00	1.853729e-04	1.476811e-04	1.476811e-04
-7.080000e+00	-7.050000e+00	7.470330e-04	3.818673e-04	3.818673e-04
-7.050000e+00	-7.020000e+00	6.168640e-04	4.349350e-04	4.349350e-04
-7.020000e+00	-6.990000e+00	8.044097e-04	5.174077e-04	5.174077e-04
-6.990000e+00	-6.960000e+00	7.652823e-04	3.724097e-04	3.724097e-04
-6.960000e+00	-6.930000e+00	1.360772e-04	6.971228e-05	6.971228e-05
-6.930000e+00	-6.900000e+00	5.599977e-04	3.332347e-04	3.332347e-04
-6.900000e+00	-6.870000e+00	2.133417e-03	1.301292e-03	1.301292e-03
-6.870000e+00	-6.840000e+00	5.486977e-04	2.323511e-04	2.323511e-04
-6.840000e+00	-6.810000e+00	2.290718e-03	1.501942e-03	1.501942e-03
-6.810000e+00	-6.780000e+00	3.874167e-04	2.319138e-04	2.319138e-04
-6.780000e+00	-6.750000e+00	2.583285e-04	1.322774e-04	1.322774e-04
-6.750000e+00	-6.720000e+00	1.837544e-03	1.063241e-03	1.063241e-03
-6.720000e+00	-6.690000e+00	4.571533e-04	1.546505e-04	1.546505e-04
-6.690000e+00	-6.660000e+00	7.429030e-04	3.639919e-04	3.639919e-04
-6.660000e+00	-6.630000e+00	1.474251e-03	8.868296e-04	8.868296e-04
-6.630000e+00	-6.600000e+00	3.066900e-04	8.969627e-05	8.969627e-05
-6.600000e+00	-6.570000e+00	3.131168e-04	1.137890e-04	1.137890e-04
-6.570000e+00	-6.540000e+00	9.054920e-04	6.464942e-04	6.464942e-04
-6.540000e+00	-6.510000e+00	8.843463e-04	3.582414e-04	3.582414e-04
-6.510000e+00	-6.480000e+00	1.990456e-03	1.349223e-03	1.349223e-03
-6.480000e+00	-6.450000e+00	1.757565e-03	8.136344e-04	8.136344e-04
-6.450000e+00	-6.420000e+00	1.842598e-03	8.752768e-04	8.752768e-04
-6.420000e+00	-6.390000e+00	7.714680e-04	2.731255e-04	2.731255e-04
-6.390000e+00	-6.360000e+00	8.272643e-04	3.509900e-04	3.509900e-04
-6.360000e+00	-6.330000e+00	1.192210e-03	4.597223e-04	4.597223e-04
-6.330000e+00	-6.300000e+00	8.866557e-04	2.157082e-04	2.157082e-04
-6.300000e+00	-6.270000e+00	1.153185e-03	4.285216e-04	4.285216e-04
-6.270000e+00	-6.240000e+00	1.425855e-02	9.716668e-03	9.716668e-03
-6.240000e+00	-6.210000e+00	3.077776e-03	2.353200e-03	2.353200e-03
-6.210000e+00	-6.180000e+00	2.096239e-03	8.734706e-04	8.734706e-04
-6.180000e+00	-6.150000e+00	1.997113e-03	8.109704e-04	8.109704e-04
-6.150000e+00	-6.120000e+00	2.078983e-03	7.107950e-04	7.107950e-04
-6.120000e+00	-6.090000e+00	6.355867e-03	3.618021e-03	3.618021e-03
-6.090000e+00	-6.060000e+00	2.254410e-03	6.872611e-04	6.872611e-04
-6.060000e+00	-6.030000e+00	2.624330e-03	6.178269e-04	6.178269e-04
-6.030000e+00	-6.000000e+00	2.724352e-03	8.987344e-04	8.987344e-04
-6.000000e+00	-5.970000e+00	4.436907e-03	1.545079e-03	1.545079e-03
-5.970000e+00	-5.940000e+00	3.590633e-03	1.196948e-03	1.196948e-03
-5.940000e+00	-5.910000e+00	2.968645e-03	6.889114e-04	6.889114e-04
-5.910000e+00	-5.880000e+00	6.290453e-03	2.333830e-03	2.333830e-03
-5.880000e+00	-5.850000e+00	3.931097e-03	1.012571e-03	1.012571e-03
-5.850000e+00	-5.820000e+00	2.523842e-03	6.388531e-04	6.388531e-04
-5.820000e+00	-5.790000e+00	3.567247e-03	8.587834e-04	8.587834e-04
-5.790000e+00	-5.760000e+00	1.256949e-02	7.804615e-03	7.804615e-03
-5.760000e+00	-5.730000e+00	5.641127e-03	1.346430e-03	1.346430e-03
-5.730000e+00	-5.700000e+00	4.099983e-03	1.075778e-03	1.075778e-03
-5.700000e+00	-5.670000e+00	5.836263e-03	1.239197e-03	1.239197e-03
-5.670000e+00	-5.640000e+00	4.500140e-03	1.173922e-03	1.173922e-03
-5.640000e+00	-5.610000e+00	6.121643e-03	1.544758e-03	1.544758e-03
-5.610000e+00	-5.580000e+00	1.226378e-02	3.715752e-03	3.715752e-03
-5.580000e+00	-5.550000e+00	4.800970e-03	8.177803e-04	8.177803e-04
-5.550000e+00	-5.520000e+00	8.081453e-03	1.752246e-03	1.752246e-03
-5.520000e+00	-5.490000e+00	1.304873e-02	3.238236e-03	3.238236e-03
-5.490000e+00	-5.460000e+00	7.991083e-03	1.332018e-03	1.332018e-03
-5.460000e+00	-5.430000e+00	7.380323e-03	1.240867e-03	1.240867e-03
-5.430000e+00	-5.400000e+00	8.926500e-03	1.786804e-03	1.786804e-03
-5.400000e+00	-5.370000e+00	8.613837e-03	1.616251e-03	1.616251e-03
-5.370000e+00	-5.340000e+00	1.437569e-02	3.884944e-03	3.884944e-03
-5.340000e+00	-5.310000e+00	8.792843e-03	1.466541e-03	1.466541e-03
-5.310000e+00	-5.280000e+00	1.130087e-02	2.352925e-03	2.352925e-03
-5.280000e+00	-5.250000e+00	1.644371e-02	3.947736e-03	3.947736e-03
-5.250000e+00	-5.220000e+00	1.415387e-02	2.440195e-03	2.440195e-03
-5.220000e+00	-5.190000e+00	1.591086e-02	2.648458e-03	2.648458e-03
-5.190000e+00	-5.160000e+00	1.582460e-02	2.607491e-03	2.607491e-03
-5.160000e+00	-5.130000e+00	1.891670e-02	3.659285e-03	3.659285e-03
-5.130000e+00	-5.100000e+00	1.796221e-02	2.860473e-03	2.860473e-03
-5.100000e+00	-5.070000e+00	2.015229e-02	5.021388e-03	5.021388e-03
-5.070000e+00	-5.040000e+00	2.966653e-02	5.940638e-03	5.940638e-03
-5.040000e+00	-5.010000e+00	2.047598e-02	2.868027e-03	2.868027e-03
-5.010000e+00	-4.980000e+00	1.828934e-02	2.235753e-03	2.235753e-03
-4.980000e+00	-4.950000e+00	2.032700e-02	2.824929e-03	2.824929e-03
-4.950000e+00	-4.920000e+00	2.841679e-02	4.191161e-03	4.191161e-03
-4.920000e+00	-4.890000e+00	3.321044e-02	4.544098e-03	4.544098e-03
-4.890000e+00	-4.860000e+00	2.967190e-02	3.321753e-03	3.321753e-03
-4.860000e+00	-4.830000e+00	2.896269e-02	3.655070e-03	3.655070e-03
-4.830000e+00	-4.800000e+00	3.514823e-02	4.153052e-03	4.153052e-03
-4.800000e+00	-4.770000e+00	3.351413e-02	4.190916e-03	4.190916e-03
-4.770000e+00	-4.740000e+00	3.395950e-02	3.625062e-03	3.625062e-03
-4.740000e+00	-4.710000e+00	4.015460e-02	4.933601e-03	4.933601e-03
-4.710000e+00	-4.680000e+00	4.382660e-02	4.741283e-03	4.741283e-03
-4.680000e+00	-4.650000e+00	4.552717e-02	6.398324e-03	6.398324e-03
-4.650000e+00	-4.620000e+00	4.744533e-02	7.871518e-03	7.871518e-03
-4.620000e+00	-4.590000e+00	6.229647e-02	5.936809e-03	5.936809e-03
-4.590000e+00	-4.560000e+00	6.681407e-02	1.111482e-02	1.111482e-02
-4.560000e+00	-4.530000e+00	4.696367e-02	4.441563e-03	4.441563e-03
-4.530000e+00	-4.500000e+00	7.084713e-02	8.729299e-03	8.729299e-03
-4.500000e+00	-4.470000e+00	7.806180e-02	1.142950e-02	1.142950e-02
-4.470000e+00	-4.440000e+00	6.424730e-02	9.918100e-03	9.918100e-03
-4.440000e+00	-4.410000e+00	8.374967e-02	9.727866e-03	9.727866e-03
-4.410000e+00	-4.380000e+00	6.899033e-02	6.379324e-03	6.379324e-03
-4.380000e+00	-4.350000e+00	9.087933e-02	1.413609e-02	1.413609e-02
-4.350000e+00	-4.320000e+00	8.460133e-02	1.136320e-02	1.136320e-02
-4.320000e+00	-4.290000e+00	7.772210e-02	7.887332e-03	7.887332e-03
-4.290000e+00	-4.260000e+00	8.411817e-02	7.724517e-03	7.724517e-03
-4.260000e+00	-4.230000e+00	8.124260e-02	7.350150e-03	7.350150e-03
-4.230000e+00	-4.200000e+00	9.348643e-02	7.059995e-03	7.059995e-03
-4.200000e+00	-4.170000e+00	8.021913e-02	5.851267e-03	5.851267e-03
-4.170000e+00	-4.140000e+00	9.747070e-02	8.202349e-03	8.202349e-03
-4.140000e+00	-4.110000e+00	1.105313e-01	1.073497e-02	1.073497e-02
-4.110000e+00	-4.080000e+00	1.026153e-01	1.003740e-02	1.003740e-02
-4.080000e+00	-4.050000e+00	1.076673e-01	8.014072e-03	8.014072e-03
-4.050000e+00	-4.020000e+00	1.186134e-01	1.030915e-02	1.030915e-02
-4.020000e+00	-3.990000e+00	9.601957e-02	6.479750e-03	6.479750e-03
-3.990000e+00	-3.960000e+00	1.171646e-01	9.508963e-03	9.508963e-03
-3.960000e+00	-3.930000e+00	1.395478e-01	1.213401e-02	1.213401e-02
-3.930000e+00	-3.900000e+00	1.336674e-01	9.136540e-03	9.136540e-03
-3.900000e+00	-3.870000e+00	1.434573e-01	1.215350e-02	1.215350e-02
-3.870000e+00	-3.840000e+00	1.472517e-01	9.709428e-03	9.709428e-03
-3.840000e+00	-3.810000e+00	1.505109e-01	1.440434e-02	1.440434e-02
-3.810000e+00	-3.780000e+00	1.407793e-01	1.444719e-02	1.444719e-02
-3.780000e+00	-3.750000e+00	1.560905e-01	1.676151e-02	1.676151e-02
-3.750000e+00	-3.720000e+00	1.706347e-01	1.568332e-02	1.568332e-02
-3.720000e+00	-3.690000e+00	1.858639e-01	1.464076e-02	1.464076e-02
-3.690000e+00	-3.660000e+00	1.677260e-01	1.733815e-02	1.733815e-02
-3.660000e+00	-3.630000e+00	1.829603e-01	1.545547e-02	1.545547e-02
-3.630000e+00	-3.600000e+00	1.830373e-01	1.739225e-02	1.739225e-02
-3.600000e+00	-3.570000e+00	1.825930e-01	1.814133e-02	1.814133e-02
-3.570000e+00	-3.540000e+00	1.846356e-01	1.125290e-02	1.125290e-02
-3.540000e+00	-3.510000e+00	1.906637e-01	1.133551e-02	1.133551e-02
-3.510000e+00	-3.480000e+00	2.025233e-01	1.762787e-02	1.762787e-02
-3.480000e+00	-3.450000e+00	2.357203e-01	2.310555e-02	2.310555e-02
-3.450000e+00	-3.420000e+00	2.190982e-01	1.613935e-02	1.613935e-02
-3.420000e+00	-3.390000e+00	2.421899e-01	2.003429e-02	2.003429e-02
-3.390000e+00	-3.360000e+00	2.436704e-01	2.092490e-02	2.092490e-02
-3.360000e+00	-3.330000e+00	2.182595e-01	1.348097e-02	1.348097e-02
-3.330000e+00	-3.300000e+00	2.570932e-01	2.195512e-02	2.195512e-02
-3.300000e+00	-3.270000e+00	2.029436e-01	1.177673e-02	1.177673e-02
-3.270000e+00	-3.240000e+00	2.332896e-01	1.243524e-02	1.243524e-02
-3.240000e+00	-3.210000e+00	2.494568e-01	1.935688e-02	1.935688e-02
-3.210000e+00	-3.180000e+00	2.411247e-01	1.790907e-02	1.790907e-02
-3.180000e+00	-3.150000e+00	2.489156e-01	1.965420e-02	1.965420e-02
-3.150000e+00	-3.120000e+00	2.230693e-01	1.359437e-02	1.359437e-02
-3.120000e+00	-3.090000e+00	2.146960e-01	1.320117e-02	1.320117e-02
-3.090000e+00	-3.060000e+00	2.507438e-01	1.638902e-02	1.638902e-02
-3.060000e+00	-3.030000e+00	2.467884e-01	1.485532e-02	1.485532e-02
-3.030000e+00	-3.000000e+00	2.380744e-01	1.586031e-02	1.586031e-02
-3.000000e+00	-2.970000e+00	2.640447e-01	1.871277e-02	1.871277e-02
-2.970000e+00	-2.940000e+00	2.738000e-01	2.286739e-02	2.286739e-02
-2.940000e+00	-2.910000e+00	2.567008e-01	1.784205e-02	1.784205e-02
-2.910000e+00	-2.880000e+00	2.360978e-01	1.405358e-02	1.405358e-02
-2.880000e+00	-2.850000e+00	2.245166e-01	1.435744e-02	1.435744e-02
-2.850000e+00	-2.820000e+00	2.628781e-01	2.030346e-02	2.030346e-02
-2.820000e+00	-2.790000e+00	2.210133e-01	1.704415e-02	1.704415e-02
-2.790000e+00	-2.760000e+00	2.817114e-01	2.394748e-02	2.394748e-02
-2.760000e+00	-2.730000e+00	2.548149e-01	1.784427e-02	1.784427e-02
-2.730000e+00	-2.700000e+00	2.565150e-01	1.756303e-02	1.756303e-02
-2.700000e+00	-2.670000e+00	2.334627e-01	1.603296e-02	1.603296e-02
-2.670000e+00	-2.640000e+00	2.476061e-01	1.682122e-02	1.682122e-02
-2.640000e+00	-2.610000e+00	2.567105e-01	2.339148e-02	2.339148e-02
-2.610000e+00	-2.580000e+00	2.491238e-01	1.665972e-02	1.665972e-02
-2.580000e+00	-2.550000e+00	2.373474e-01	1.529825e-02	1.529825e-02
-2.550000e+00	-2.520000e+00	2.282880e-01	1.569897e-02	1.569897e-02
-2.520000e+00	-2.490000e+00	2.139507e-01	1.401790e-02	1.401790e-02
-2.490000e+00	-2.460000e+00	2.251989e-01	1.894979e-02	1.894979e-02
-2.460000e+00	-2.430000e+00	2.594890e-01	1.721000e-02	1.721000e-02
-2.430000e+00	-2.400000e+00	2.382645e-01	1.880081e-02	1.880081e-02
-2.400000e+00	-2.370000e+00	2.260516e-01	1.634034e-02	1.634034e-02
-2.370000e+00	-2.340000e+00	2.491236e-01	1.567980e-02	1.567980e-02
-2.340000e+00	-2.310000e+00	2.546251e-01	1.954718e-02	1.954718e-02
-2.310000e+00	-2.280000e+00	2.671728e-01	2.276730e-02	2.276730e-02
-2.280000e+00	-2.250000e+00	2.356217e-01	1.612472e-02	1.612472e-02
-2.250000e+00	-2.220000e+00	2.477093e-01	2.325715e-02	2.325715e-02
-2.220000e+00	-2.190000e+00	2.709705e-01	2.453645e-02	2.453645e-02
-2.190000e+00	-2.160000e+00	2.696884e-01	2.688051e-02	2.688051e-02
-2.160000e+00	-2.130000e+00	2.562039e-01	1.752050e-02	1.752050e-02
-2.130000e+00	-2.100000e+00	2.970083e-01	2.382556e-02	2.382556e-02
-2.100000e+00	-2.070000e+00	2.948112e-01	1.885455e-02	1.885455e-02
-2.070000e+00	-2.040000e+00	2.909295e-01	1.896613e-02	1.896613e-02
-2.040000e+00	-2.010000e+00	3.205006e-01	2.133751e-02	2.133751e-02
-2.010000e+00	-1.980000e+00	3.050384e-01	1.678789e-02	1.678789e-02
-1.980000e+00	-1.950000e+00	3.053759e-01	1.912894e-02	1.912894e-02
-1.950000e+00	-1.920000e+00	3.430963e-01	2.762997e-02	2.762997e-02
-1.920000e+00	-1.890000e+00	3.361410e-01	1.949195e-02	1.949195e-02
-1.890000e+00	-1.860000e+00	3.027782e-01	1.622420e-02	1.622420e-02
-1.860000e+00	-1.830000e+00	3.487230e-01	2.308648e-02	2.308648e-02
-1.830000e+00	-1.800000e+00	3.438397e-01	2.049214e-02	2.049214e-02
-1.800000e+00	-1.770000e+00	3.370593e-01	2.156672e-02	2.156672e-02
-1.770000e+00	-1.740000e+00	3.352250e-01	1.990463e-02	1.990463e-02
-1.740000e+00	-1.710000e+00	3.620443e-01	2.209529e-02	2.209529e-02
-1.710000e+00	-1.680000e+00	3.881033e-01	2.673341e-02	2.673341e-02
-1.680000e+00	-1.650000e+00	3.865587e-01	2.122364e-02	2.122364e-02
-1.650000e+00	-1.620000e+00	4.033397e-01	2.669906e-02	2.669906e-02
-1.620000e+00	-1.590000e+00	4.306400e-01	2.537666e-02	2.537666e-02
-1.590000e+00	-1.560000e+00	4.361683e-01	3.015615e-02	3.015615e-02
-1.560000e+00	-1.530000e+00	4.214443e-01	2.339150e-02	2.339150e-02
-1.530000e+00	-1.500000e+00	4.732803e-01	2.795822e-02	2.795822e-02
-1.500000e+00	-1.470000e+00	4.128863e-01	2.560657e-02	2.560657e-02
-1.470000e+00	-1.440000e+00	4.300160e-01	2.625980e-02	2.625980e-02
-1.440000e+00	-1.410000e+00	4.043057e-01	2.365155e-02	2.365155e-02
-1.410000e+00	-1.380000e+00	3.976260e-01	2.171958e-02	2.171958e-02
-1.380000e+00	-1.350000e+00	4.358377e-01	2.764283e-02	2.764283e-02
-1.350000e+00	-1.320000e+00	4.173173e-01	2.418491e-02	2.418491e-02
-1.320000e+00	-1.290000e+00	3.749490e-01	2.182405e-02	2.182405e-02
-1.290000e+00	-1.260000e+00	3.975913e-01	2.508789e-02	2.508789e-02
-1.260000e+00	-1.230000e+00	3.771177e-01	2.480576e-02	2.480576e-02
-1.230000e+00	-1.200000e+00	3.666390e-01	2.680342e-02	2.680342e-02
-1.200000e+00	-1.170000e+00	3.333241e-01	2.328181e-02	2.328181e-02
-1.170000e+00	-1.140000e+00	4.144287e-01	3.061195e-02	3.061195e-02
-1.140000e+00	-1.110000e+00	3.509860e-01	2.620597e-02	2.620597e-02
-1.110000e+00	-1.080000e+00	3.656987e-01	3.343636e-02	3.343636e-02
-1.080000e+00	-1.050000e+00	3.397403e-01	2.539617e-02	2.539617e-02
-1.050000e+00	-1.020000e+00	2.967498e-01	2.100474e-02	2.100474e-02
-1.020000e+00	-9.900000e-01	3.319445e-01	2.954485e-02	2.954485e-02
-9.900000e-01	-9.600000e-01	2.928687e-01	2.483454e-02	2.483454e-02
-9.600000e-01	-9.300000e-01	2.760136e-01	2.493298e-02	2.493298e-02
-9.300000e-01	-9.000000e-01	2.819525e-01	2.293580e-02	2.293580e-02
-9.000000e-01	-8.700000e-01	2.813621e-01	2.679331e-02	2.679331e-02
-8.700000e-01	-8.400000e-01	2.277806e-01	2.046932e-02	2.046932e-02
-8.400000e-01	-8.100000e-01	2.391984e-01	2.733842e-02	2.733842e-02
-8.100000e-01	-7.800000e-01	1.746532e-01	1.576994e-02	1.576994e-02
-7.800000e-01	-7.500000e-01	1.553238e-01	1.362657e-02	1.362657e-02
-7.500000e-01	-7.200000e-01	1.607694e-01	1.950556e-02	1.950556e-02
-7.200000e-01	-6.900000e-01	1.590005e-01	1.761029e-02	1.761029e-02
-6.900000e-01	-6.600000e-01	1.595002e-01	2.355090e-02	2.355090e-02
-6.600000e-01	-6.300000e-01	1.119823e-01	1.781480e-02	1.781480e-02
-6.300000e-01	-6.000000e-01	1.180924e-01	2.015520e-02	2.015520e-02
-6.000000e-01	-5.700000e-01	8.231510e-02	1.178017e-02	1.178017e-02
-5.700000e-01	-5.400000e-01	6.877730e-02	1.511652e-02	1.511652e-02
-5.400000e-01	-5.100000e-01	7.164637e-02	1.831401e-02	1.831401e-02
-5.100000e-01	-4.800000e-01	2.868688e-02	4.929089e-03	4.929089e-03
-4.800000e-01	-4.500000e-01	3.010702e-02	7.572709e-03	7.572709e-03
-4.500000e-01	-4.200000e-01	3.090738e-02	8.927616e-03	8.927616e-03
-4.200000e-01	-3.900000e-01	1.541621e-02	4.363512e-03	4.363512e-03
-3.900000e-01	-3.600000e-01	7.718497e-03	2.956551e-03	2.956551e-03
-3.600000e-01	-3.300000e-01	5.119397e-03	1.869710e-03	1.869710e-03
-3.300000e-01	-3.000000e-01	2.571607e-02	1.133929e-02	1.133929e-02
-3.000000e-01	-2.700000e-01	3.511570e-03	1.768987e-03	1.768987e-03
-2.700000e-01	-2.400000e-01	3.684727e-03	1.537932e-03	1.537932e-03
-2.400000e-01	-2.100000e-01	1.689542e-03	1.059508e-03	1.059508e-03
-2.100000e-01	-1.800000e-01	1.214589e-04	8.892384e-05	8.892384e-05
-1.800000e-01	-1.500000e-01	6.882193e-05	6.882194e-05	6.882194e-05
-1.500000e-01	-1.200000e-01	4.979237e-05	4.979236e-05	4.979236e-05
-1.200000e-01	-9.000000e-02	2.459762e-03	2.459762e-03	2.459762e-03
-9.000000e-02	-6.000000e-02	0.000000e+00	0.000000e+00	0.000000e+00
-6.000000e-02	-3.000000e-02	4.023853e-04	4.023854e-04	4.023854e-04
-3.000000e-02	0.000000e+00	0.000000e+00	0.000000e+00	0.000000e+00
# END HISTO1D

# BEGIN HISTO1D //afs/cern.ch/user/d/dkar/lh2015-qg/Vincia-2001/lhc/hadron/dijet_nobias.yoda/MC_LHQG_dijet/log_mMDT_GA_10_10_Q100_R10
LineColor=blue
LineStyle=solid
Path=//afs/cern.ch/user/d/dkar/lh2015-qg/Vincia-2001/lhc/hadron/dijet_nobias.yoda/MC_LHQG_dijet/log_mMDT_GA_10_10_Q100_R10
ScaledBy=0.00010371292263015972
Title=dijet_nobias
XLabel=
YLabel=
# xlow	 xhigh	 val	 errminus	 errplus
-1.500000e+01	-1.497000e+01	4.494227e-02	1.246474e-02	1.246474e-02
-1.497000e+01	-1.494000e+01	0.000000e+00	0.000000e+00	0.000000e+00
-1.494000e+01	-1.491000e+01	0.000000e+00	0.000000e+00	0.000000e+00
-1.491000e+01	-1.488000e+01	0.000000e+00	0.000000e+00	0.000000e+00
-1.488000e+01	-1.485000e+01	0.000000e+00	0.000000e+00	0.000000e+00
-1.485000e+01	-1.482000e+01	0.000000e+00	0.000000e+00	0.000000e+00
-1.482000e+01	-1.479000e+01	0.000000e+00	0.000000e+00	0.000000e+00
-1.479000e+01	-1.476000e+01	0.000000e+00	0.000000e+00	0.000000e+00
-1.476000e+01	-1.473000e+01	0.000000e+00	0.000000e+00	0.000000e+00
-1.473000e+01	-1.470000e+01	0.000000e+00	0.000000e+00	0.000000e+00
-1.470000e+01	-1.467000e+01	0.000000e+00	0.000000e+00	0.000000e+00
-1.467000e+01	-1.464000e+01	0.000000e+00	0.000000e+00	0.000000e+00
-1.464000e+01	-1.461000e+01	0.000000e+00	0.000000e+00	0.000000e+00
-1.461000e+01	-1.458000e+01	0.000000e+00	0.000000e+00	0.000000e+00
-1.458000e+01	-1.455000e+01	0.000000e+00	0.000000e+00	0.000000e+00
-1.455000e+01	-1.452000e+01	0.000000e+00	0.000000e+00	0.000000e+00
-1.452000e+01	-1.449000e+01	0.000000e+00	0.000000e+00	0.000000e+00
-1.449000e+01	-1.446000e+01	0.000000e+00	0.000000e+00	0.000000e+00
-1.446000e+01	-1.443000e+01	0.000000e+00	0.000000e+00	0.000000e+00
-1.443000e+01	-1.440000e+01	0.000000e+00	0.000000e+00	0.000000e+00
-1.440000e+01	-1.437000e+01	0.000000e+00	0.000000e+00	0.000000e+00
-1.437000e+01	-1.434000e+01	0.000000e+00	0.000000e+00	0.000000e+00
-1.434000e+01	-1.431000e+01	0.000000e+00	0.000000e+00	0.000000e+00
-1.431000e+01	-1.428000e+01	0.000000e+00	0.000000e+00	0.000000e+00
-1.428000e+01	-1.425000e+01	0.000000e+00	0.000000e+00	0.000000e+00
-1.425000e+01	-1.422000e+01	0.000000e+00	0.000000e+00	0.000000e+00
-1.422000e+01	-1.419000e+01	0.000000e+00	0.000000e+00	0.000000e+00
-1.419000e+01	-1.416000e+01	0.000000e+00	0.000000e+00	0.000000e+00
-1.416000e+01	-1.413000e+01	0.000000e+00	0.000000e+00	0.000000e+00
-1.413000e+01	-1.410000e+01	0.000000e+00	0.000000e+00	0.000000e+00
-1.410000e+01	-1.407000e+01	0.000000e+00	0.000000e+00	0.000000e+00
-1.407000e+01	-1.404000e+01	0.000000e+00	0.000000e+00	0.000000e+00
-1.404000e+01	-1.401000e+01	0.000000e+00	0.000000e+00	0.000000e+00
-1.401000e+01	-1.398000e+01	0.000000e+00	0.000000e+00	0.000000e+00
-1.398000e+01	-1.395000e+01	0.000000e+00	0.000000e+00	0.000000e+00
-1.395000e+01	-1.392000e+01	0.000000e+00	0.000000e+00	0.000000e+00
-1.392000e+01	-1.389000e+01	0.000000e+00	0.000000e+00	0.000000e+00
-1.389000e+01	-1.386000e+01	0.000000e+00	0.000000e+00	0.000000e+00
-1.386000e+01	-1.383000e+01	0.000000e+00	0.000000e+00	0.000000e+00
-1.383000e+01	-1.380000e+01	0.000000e+00	0.000000e+00	0.000000e+00
-1.380000e+01	-1.377000e+01	0.000000e+00	0.000000e+00	0.000000e+00
-1.377000e+01	-1.374000e+01	0.000000e+00	0.000000e+00	0.000000e+00
-1.374000e+01	-1.371000e+01	0.000000e+00	0.000000e+00	0.000000e+00
-1.371000e+01	-1.368000e+01	0.000000e+00	0.000000e+00	0.000000e+00
-1.368000e+01	-1.365000e+01	0.000000e+00	0.000000e+00	0.000000e+00
-1.365000e+01	-1.362000e+01	0.000000e+00	0.000000e+00	0.000000e+00
-1.362000e+01	-1.359000e+01	0.000000e+00	0.000000e+00	0.000000e+00
-1.359000e+01	-1.356000e+01	0.000000e+00	0.000000e+00	0.000000e+00
-1.356000e+01	-1.353000e+01	0.000000e+00	0.000000e+00	0.000000e+00
-1.353000e+01	-1.350000e+01	0.000000e+00	0.000000e+00	0.000000e+00
-1.350000e+01	-1.347000e+01	0.000000e+00	0.000000e+00	0.000000e+00
-1.347000e+01	-1.344000e+01	0.000000e+00	0.000000e+00	0.000000e+00
-1.344000e+01	-1.341000e+01	0.000000e+00	0.000000e+00	0.000000e+00
-1.341000e+01	-1.338000e+01	0.000000e+00	0.000000e+00	0.000000e+00
-1.338000e+01	-1.335000e+01	0.000000e+00	0.000000e+00	0.000000e+00
-1.335000e+01	-1.332000e+01	0.000000e+00	0.000000e+00	0.000000e+00
-1.332000e+01	-1.329000e+01	0.000000e+00	0.000000e+00	0.000000e+00
-1.329000e+01	-1.326000e+01	0.000000e+00	0.000000e+00	0.000000e+00
-1.326000e+01	-1.323000e+01	0.000000e+00	0.000000e+00	0.000000e+00
-1.323000e+01	-1.320000e+01	0.000000e+00	0.000000e+00	0.000000e+00
-1.320000e+01	-1.317000e+01	0.000000e+00	0.000000e+00	0.000000e+00
-1.317000e+01	-1.314000e+01	0.000000e+00	0.000000e+00	0.000000e+00
-1.314000e+01	-1.311000e+01	0.000000e+00	0.000000e+00	0.000000e+00
-1.311000e+01	-1.308000e+01	0.000000e+00	0.000000e+00	0.000000e+00
-1.308000e+01	-1.305000e+01	0.000000e+00	0.000000e+00	0.000000e+00
-1.305000e+01	-1.302000e+01	0.000000e+00	0.000000e+00	0.000000e+00
-1.302000e+01	-1.299000e+01	0.000000e+00	0.000000e+00	0.000000e+00
-1.299000e+01	-1.296000e+01	0.000000e+00	0.000000e+00	0.000000e+00
-1.296000e+01	-1.293000e+01	0.000000e+00	0.000000e+00	0.000000e+00
-1.293000e+01	-1.290000e+01	0.000000e+00	0.000000e+00	0.000000e+00
-1.290000e+01	-1.287000e+01	0.000000e+00	0.000000e+00	0.000000e+00
-1.287000e+01	-1.284000e+01	0.000000e+00	0.000000e+00	0.000000e+00
-1.284000e+01	-1.281000e+01	0.000000e+00	0.000000e+00	0.000000e+00
-1.281000e+01	-1.278000e+01	0.000000e+00	0.000000e+00	0.000000e+00
-1.278000e+01	-1.275000e+01	0.000000e+00	0.000000e+00	0.000000e+00
-1.275000e+01	-1.272000e+01	0.000000e+00	0.000000e+00	0.000000e+00
-1.272000e+01	-1.269000e+01	0.000000e+00	0.000000e+00	0.000000e+00
-1.269000e+01	-1.266000e+01	0.000000e+00	0.000000e+00	0.000000e+00
-1.266000e+01	-1.263000e+01	0.000000e+00	0.000000e+00	0.000000e+00
-1.263000e+01	-1.260000e+01	0.000000e+00	0.000000e+00	0.000000e+00
-1.260000e+01	-1.257000e+01	0.000000e+00	0.000000e+00	0.000000e+00
-1.257000e+01	-1.254000e+01	0.000000e+00	0.000000e+00	0.000000e+00
-1.254000e+01	-1.251000e+01	0.000000e+00	0.000000e+00	0.000000e+00
-1.251000e+01	-1.248000e+01	0.000000e+00	0.000000e+00	0.000000e+00
-1.248000e+01	-1.245000e+01	0.000000e+00	0.000000e+00	0.000000e+00
-1.245000e+01	-1.242000e+01	0.000000e+00	0.000000e+00	0.000000e+00
-1.242000e+01	-1.239000e+01	0.000000e+00	0.000000e+00	0.000000e+00
-1.239000e+01	-1.236000e+01	0.000000e+00	0.000000e+00	0.000000e+00
-1.236000e+01	-1.233000e+01	0.000000e+00	0.000000e+00	0.000000e+00
-1.233000e+01	-1.230000e+01	0.000000e+00	0.000000e+00	0.000000e+00
-1.230000e+01	-1.227000e+01	0.000000e+00	0.000000e+00	0.000000e+00
-1.227000e+01	-1.224000e+01	0.000000e+00	0.000000e+00	0.000000e+00
-1.224000e+01	-1.221000e+01	0.000000e+00	0.000000e+00	0.000000e+00
-1.221000e+01	-1.218000e+01	0.000000e+00	0.000000e+00	0.000000e+00
-1.218000e+01	-1.215000e+01	0.000000e+00	0.000000e+00	0.000000e+00
-1.215000e+01	-1.212000e+01	0.000000e+00	0.000000e+00	0.000000e+00
-1.212000e+01	-1.209000e+01	0.000000e+00	0.000000e+00	0.000000e+00
-1.209000e+01	-1.206000e+01	0.000000e+00	0.000000e+00	0.000000e+00
-1.206000e+01	-1.203000e+01	0.000000e+00	0.000000e+00	0.000000e+00
-1.203000e+01	-1.200000e+01	0.000000e+00	0.000000e+00	0.000000e+00
-1.200000e+01	-1.197000e+01	0.000000e+00	0.000000e+00	0.000000e+00
-1.197000e+01	-1.194000e+01	0.000000e+00	0.000000e+00	0.000000e+00
-1.194000e+01	-1.191000e+01	0.000000e+00	0.000000e+00	0.000000e+00
-1.191000e+01	-1.188000e+01	0.000000e+00	0.000000e+00	0.000000e+00
-1.188000e+01	-1.185000e+01	0.000000e+00	0.000000e+00	0.000000e+00
-1.185000e+01	-1.182000e+01	0.000000e+00	0.000000e+00	0.000000e+00
-1.182000e+01	-1.179000e+01	0.000000e+00	0.000000e+00	0.000000e+00
-1.179000e+01	-1.176000e+01	0.000000e+00	0.000000e+00	0.000000e+00
-1.176000e+01	-1.173000e+01	0.000000e+00	0.000000e+00	0.000000e+00
-1.173000e+01	-1.170000e+01	0.000000e+00	0.000000e+00	0.000000e+00
-1.170000e+01	-1.167000e+01	0.000000e+00	0.000000e+00	0.000000e+00
-1.167000e+01	-1.164000e+01	0.000000e+00	0.000000e+00	0.000000e+00
-1.164000e+01	-1.161000e+01	0.000000e+00	0.000000e+00	0.000000e+00
-1.161000e+01	-1.158000e+01	0.000000e+00	0.000000e+00	0.000000e+00
-1.158000e+01	-1.155000e+01	0.000000e+00	0.000000e+00	0.000000e+00
-1.155000e+01	-1.152000e+01	0.000000e+00	0.000000e+00	0.000000e+00
-1.152000e+01	-1.149000e+01	0.000000e+00	0.000000e+00	0.000000e+00
-1.149000e+01	-1.146000e+01	0.000000e+00	0.000000e+00	0.000000e+00
-1.146000e+01	-1.143000e+01	0.000000e+00	0.000000e+00	0.000000e+00
-1.143000e+01	-1.140000e+01	0.000000e+00	0.000000e+00	0.000000e+00
-1.140000e+01	-1.137000e+01	0.000000e+00	0.000000e+00	0.000000e+00
-1.137000e+01	-1.134000e+01	0.000000e+00	0.000000e+00	0.000000e+00
-1.134000e+01	-1.131000e+01	0.000000e+00	0.000000e+00	0.000000e+00
-1.131000e+01	-1.128000e+01	0.000000e+00	0.000000e+00	0.000000e+00
-1.128000e+01	-1.125000e+01	0.000000e+00	0.000000e+00	0.000000e+00
-1.125000e+01	-1.122000e+01	0.000000e+00	0.000000e+00	0.000000e+00
-1.122000e+01	-1.119000e+01	0.000000e+00	0.000000e+00	0.000000e+00
-1.119000e+01	-1.116000e+01	0.000000e+00	0.000000e+00	0.000000e+00
-1.116000e+01	-1.113000e+01	0.000000e+00	0.000000e+00	0.000000e+00
-1.113000e+01	-1.110000e+01	0.000000e+00	0.000000e+00	0.000000e+00
-1.110000e+01	-1.107000e+01	0.000000e+00	0.000000e+00	0.000000e+00
-1.107000e+01	-1.104000e+01	0.000000e+00	0.000000e+00	0.000000e+00
-1.104000e+01	-1.101000e+01	0.000000e+00	0.000000e+00	0.000000e+00
-1.101000e+01	-1.098000e+01	0.000000e+00	0.000000e+00	0.000000e+00
-1.098000e+01	-1.095000e+01	0.000000e+00	0.000000e+00	0.000000e+00
-1.095000e+01	-1.092000e+01	0.000000e+00	0.000000e+00	0.000000e+00
-1.092000e+01	-1.089000e+01	0.000000e+00	0.000000e+00	0.000000e+00
-1.089000e+01	-1.086000e+01	0.000000e+00	0.000000e+00	0.000000e+00
-1.086000e+01	-1.083000e+01	0.000000e+00	0.000000e+00	0.000000e+00
-1.083000e+01	-1.080000e+01	0.000000e+00	0.000000e+00	0.000000e+00
-1.080000e+01	-1.077000e+01	0.000000e+00	0.000000e+00	0.000000e+00
-1.077000e+01	-1.074000e+01	0.000000e+00	0.000000e+00	0.000000e+00
-1.074000e+01	-1.071000e+01	0.000000e+00	0.000000e+00	0.000000e+00
-1.071000e+01	-1.068000e+01	0.000000e+00	0.000000e+00	0.000000e+00
-1.068000e+01	-1.065000e+01	0.000000e+00	0.000000e+00	0.000000e+00
-1.065000e+01	-1.062000e+01	0.000000e+00	0.000000e+00	0.000000e+00
-1.062000e+01	-1.059000e+01	0.000000e+00	0.000000e+00	0.000000e+00
-1.059000e+01	-1.056000e+01	0.000000e+00	0.000000e+00	0.000000e+00
-1.056000e+01	-1.053000e+01	0.000000e+00	0.000000e+00	0.000000e+00
-1.053000e+01	-1.050000e+01	0.000000e+00	0.000000e+00	0.000000e+00
-1.050000e+01	-1.047000e+01	0.000000e+00	0.000000e+00	0.000000e+00
-1.047000e+01	-1.044000e+01	0.000000e+00	0.000000e+00	0.000000e+00
-1.044000e+01	-1.041000e+01	0.000000e+00	0.000000e+00	0.000000e+00
-1.041000e+01	-1.038000e+01	0.000000e+00	0.000000e+00	0.000000e+00
-1.038000e+01	-1.035000e+01	0.000000e+00	0.000000e+00	0.000000e+00
-1.035000e+01	-1.032000e+01	0.000000e+00	0.000000e+00	0.000000e+00
-1.032000e+01	-1.029000e+01	0.000000e+00	0.000000e+00	0.000000e+00
-1.029000e+01	-1.026000e+01	0.000000e+00	0.000000e+00	0.000000e+00
-1.026000e+01	-1.023000e+01	0.000000e+00	0.000000e+00	0.000000e+00
-1.023000e+01	-1.020000e+01	0.000000e+00	0.000000e+00	0.000000e+00
-1.020000e+01	-1.017000e+01	0.000000e+00	0.000000e+00	0.000000e+00
-1.017000e+01	-1.014000e+01	0.000000e+00	0.000000e+00	0.000000e+00
-1.014000e+01	-1.011000e+01	0.000000e+00	0.000000e+00	0.000000e+00
-1.011000e+01	-1.008000e+01	0.000000e+00	0.000000e+00	0.000000e+00
-1.008000e+01	-1.005000e+01	0.000000e+00	0.000000e+00	0.000000e+00
-1.005000e+01	-1.002000e+01	0.000000e+00	0.000000e+00	0.000000e+00
-1.002000e+01	-9.990000e+00	0.000000e+00	0.000000e+00	0.000000e+00
-9.990000e+00	-9.960000e+00	0.000000e+00	0.000000e+00	0.000000e+00
-9.960000e+00	-9.930000e+00	0.000000e+00	0.000000e+00	0.000000e+00
-9.930000e+00	-9.900000e+00	0.000000e+00	0.000000e+00	0.000000e+00
-9.900000e+00	-9.870000e+00	0.000000e+00	0.000000e+00	0.000000e+00
-9.870000e+00	-9.840000e+00	0.000000e+00	0.000000e+00	0.000000e+00
-9.840000e+00	-9.810000e+00	0.000000e+00	0.000000e+00	0.000000e+00
-9.810000e+00	-9.780000e+00	0.000000e+00	0.000000e+00	0.000000e+00
-9.780000e+00	-9.750000e+00	0.000000e+00	0.000000e+00	0.000000e+00
-9.750000e+00	-9.720000e+00	0.000000e+00	0.000000e+00	0.000000e+00
-9.720000e+00	-9.690000e+00	0.000000e+00	0.000000e+00	0.000000e+00
-9.690000e+00	-9.660000e+00	0.000000e+00	0.000000e+00	0.000000e+00
-9.660000e+00	-9.630000e+00	0.000000e+00	0.000000e+00	0.000000e+00
-9.630000e+00	-9.600000e+00	0.000000e+00	0.000000e+00	0.000000e+00
-9.600000e+00	-9.570000e+00	0.000000e+00	0.000000e+00	0.000000e+00
-9.570000e+00	-9.540000e+00	0.000000e+00	0.000000e+00	0.000000e+00
-9.540000e+00	-9.510000e+00	0.000000e+00	0.000000e+00	0.000000e+00
-9.510000e+00	-9.480000e+00	0.000000e+00	0.000000e+00	0.000000e+00
-9.480000e+00	-9.450000e+00	0.000000e+00	0.000000e+00	0.000000e+00
-9.450000e+00	-9.420000e+00	0.000000e+00	0.000000e+00	0.000000e+00
-9.420000e+00	-9.390000e+00	0.000000e+00	0.000000e+00	0.000000e+00
-9.390000e+00	-9.360000e+00	0.000000e+00	0.000000e+00	0.000000e+00
-9.360000e+00	-9.330000e+00	0.000000e+00	0.000000e+00	0.000000e+00
-9.330000e+00	-9.300000e+00	0.000000e+00	0.000000e+00	0.000000e+00
-9.300000e+00	-9.270000e+00	0.000000e+00	0.000000e+00	0.000000e+00
-9.270000e+00	-9.240000e+00	0.000000e+00	0.000000e+00	0.000000e+00
-9.240000e+00	-9.210000e+00	0.000000e+00	0.000000e+00	0.000000e+00
-9.210000e+00	-9.180000e+00	0.000000e+00	0.000000e+00	0.000000e+00
-9.180000e+00	-9.150000e+00	0.000000e+00	0.000000e+00	0.000000e+00
-9.150000e+00	-9.120000e+00	0.000000e+00	0.000000e+00	0.000000e+00
-9.120000e+00	-9.090000e+00	0.000000e+00	0.000000e+00	0.000000e+00
-9.090000e+00	-9.060000e+00	0.000000e+00	0.000000e+00	0.000000e+00
-9.060000e+00	-9.030000e+00	0.000000e+00	0.000000e+00	0.000000e+00
-9.030000e+00	-9.000000e+00	0.000000e+00	0.000000e+00	0.000000e+00
-9.000000e+00	-8.970000e+00	0.000000e+00	0.000000e+00	0.000000e+00
-8.970000e+00	-8.940000e+00	0.000000e+00	0.000000e+00	0.000000e+00
-8.940000e+00	-8.910000e+00	0.000000e+00	0.000000e+00	0.000000e+00
-8.910000e+00	-8.880000e+00	0.000000e+00	0.000000e+00	0.000000e+00
-8.880000e+00	-8.850000e+00	0.000000e+00	0.000000e+00	0.000000e+00
-8.850000e+00	-8.820000e+00	0.000000e+00	0.000000e+00	0.000000e+00
-8.820000e+00	-8.790000e+00	0.000000e+00	0.000000e+00	0.000000e+00
-8.790000e+00	-8.760000e+00	0.000000e+00	0.000000e+00	0.000000e+00
-8.760000e+00	-8.730000e+00	0.000000e+00	0.000000e+00	0.000000e+00
-8.730000e+00	-8.700000e+00	0.000000e+00	0.000000e+00	0.000000e+00
-8.700000e+00	-8.670000e+00	0.000000e+00	0.000000e+00	0.000000e+00
-8.670000e+00	-8.640000e+00	0.000000e+00	0.000000e+00	0.000000e+00
-8.640000e+00	-8.610000e+00	0.000000e+00	0.000000e+00	0.000000e+00
-8.610000e+00	-8.580000e+00	0.000000e+00	0.000000e+00	0.000000e+00
-8.580000e+00	-8.550000e+00	0.000000e+00	0.000000e+00	0.000000e+00
-8.550000e+00	-8.520000e+00	0.000000e+00	0.000000e+00	0.000000e+00
-8.520000e+00	-8.490000e+00	0.000000e+00	0.000000e+00	0.000000e+00
-8.490000e+00	-8.460000e+00	0.000000e+00	0.000000e+00	0.000000e+00
-8.460000e+00	-8.430000e+00	0.000000e+00	0.000000e+00	0.000000e+00
-8.430000e+00	-8.400000e+00	0.000000e+00	0.000000e+00	0.000000e+00
-8.400000e+00	-8.370000e+00	0.000000e+00	0.000000e+00	0.000000e+00
-8.370000e+00	-8.340000e+00	0.000000e+00	0.000000e+00	0.000000e+00
-8.340000e+00	-8.310000e+00	0.000000e+00	0.000000e+00	0.000000e+00
-8.310000e+00	-8.280000e+00	0.000000e+00	0.000000e+00	0.000000e+00
-8.280000e+00	-8.250000e+00	0.000000e+00	0.000000e+00	0.000000e+00
-8.250000e+00	-8.220000e+00	0.000000e+00	0.000000e+00	0.000000e+00
-8.220000e+00	-8.190000e+00	0.000000e+00	0.000000e+00	0.000000e+00
-8.190000e+00	-8.160000e+00	0.000000e+00	0.000000e+00	0.000000e+00
-8.160000e+00	-8.130000e+00	0.000000e+00	0.000000e+00	0.000000e+00
-8.130000e+00	-8.100000e+00	3.457097e-03	3.457097e-03	3.457097e-03
-8.100000e+00	-8.070000e+00	0.000000e+00	0.000000e+00	0.000000e+00
-8.070000e+00	-8.040000e+00	0.000000e+00	0.000000e+00	0.000000e+00
-8.040000e+00	-8.010000e+00	0.000000e+00	0.000000e+00	0.000000e+00
-8.010000e+00	-7.980000e+00	0.000000e+00	0.000000e+00	0.000000e+00
-7.980000e+00	-7.950000e+00	0.000000e+00	0.000000e+00	0.000000e+00
-7.950000e+00	-7.920000e+00	0.000000e+00	0.000000e+00	0.000000e+00
-7.920000e+00	-7.890000e+00	0.000000e+00	0.000000e+00	0.000000e+00
-7.890000e+00	-7.860000e+00	0.000000e+00	0.000000e+00	0.000000e+00
-7.860000e+00	-7.830000e+00	0.000000e+00	0.000000e+00	0.000000e+00
-7.830000e+00	-7.800000e+00	0.000000e+00	0.000000e+00	0.000000e+00
-7.800000e+00	-7.770000e+00	0.000000e+00	0.000000e+00	0.000000e+00
-7.770000e+00	-7.740000e+00	0.000000e+00	0.000000e+00	0.000000e+00
-7.740000e+00	-7.710000e+00	0.000000e+00	0.000000e+00	0.000000e+00
-7.710000e+00	-7.680000e+00	0.000000e+00	0.000000e+00	0.000000e+00
-7.680000e+00	-7.650000e+00	0.000000e+00	0.000000e+00	0.000000e+00
-7.650000e+00	-7.620000e+00	0.000000e+00	0.000000e+00	0.000000e+00
-7.620000e+00	-7.590000e+00	0.000000e+00	0.000000e+00	0.000000e+00
-7.590000e+00	-7.560000e+00	0.000000e+00	0.000000e+00	0.000000e+00
-7.560000e+00	-7.530000e+00	0.000000e+00	0.000000e+00	0.000000e+00
-7.530000e+00	-7.500000e+00	0.000000e+00	0.000000e+00	0.000000e+00
-7.500000e+00	-7.470000e+00	0.000000e+00	0.000000e+00	0.000000e+00
-7.470000e+00	-7.440000e+00	0.000000e+00	0.000000e+00	0.000000e+00
-7.440000e+00	-7.410000e+00	0.000000e+00	0.000000e+00	0.000000e+00
-7.410000e+00	-7.380000e+00	0.000000e+00	0.000000e+00	0.000000e+00
-7.380000e+00	-7.350000e+00	0.000000e+00	0.000000e+00	0.000000e+00
-7.350000e+00	-7.320000e+00	0.000000e+00	0.000000e+00	0.000000e+00
-7.320000e+00	-7.290000e+00	0.000000e+00	0.000000e+00	0.000000e+00
-7.290000e+00	-7.260000e+00	0.000000e+00	0.000000e+00	0.000000e+00
-7.260000e+00	-7.230000e+00	0.000000e+00	0.000000e+00	0.000000e+00
-7.230000e+00	-7.200000e+00	0.000000e+00	0.000000e+00	0.000000e+00
-7.200000e+00	-7.170000e+00	0.000000e+00	0.000000e+00	0.000000e+00
-7.170000e+00	-7.140000e+00	0.000000e+00	0.000000e+00	0.000000e+00
-7.140000e+00	-7.110000e+00	0.000000e+00	0.000000e+00	0.000000e+00
-7.110000e+00	-7.080000e+00	0.000000e+00	0.000000e+00	0.000000e+00
-7.080000e+00	-7.050000e+00	0.000000e+00	0.000000e+00	0.000000e+00
-7.050000e+00	-7.020000e+00	0.000000e+00	0.000000e+00	0.000000e+00
-7.020000e+00	-6.990000e+00	0.000000e+00	0.000000e+00	0.000000e+00
-6.990000e+00	-6.960000e+00	3.457097e-03	3.457097e-03	3.457097e-03
-6.960000e+00	-6.930000e+00	0.000000e+00	0.000000e+00	0.000000e+00
-6.930000e+00	-6.900000e+00	0.000000e+00	0.000000e+00	0.000000e+00
-6.900000e+00	-6.870000e+00	0.000000e+00	0.000000e+00	0.000000e+00
-6.870000e+00	-6.840000e+00	0.000000e+00	0.000000e+00	0.000000e+00
-6.840000e+00	-6.810000e+00	3.457097e-03	3.457097e-03	3.457097e-03
-6.810000e+00	-6.780000e+00	0.000000e+00	0.000000e+00	0.000000e+00
-6.780000e+00	-6.750000e+00	0.000000e+00	0.000000e+00	0.000000e+00
-6.750000e+00	-6.720000e+00	0.000000e+00	0.000000e+00	0.000000e+00
-6.720000e+00	-6.690000e+00	6.914193e-03	4.889074e-03	4.889074e-03
-6.690000e+00	-6.660000e+00	0.000000e+00	0.000000e+00	0.000000e+00
-6.660000e+00	-6.630000e+00	0.000000e+00	0.000000e+00	0.000000e+00
-6.630000e+00	-6.600000e+00	0.000000e+00	0.000000e+00	0.000000e+00
-6.600000e+00	-6.570000e+00	0.000000e+00	0.000000e+00	0.000000e+00
-6.570000e+00	-6.540000e+00	0.000000e+00	0.000000e+00	0.000000e+00
-6.540000e+00	-6.510000e+00	0.000000e+00	0.000000e+00	0.000000e+00
-6.510000e+00	-6.480000e+00	0.000000e+00	0.000000e+00	0.000000e+00
-6.480000e+00	-6.450000e+00	3.457097e-03	3.457097e-03	3.457097e-03
-6.450000e+00	-6.420000e+00	0.000000e+00	0.000000e+00	0.000000e+00
-6.420000e+00	-6.390000e+00	0.000000e+00	0.000000e+00	0.000000e+00
-6.390000e+00	-6.360000e+00	0.000000e+00	0.000000e+00	0.000000e+00
-6.360000e+00	-6.330000e+00	3.457097e-03	3.457097e-03	3.457097e-03
-6.330000e+00	-6.300000e+00	0.000000e+00	0.000000e+00	0.000000e+00
-6.300000e+00	-6.270000e+00	0.000000e+00	0.000000e+00	0.000000e+00
-6.270000e+00	-6.240000e+00	3.457097e-03	3.457097e-03	3.457097e-03
-6.240000e+00	-6.210000e+00	3.457097e-03	3.457097e-03	3.457097e-03
-6.210000e+00	-6.180000e+00	3.457097e-03	3.457097e-03	3.457097e-03
-6.180000e+00	-6.150000e+00	3.457097e-03	3.457097e-03	3.457097e-03
-6.150000e+00	-6.120000e+00	3.457097e-03	3.457097e-03	3.457097e-03
-6.120000e+00	-6.090000e+00	3.457097e-03	3.457097e-03	3.457097e-03
-6.090000e+00	-6.060000e+00	1.037129e-02	5.987868e-03	5.987868e-03
-6.060000e+00	-6.030000e+00	0.000000e+00	0.000000e+00	0.000000e+00
-6.030000e+00	-6.000000e+00	0.000000e+00	0.000000e+00	0.000000e+00
-6.000000e+00	-5.970000e+00	3.457097e-03	3.457097e-03	3.457097e-03
-5.970000e+00	-5.940000e+00	6.914193e-03	4.889074e-03	4.889074e-03
-5.940000e+00	-5.910000e+00	6.914193e-03	4.889074e-03	4.889074e-03
-5.910000e+00	-5.880000e+00	6.914193e-03	4.889074e-03	4.889074e-03
-5.880000e+00	-5.850000e+00	3.457097e-03	3.457097e-03	3.457097e-03
-5.850000e+00	-5.820000e+00	6.914193e-03	4.889074e-03	4.889074e-03
-5.820000e+00	-5.790000e+00	6.914193e-03	4.889074e-03	4.889074e-03
-5.790000e+00	-5.760000e+00	2.074258e-02	8.468125e-03	8.468125e-03
-5.760000e+00	-5.730000e+00	6.914193e-03	4.889074e-03	4.889074e-03
-5.730000e+00	-5.700000e+00	3.457097e-03	3.457097e-03	3.457097e-03
-5.700000e+00	-5.670000e+00	3.457097e-03	3.457097e-03	3.457097e-03
-5.670000e+00	-5.640000e+00	0.000000e+00	0.000000e+00	0.000000e+00
-5.640000e+00	-5.610000e+00	6.914193e-03	4.889074e-03	4.889074e-03
-5.610000e+00	-5.580000e+00	0.000000e+00	0.000000e+00	0.000000e+00
-5.580000e+00	-5.550000e+00	3.457097e-03	3.457097e-03	3.457097e-03
-5.550000e+00	-5.520000e+00	6.914193e-03	4.889074e-03	4.889074e-03
-5.520000e+00	-5.490000e+00	6.914193e-03	4.889074e-03	4.889074e-03
-5.490000e+00	-5.460000e+00	1.382839e-02	6.914195e-03	6.914195e-03
-5.460000e+00	-5.430000e+00	1.382839e-02	6.914195e-03	6.914195e-03
-5.430000e+00	-5.400000e+00	1.728549e-02	7.730305e-03	7.730305e-03
-5.400000e+00	-5.370000e+00	3.457097e-03	3.457097e-03	3.457097e-03
-5.370000e+00	-5.340000e+00	1.728549e-02	7.730305e-03	7.730305e-03
-5.340000e+00	-5.310000e+00	1.382839e-02	6.914195e-03	6.914195e-03
-5.310000e+00	-5.280000e+00	6.914193e-03	4.889074e-03	4.889074e-03
-5.280000e+00	-5.250000e+00	6.914193e-03	4.889074e-03	4.889074e-03
-5.250000e+00	-5.220000e+00	2.074258e-02	8.468125e-03	8.468125e-03
-5.220000e+00	-5.190000e+00	1.728549e-02	7.730305e-03	7.730305e-03
-5.190000e+00	-5.160000e+00	2.419968e-02	9.146620e-03	9.146620e-03
-5.160000e+00	-5.130000e+00	2.074258e-02	8.468125e-03	8.468125e-03
-5.130000e+00	-5.100000e+00	1.728549e-02	7.730305e-03	7.730305e-03
-5.100000e+00	-5.070000e+00	3.111388e-02	1.037129e-02	1.037129e-02
-5.070000e+00	-5.040000e+00	1.037129e-02	5.987868e-03	5.987868e-03
-5.040000e+00	-5.010000e+00	1.382839e-02	6.914195e-03	6.914195e-03
-5.010000e+00	-4.980000e+00	4.148517e-02	1.197573e-02	1.197573e-02
-4.980000e+00	-4.950000e+00	2.765678e-02	9.778148e-03	9.778148e-03
-4.950000e+00	-4.920000e+00	2.419968e-02	9.146620e-03	9.146620e-03
-4.920000e+00	-4.890000e+00	4.494227e-02	1.246474e-02	1.246474e-02
-4.890000e+00	-4.860000e+00	3.802807e-02	1.146590e-02	1.146590e-02
-4.860000e+00	-4.830000e+00	4.148517e-02	1.197573e-02	1.197573e-02
-4.830000e+00	-4.800000e+00	2.419968e-02	9.146620e-03	9.146620e-03
-4.800000e+00	-4.770000e+00	6.568487e-02	1.506914e-02	1.506914e-02
-4.770000e+00	-4.740000e+00	4.839937e-02	1.293527e-02	1.293527e-02
-4.740000e+00	-4.710000e+00	3.457097e-02	1.093230e-02	1.093230e-02
-4.710000e+00	-4.680000e+00	3.457097e-02	1.093230e-02	1.093230e-02
-4.680000e+00	-4.650000e+00	3.802807e-02	1.146590e-02	1.146590e-02
-4.650000e+00	-4.620000e+00	6.222777e-02	1.466722e-02	1.466722e-02
-4.620000e+00	-4.590000e+00	3.111388e-02	1.037129e-02	1.037129e-02
-4.590000e+00	-4.560000e+00	6.914193e-02	1.546061e-02	1.546061e-02
-4.560000e+00	-4.530000e+00	8.297033e-02	1.693625e-02	1.693625e-02
-4.530000e+00	-4.500000e+00	5.185647e-02	1.338928e-02	1.338928e-02
-4.500000e+00	-4.470000e+00	5.877067e-02	1.425398e-02	1.425398e-02
-4.470000e+00	-4.440000e+00	5.877067e-02	1.425398e-02	1.425398e-02
-4.440000e+00	-4.410000e+00	8.297033e-02	1.693625e-02	1.693625e-02
-4.410000e+00	-4.380000e+00	7.605613e-02	1.621522e-02	1.621522e-02
-4.380000e+00	-4.350000e+00	6.914193e-02	1.546061e-02	1.546061e-02
-4.350000e+00	-4.320000e+00	7.605613e-02	1.621522e-02	1.621522e-02
-4.320000e+00	-4.290000e+00	9.334163e-02	1.796361e-02	1.796361e-02
-4.290000e+00	-4.260000e+00	5.531357e-02	1.382839e-02	1.382839e-02
-4.260000e+00	-4.230000e+00	6.222777e-02	1.466722e-02	1.466722e-02
-4.230000e+00	-4.200000e+00	7.951323e-02	1.657966e-02	1.657966e-02
-4.200000e+00	-4.170000e+00	9.334163e-02	1.796361e-02	1.796361e-02
-4.170000e+00	-4.140000e+00	1.071700e-01	1.924830e-02	1.924830e-02
-4.140000e+00	-4.110000e+00	1.071700e-01	1.924830e-02	1.924830e-02
-4.110000e+00	-4.080000e+00	1.348268e-01	2.158957e-02	2.158957e-02
-4.080000e+00	-4.050000e+00	1.071700e-01	1.924830e-02	1.924830e-02
-4.050000e+00	-4.020000e+00	1.106271e-01	1.955630e-02	1.955630e-02
-4.020000e+00	-3.990000e+00	1.348268e-01	2.158957e-02	2.158957e-02
-3.990000e+00	-3.960000e+00	1.140842e-01	1.985951e-02	1.985951e-02
-3.960000e+00	-3.930000e+00	1.071700e-01	1.924830e-02	1.924830e-02
-3.930000e+00	-3.900000e+00	1.451981e-01	2.240455e-02	2.240455e-02
-3.900000e+00	-3.870000e+00	1.521123e-01	2.293179e-02	2.293179e-02
-3.870000e+00	-3.840000e+00	1.417410e-01	2.213622e-02	2.213622e-02
-3.840000e+00	-3.810000e+00	1.693978e-01	2.419968e-02	2.419968e-02
-3.810000e+00	-3.780000e+00	1.244555e-01	2.074258e-02	2.074258e-02
-3.780000e+00	-3.750000e+00	1.728549e-01	2.444537e-02	2.444537e-02
-3.750000e+00	-3.720000e+00	1.555694e-01	2.319092e-02	2.319092e-02
-3.720000e+00	-3.690000e+00	1.417410e-01	2.213622e-02	2.213622e-02
-3.690000e+00	-3.660000e+00	1.763120e-01	2.468861e-02	2.468861e-02
-3.660000e+00	-3.630000e+00	1.624836e-01	2.370067e-02	2.370067e-02
-3.630000e+00	-3.600000e+00	1.970546e-01	2.610051e-02	2.610051e-02
-3.600000e+00	-3.570000e+00	1.797691e-01	2.492948e-02	2.492948e-02
-3.570000e+00	-3.540000e+00	2.108829e-01	2.700079e-02	2.700079e-02
-3.540000e+00	-3.510000e+00	1.866833e-01	2.540437e-02	2.540437e-02
-3.510000e+00	-3.480000e+00	1.970546e-01	2.610051e-02	2.610051e-02
-3.480000e+00	-3.450000e+00	1.832262e-01	2.516805e-02	2.516805e-02
-3.450000e+00	-3.420000e+00	2.039687e-01	2.655447e-02	2.655447e-02
-3.420000e+00	-3.390000e+00	2.005117e-01	2.632847e-02	2.632847e-02
-3.390000e+00	-3.360000e+00	2.143400e-01	2.722121e-02	2.722121e-02
-3.360000e+00	-3.330000e+00	2.454539e-01	2.913002e-02	2.913002e-02
-3.330000e+00	-3.300000e+00	2.074258e-01	2.677856e-02	2.677856e-02
-3.300000e+00	-3.270000e+00	2.696536e-01	3.053226e-02	3.053226e-02
-3.270000e+00	-3.240000e+00	2.247113e-01	2.787201e-02	2.787201e-02
-3.240000e+00	-3.210000e+00	2.523681e-01	2.953745e-02	2.953745e-02
-3.210000e+00	-3.180000e+00	2.558252e-01	2.973908e-02	2.973908e-02
-3.180000e+00	-3.150000e+00	2.419968e-01	2.892415e-02	2.892415e-02
-3.150000e+00	-3.120000e+00	2.661965e-01	3.033591e-02	3.033591e-02
-3.120000e+00	-3.090000e+00	2.350826e-01	2.850796e-02	2.850796e-02
-3.090000e+00	-3.060000e+00	2.281684e-01	2.808559e-02	2.808559e-02
-3.060000e+00	-3.030000e+00	2.177971e-01	2.743986e-02	2.743986e-02
-3.030000e+00	-3.000000e+00	2.143400e-01	2.722121e-02	2.722121e-02
-3.000000e+00	-2.970000e+00	2.938533e-01	3.187286e-02	3.187286e-02
-2.970000e+00	-2.940000e+00	2.385397e-01	2.871681e-02	2.871681e-02
-2.940000e+00	-2.910000e+00	2.869391e-01	3.149566e-02	3.149566e-02
-2.910000e+00	-2.880000e+00	2.247113e-01	2.787201e-02	2.787201e-02
-2.880000e+00	-2.850000e+00	2.385397e-01	2.871681e-02	2.871681e-02
-2.850000e+00	-2.820000e+00	2.696536e-01	3.053226e-02	3.053226e-02
-2.820000e+00	-2.790000e+00	2.903962e-01	3.168482e-02	3.168482e-02
-2.790000e+00	-2.760000e+00	2.661965e-01	3.033591e-02	3.033591e-02
-2.760000e+00	-2.730000e+00	2.316255e-01	2.829756e-02	2.829756e-02
-2.730000e+00	-2.700000e+00	2.247113e-01	2.787201e-02	2.787201e-02
-2.700000e+00	-2.670000e+00	2.316255e-01	2.829756e-02	2.829756e-02
-2.670000e+00	-2.640000e+00	2.419968e-01	2.892415e-02	2.892415e-02
-2.640000e+00	-2.610000e+00	2.558252e-01	2.973908e-02	2.973908e-02
-2.610000e+00	-2.580000e+00	2.558252e-01	2.973908e-02	2.973908e-02
-2.580000e+00	-2.550000e+00	2.523681e-01	2.953745e-02	2.953745e-02
-2.550000e+00	-2.520000e+00	2.592823e-01	2.993934e-02	2.993934e-02
-2.520000e+00	-2.490000e+00	2.489110e-01	2.933445e-02	2.933445e-02
-2.490000e+00	-2.460000e+00	2.454539e-01	2.913002e-02	2.913002e-02
-2.460000e+00	-2.430000e+00	2.696536e-01	3.053226e-02	3.053226e-02
-2.430000e+00	-2.400000e+00	2.005117e-01	2.632847e-02	2.632847e-02
-2.400000e+00	-2.370000e+00	2.350826e-01	2.850796e-02	2.850796e-02
-2.370000e+00	-2.340000e+00	2.419968e-01	2.892415e-02	2.892415e-02
-2.340000e+00	-2.310000e+00	2.661965e-01	3.033591e-02	3.033591e-02
-2.310000e+00	-2.280000e+00	2.108829e-01	2.700079e-02	2.700079e-02
-2.280000e+00	-2.250000e+00	2.731107e-01	3.072735e-02	3.072735e-02
-2.250000e+00	-2.220000e+00	2.661965e-01	3.033591e-02	3.033591e-02
-2.220000e+00	-2.190000e+00	2.108829e-01	2.700079e-02	2.700079e-02
-2.190000e+00	-2.160000e+00	2.800249e-01	3.111388e-02	3.111388e-02
-2.160000e+00	-2.130000e+00	2.523681e-01	2.953745e-02	2.953745e-02
-2.130000e+00	-2.100000e+00	2.281684e-01	2.808559e-02	2.808559e-02
-2.100000e+00	-2.070000e+00	2.627394e-01	3.013828e-02	3.013828e-02
-2.070000e+00	-2.040000e+00	2.903962e-01	3.168482e-02	3.168482e-02
-2.040000e+00	-2.010000e+00	2.973104e-01	3.205980e-02	3.205980e-02
-2.010000e+00	-1.980000e+00	3.353383e-01	3.404846e-02	3.404846e-02
-1.980000e+00	-1.950000e+00	2.800249e-01	3.111388e-02	3.111388e-02
-1.950000e+00	-1.920000e+00	2.834820e-01	3.130535e-02	3.130535e-02
-1.920000e+00	-1.890000e+00	3.076817e-01	3.261419e-02	3.261419e-02
-1.890000e+00	-1.860000e+00	3.664523e-01	3.559299e-02	3.559299e-02
-1.860000e+00	-1.830000e+00	3.768237e-01	3.609315e-02	3.609315e-02
-1.830000e+00	-1.800000e+00	3.042246e-01	3.243045e-02	3.243045e-02
-1.800000e+00	-1.770000e+00	3.353383e-01	3.404846e-02	3.404846e-02
-1.770000e+00	-1.740000e+00	3.664523e-01	3.559299e-02	3.559299e-02
-1.740000e+00	-1.710000e+00	4.183087e-01	3.802807e-02	3.802807e-02
-1.710000e+00	-1.680000e+00	3.871950e-01	3.658647e-02	3.658647e-02
-1.680000e+00	-1.650000e+00	3.353383e-01	3.404846e-02	3.404846e-02
-1.650000e+00	-1.620000e+00	4.113947e-01	3.771248e-02	3.771248e-02
-1.620000e+00	-1.590000e+00	4.252230e-01	3.834107e-02	3.834107e-02
-1.590000e+00	-1.560000e+00	4.044803e-01	3.739422e-02	3.739422e-02
-1.560000e+00	-1.530000e+00	3.215101e-01	3.333903e-02	3.333903e-02
-1.530000e+00	-1.500000e+00	3.975663e-01	3.707325e-02	3.707325e-02
-1.500000e+00	-1.470000e+00	4.044803e-01	3.739422e-02	3.739422e-02
-1.470000e+00	-1.440000e+00	4.978220e-01	4.148516e-02	4.148516e-02
-1.440000e+00	-1.410000e+00	4.528797e-01	3.956830e-02	3.956830e-02
-1.410000e+00	-1.380000e+00	4.390513e-01	3.895951e-02	3.895951e-02
-1.380000e+00	-1.350000e+00	4.286800e-01	3.849661e-02	3.849661e-02
-1.350000e+00	-1.320000e+00	4.148517e-01	3.787060e-02	3.787060e-02
-1.320000e+00	-1.290000e+00	4.183087e-01	3.802807e-02	3.802807e-02
-1.290000e+00	-1.260000e+00	3.906520e-01	3.674945e-02	3.674945e-02
-1.260000e+00	-1.230000e+00	4.286800e-01	3.849661e-02	3.849661e-02
-1.230000e+00	-1.200000e+00	3.975663e-01	3.707325e-02	3.707325e-02
-1.200000e+00	-1.170000e+00	3.526240e-01	3.491498e-02	3.491498e-02
-1.170000e+00	-1.140000e+00	3.353383e-01	3.404846e-02	3.404846e-02
-1.140000e+00	-1.110000e+00	3.768237e-01	3.609315e-02	3.609315e-02
-1.110000e+00	-1.080000e+00	3.629953e-01	3.542471e-02	3.542471e-02
-1.080000e+00	-1.050000e+00	3.145959e-01	3.297861e-02	3.297861e-02
-1.050000e+00	-1.020000e+00	3.629953e-01	3.542471e-02	3.542471e-02
-1.020000e+00	-9.900000e-01	3.076817e-01	3.261419e-02	3.261419e-02
-9.900000e-01	-9.600000e-01	2.973104e-01	3.205980e-02	3.205980e-02
-9.600000e-01	-9.300000e-01	2.731107e-01	3.072735e-02	3.072735e-02
-9.300000e-01	-9.000000e-01	2.765678e-01	3.092122e-02	3.092122e-02
-9.000000e-01	-8.700000e-01	2.696536e-01	3.053226e-02	3.053226e-02
-8.700000e-01	-8.400000e-01	2.800249e-01	3.111388e-02	3.111388e-02
-8.400000e-01	-8.100000e-01	2.869391e-01	3.149566e-02	3.149566e-02
-8.100000e-01	-7.800000e-01	2.281684e-01	2.808559e-02	2.808559e-02
-7.800000e-01	-7.500000e-01	1.659407e-01	2.395147e-02	2.395147e-02
-7.500000e-01	-7.200000e-01	1.832262e-01	2.516805e-02	2.516805e-02
-7.200000e-01	-6.900000e-01	1.417410e-01	2.213622e-02	2.213622e-02
-6.900000e-01	-6.600000e-01	1.590265e-01	2.344717e-02	2.344717e-02
-6.600000e-01	-6.300000e-01	1.279126e-01	2.102870e-02	2.102870e-02
-6.300000e-01	-6.000000e-01	1.002558e-01	1.861704e-02	1.861704e-02
-6.000000e-01	-5.700000e-01	6.914193e-02	1.546061e-02	1.546061e-02
-5.700000e-01	-5.400000e-01	8.297033e-02	1.693625e-02	1.693625e-02
-5.400000e-01	-5.100000e-01	4.839937e-02	1.293527e-02	1.293527e-02
-5.100000e-01	-4.800000e-01	2.765678e-02	9.778148e-03	9.778148e-03
-4.800000e-01	-4.500000e-01	3.457097e-02	1.093230e-02	1.093230e-02
-4.500000e-01	-4.200000e-01	1.728549e-02	7.730305e-03	7.730305e-03
-4.200000e-01	-3.900000e-01	2.419968e-02	9.146620e-03	9.146620e-03
-3.900000e-01	-3.600000e-01	1.382839e-02	6.914195e-03	6.914195e-03
-3.600000e-01	-3.300000e-01	3.457097e-03	3.457097e-03	3.457097e-03
-3.300000e-01	-3.000000e-01	0.000000e+00	0.000000e+00	0.000000e+00
-3.000000e-01	-2.700000e-01	1.037129e-02	5.987868e-03	5.987868e-03
-2.700000e-01	-2.400000e-01	0.000000e+00	0.000000e+00	0.000000e+00
-2.400000e-01	-2.100000e-01	3.457097e-03	3.457097e-03	3.457097e-03
-2.100000e-01	-1.800000e-01	6.914193e-03	4.889074e-03	4.889074e-03
-1.800000e-01	-1.500000e-01	0.000000e+00	0.000000e+00	0.000000e+00
-1.500000e-01	-1.200000e-01	0.000000e+00	0.000000e+00	0.000000e+00
-1.200000e-01	-9.000000e-02	0.000000e+00	0.000000e+00	0.000000e+00
-9.000000e-02	-6.000000e-02	3.457097e-03	3.457097e-03	3.457097e-03
-6.000000e-02	-3.000000e-02	0.000000e+00	0.000000e+00	0.000000e+00
-3.000000e-02	0.000000e+00	0.000000e+00	0.000000e+00	0.000000e+00
# END HISTO1D

