# BEGIN PLOT
LegendOnly=//afs/cern.ch/user/d/dkar/lh2015-qg/Vincia-2001/lhc/hadron/dijet.yoda/MC_LHQG_dijet/log_GA_10_20_Q50_R4 //afs/cern.ch/user/d/dkar/lh2015-qg/Vincia-2001/lhc/hadron/dijet_nobias.yoda/MC_LHQG_dijet/log_GA_10_20_Q50_R4
DrawOnly=//afs/cern.ch/user/d/dkar/lh2015-qg/Vincia-2001/lhc/hadron/dijet.yoda/MC_LHQG_dijet/log_GA_10_20_Q50_R4 //afs/cern.ch/user/d/dkar/lh2015-qg/Vincia-2001/lhc/hadron/dijet_nobias.yoda/MC_LHQG_dijet/log_GA_10_20_Q50_R4
RatioPlotReference=//afs/cern.ch/user/d/dkar/lh2015-qg/Vincia-2001/lhc/hadron/dijet.yoda/MC_LHQG_dijet/log_GA_10_20_Q50_R4
RatioPlot=1
LogY=1
RatioPlotYLabel=Ratio
Legend=1
# END PLOT

# BEGIN HISTO1D //afs/cern.ch/user/d/dkar/lh2015-qg/Vincia-2001/lhc/hadron/dijet.yoda/MC_LHQG_dijet/log_GA_10_20_Q50_R4
LineColor=red
LineStyle=solid
Path=//afs/cern.ch/user/d/dkar/lh2015-qg/Vincia-2001/lhc/hadron/dijet.yoda/MC_LHQG_dijet/log_GA_10_20_Q50_R4
ScaledBy=0.067190937222303876
Title=dijet
XLabel=
YLabel=
# xlow	 xhigh	 val	 errminus	 errplus
-1.500000e+01	-1.497000e+01	0.000000e+00	0.000000e+00	0.000000e+00
-1.497000e+01	-1.494000e+01	0.000000e+00	0.000000e+00	0.000000e+00
-1.494000e+01	-1.491000e+01	0.000000e+00	0.000000e+00	0.000000e+00
-1.491000e+01	-1.488000e+01	0.000000e+00	0.000000e+00	0.000000e+00
-1.488000e+01	-1.485000e+01	0.000000e+00	0.000000e+00	0.000000e+00
-1.485000e+01	-1.482000e+01	0.000000e+00	0.000000e+00	0.000000e+00
-1.482000e+01	-1.479000e+01	0.000000e+00	0.000000e+00	0.000000e+00
-1.479000e+01	-1.476000e+01	0.000000e+00	0.000000e+00	0.000000e+00
-1.476000e+01	-1.473000e+01	0.000000e+00	0.000000e+00	0.000000e+00
-1.473000e+01	-1.470000e+01	0.000000e+00	0.000000e+00	0.000000e+00
-1.470000e+01	-1.467000e+01	0.000000e+00	0.000000e+00	0.000000e+00
-1.467000e+01	-1.464000e+01	0.000000e+00	0.000000e+00	0.000000e+00
-1.464000e+01	-1.461000e+01	0.000000e+00	0.000000e+00	0.000000e+00
-1.461000e+01	-1.458000e+01	0.000000e+00	0.000000e+00	0.000000e+00
-1.458000e+01	-1.455000e+01	0.000000e+00	0.000000e+00	0.000000e+00
-1.455000e+01	-1.452000e+01	0.000000e+00	0.000000e+00	0.000000e+00
-1.452000e+01	-1.449000e+01	0.000000e+00	0.000000e+00	0.000000e+00
-1.449000e+01	-1.446000e+01	0.000000e+00	0.000000e+00	0.000000e+00
-1.446000e+01	-1.443000e+01	0.000000e+00	0.000000e+00	0.000000e+00
-1.443000e+01	-1.440000e+01	0.000000e+00	0.000000e+00	0.000000e+00
-1.440000e+01	-1.437000e+01	0.000000e+00	0.000000e+00	0.000000e+00
-1.437000e+01	-1.434000e+01	0.000000e+00	0.000000e+00	0.000000e+00
-1.434000e+01	-1.431000e+01	0.000000e+00	0.000000e+00	0.000000e+00
-1.431000e+01	-1.428000e+01	0.000000e+00	0.000000e+00	0.000000e+00
-1.428000e+01	-1.425000e+01	0.000000e+00	0.000000e+00	0.000000e+00
-1.425000e+01	-1.422000e+01	0.000000e+00	0.000000e+00	0.000000e+00
-1.422000e+01	-1.419000e+01	0.000000e+00	0.000000e+00	0.000000e+00
-1.419000e+01	-1.416000e+01	0.000000e+00	0.000000e+00	0.000000e+00
-1.416000e+01	-1.413000e+01	0.000000e+00	0.000000e+00	0.000000e+00
-1.413000e+01	-1.410000e+01	0.000000e+00	0.000000e+00	0.000000e+00
-1.410000e+01	-1.407000e+01	0.000000e+00	0.000000e+00	0.000000e+00
-1.407000e+01	-1.404000e+01	0.000000e+00	0.000000e+00	0.000000e+00
-1.404000e+01	-1.401000e+01	0.000000e+00	0.000000e+00	0.000000e+00
-1.401000e+01	-1.398000e+01	0.000000e+00	0.000000e+00	0.000000e+00
-1.398000e+01	-1.395000e+01	0.000000e+00	0.000000e+00	0.000000e+00
-1.395000e+01	-1.392000e+01	0.000000e+00	0.000000e+00	0.000000e+00
-1.392000e+01	-1.389000e+01	0.000000e+00	0.000000e+00	0.000000e+00
-1.389000e+01	-1.386000e+01	0.000000e+00	0.000000e+00	0.000000e+00
-1.386000e+01	-1.383000e+01	0.000000e+00	0.000000e+00	0.000000e+00
-1.383000e+01	-1.380000e+01	0.000000e+00	0.000000e+00	0.000000e+00
-1.380000e+01	-1.377000e+01	0.000000e+00	0.000000e+00	0.000000e+00
-1.377000e+01	-1.374000e+01	0.000000e+00	0.000000e+00	0.000000e+00
-1.374000e+01	-1.371000e+01	0.000000e+00	0.000000e+00	0.000000e+00
-1.371000e+01	-1.368000e+01	0.000000e+00	0.000000e+00	0.000000e+00
-1.368000e+01	-1.365000e+01	0.000000e+00	0.000000e+00	0.000000e+00
-1.365000e+01	-1.362000e+01	0.000000e+00	0.000000e+00	0.000000e+00
-1.362000e+01	-1.359000e+01	0.000000e+00	0.000000e+00	0.000000e+00
-1.359000e+01	-1.356000e+01	0.000000e+00	0.000000e+00	0.000000e+00
-1.356000e+01	-1.353000e+01	0.000000e+00	0.000000e+00	0.000000e+00
-1.353000e+01	-1.350000e+01	0.000000e+00	0.000000e+00	0.000000e+00
-1.350000e+01	-1.347000e+01	0.000000e+00	0.000000e+00	0.000000e+00
-1.347000e+01	-1.344000e+01	0.000000e+00	0.000000e+00	0.000000e+00
-1.344000e+01	-1.341000e+01	0.000000e+00	0.000000e+00	0.000000e+00
-1.341000e+01	-1.338000e+01	0.000000e+00	0.000000e+00	0.000000e+00
-1.338000e+01	-1.335000e+01	0.000000e+00	0.000000e+00	0.000000e+00
-1.335000e+01	-1.332000e+01	0.000000e+00	0.000000e+00	0.000000e+00
-1.332000e+01	-1.329000e+01	0.000000e+00	0.000000e+00	0.000000e+00
-1.329000e+01	-1.326000e+01	0.000000e+00	0.000000e+00	0.000000e+00
-1.326000e+01	-1.323000e+01	0.000000e+00	0.000000e+00	0.000000e+00
-1.323000e+01	-1.320000e+01	0.000000e+00	0.000000e+00	0.000000e+00
-1.320000e+01	-1.317000e+01	0.000000e+00	0.000000e+00	0.000000e+00
-1.317000e+01	-1.314000e+01	0.000000e+00	0.000000e+00	0.000000e+00
-1.314000e+01	-1.311000e+01	0.000000e+00	0.000000e+00	0.000000e+00
-1.311000e+01	-1.308000e+01	0.000000e+00	0.000000e+00	0.000000e+00
-1.308000e+01	-1.305000e+01	0.000000e+00	0.000000e+00	0.000000e+00
-1.305000e+01	-1.302000e+01	0.000000e+00	0.000000e+00	0.000000e+00
-1.302000e+01	-1.299000e+01	0.000000e+00	0.000000e+00	0.000000e+00
-1.299000e+01	-1.296000e+01	0.000000e+00	0.000000e+00	0.000000e+00
-1.296000e+01	-1.293000e+01	0.000000e+00	0.000000e+00	0.000000e+00
-1.293000e+01	-1.290000e+01	0.000000e+00	0.000000e+00	0.000000e+00
-1.290000e+01	-1.287000e+01	0.000000e+00	0.000000e+00	0.000000e+00
-1.287000e+01	-1.284000e+01	0.000000e+00	0.000000e+00	0.000000e+00
-1.284000e+01	-1.281000e+01	0.000000e+00	0.000000e+00	0.000000e+00
-1.281000e+01	-1.278000e+01	0.000000e+00	0.000000e+00	0.000000e+00
-1.278000e+01	-1.275000e+01	0.000000e+00	0.000000e+00	0.000000e+00
-1.275000e+01	-1.272000e+01	0.000000e+00	0.000000e+00	0.000000e+00
-1.272000e+01	-1.269000e+01	0.000000e+00	0.000000e+00	0.000000e+00
-1.269000e+01	-1.266000e+01	0.000000e+00	0.000000e+00	0.000000e+00
-1.266000e+01	-1.263000e+01	0.000000e+00	0.000000e+00	0.000000e+00
-1.263000e+01	-1.260000e+01	0.000000e+00	0.000000e+00	0.000000e+00
-1.260000e+01	-1.257000e+01	0.000000e+00	0.000000e+00	0.000000e+00
-1.257000e+01	-1.254000e+01	0.000000e+00	0.000000e+00	0.000000e+00
-1.254000e+01	-1.251000e+01	0.000000e+00	0.000000e+00	0.000000e+00
-1.251000e+01	-1.248000e+01	0.000000e+00	0.000000e+00	0.000000e+00
-1.248000e+01	-1.245000e+01	0.000000e+00	0.000000e+00	0.000000e+00
-1.245000e+01	-1.242000e+01	0.000000e+00	0.000000e+00	0.000000e+00
-1.242000e+01	-1.239000e+01	0.000000e+00	0.000000e+00	0.000000e+00
-1.239000e+01	-1.236000e+01	0.000000e+00	0.000000e+00	0.000000e+00
-1.236000e+01	-1.233000e+01	0.000000e+00	0.000000e+00	0.000000e+00
-1.233000e+01	-1.230000e+01	0.000000e+00	0.000000e+00	0.000000e+00
-1.230000e+01	-1.227000e+01	0.000000e+00	0.000000e+00	0.000000e+00
-1.227000e+01	-1.224000e+01	0.000000e+00	0.000000e+00	0.000000e+00
-1.224000e+01	-1.221000e+01	0.000000e+00	0.000000e+00	0.000000e+00
-1.221000e+01	-1.218000e+01	0.000000e+00	0.000000e+00	0.000000e+00
-1.218000e+01	-1.215000e+01	0.000000e+00	0.000000e+00	0.000000e+00
-1.215000e+01	-1.212000e+01	0.000000e+00	0.000000e+00	0.000000e+00
-1.212000e+01	-1.209000e+01	0.000000e+00	0.000000e+00	0.000000e+00
-1.209000e+01	-1.206000e+01	0.000000e+00	0.000000e+00	0.000000e+00
-1.206000e+01	-1.203000e+01	0.000000e+00	0.000000e+00	0.000000e+00
-1.203000e+01	-1.200000e+01	0.000000e+00	0.000000e+00	0.000000e+00
-1.200000e+01	-1.197000e+01	0.000000e+00	0.000000e+00	0.000000e+00
-1.197000e+01	-1.194000e+01	0.000000e+00	0.000000e+00	0.000000e+00
-1.194000e+01	-1.191000e+01	0.000000e+00	0.000000e+00	0.000000e+00
-1.191000e+01	-1.188000e+01	0.000000e+00	0.000000e+00	0.000000e+00
-1.188000e+01	-1.185000e+01	0.000000e+00	0.000000e+00	0.000000e+00
-1.185000e+01	-1.182000e+01	0.000000e+00	0.000000e+00	0.000000e+00
-1.182000e+01	-1.179000e+01	0.000000e+00	0.000000e+00	0.000000e+00
-1.179000e+01	-1.176000e+01	0.000000e+00	0.000000e+00	0.000000e+00
-1.176000e+01	-1.173000e+01	0.000000e+00	0.000000e+00	0.000000e+00
-1.173000e+01	-1.170000e+01	0.000000e+00	0.000000e+00	0.000000e+00
-1.170000e+01	-1.167000e+01	0.000000e+00	0.000000e+00	0.000000e+00
-1.167000e+01	-1.164000e+01	0.000000e+00	0.000000e+00	0.000000e+00
-1.164000e+01	-1.161000e+01	0.000000e+00	0.000000e+00	0.000000e+00
-1.161000e+01	-1.158000e+01	0.000000e+00	0.000000e+00	0.000000e+00
-1.158000e+01	-1.155000e+01	0.000000e+00	0.000000e+00	0.000000e+00
-1.155000e+01	-1.152000e+01	0.000000e+00	0.000000e+00	0.000000e+00
-1.152000e+01	-1.149000e+01	0.000000e+00	0.000000e+00	0.000000e+00
-1.149000e+01	-1.146000e+01	0.000000e+00	0.000000e+00	0.000000e+00
-1.146000e+01	-1.143000e+01	0.000000e+00	0.000000e+00	0.000000e+00
-1.143000e+01	-1.140000e+01	0.000000e+00	0.000000e+00	0.000000e+00
-1.140000e+01	-1.137000e+01	0.000000e+00	0.000000e+00	0.000000e+00
-1.137000e+01	-1.134000e+01	0.000000e+00	0.000000e+00	0.000000e+00
-1.134000e+01	-1.131000e+01	0.000000e+00	0.000000e+00	0.000000e+00
-1.131000e+01	-1.128000e+01	0.000000e+00	0.000000e+00	0.000000e+00
-1.128000e+01	-1.125000e+01	0.000000e+00	0.000000e+00	0.000000e+00
-1.125000e+01	-1.122000e+01	0.000000e+00	0.000000e+00	0.000000e+00
-1.122000e+01	-1.119000e+01	0.000000e+00	0.000000e+00	0.000000e+00
-1.119000e+01	-1.116000e+01	0.000000e+00	0.000000e+00	0.000000e+00
-1.116000e+01	-1.113000e+01	0.000000e+00	0.000000e+00	0.000000e+00
-1.113000e+01	-1.110000e+01	0.000000e+00	0.000000e+00	0.000000e+00
-1.110000e+01	-1.107000e+01	0.000000e+00	0.000000e+00	0.000000e+00
-1.107000e+01	-1.104000e+01	0.000000e+00	0.000000e+00	0.000000e+00
-1.104000e+01	-1.101000e+01	0.000000e+00	0.000000e+00	0.000000e+00
-1.101000e+01	-1.098000e+01	0.000000e+00	0.000000e+00	0.000000e+00
-1.098000e+01	-1.095000e+01	0.000000e+00	0.000000e+00	0.000000e+00
-1.095000e+01	-1.092000e+01	0.000000e+00	0.000000e+00	0.000000e+00
-1.092000e+01	-1.089000e+01	0.000000e+00	0.000000e+00	0.000000e+00
-1.089000e+01	-1.086000e+01	0.000000e+00	0.000000e+00	0.000000e+00
-1.086000e+01	-1.083000e+01	0.000000e+00	0.000000e+00	0.000000e+00
-1.083000e+01	-1.080000e+01	0.000000e+00	0.000000e+00	0.000000e+00
-1.080000e+01	-1.077000e+01	0.000000e+00	0.000000e+00	0.000000e+00
-1.077000e+01	-1.074000e+01	0.000000e+00	0.000000e+00	0.000000e+00
-1.074000e+01	-1.071000e+01	0.000000e+00	0.000000e+00	0.000000e+00
-1.071000e+01	-1.068000e+01	0.000000e+00	0.000000e+00	0.000000e+00
-1.068000e+01	-1.065000e+01	0.000000e+00	0.000000e+00	0.000000e+00
-1.065000e+01	-1.062000e+01	0.000000e+00	0.000000e+00	0.000000e+00
-1.062000e+01	-1.059000e+01	0.000000e+00	0.000000e+00	0.000000e+00
-1.059000e+01	-1.056000e+01	0.000000e+00	0.000000e+00	0.000000e+00
-1.056000e+01	-1.053000e+01	0.000000e+00	0.000000e+00	0.000000e+00
-1.053000e+01	-1.050000e+01	0.000000e+00	0.000000e+00	0.000000e+00
-1.050000e+01	-1.047000e+01	0.000000e+00	0.000000e+00	0.000000e+00
-1.047000e+01	-1.044000e+01	0.000000e+00	0.000000e+00	0.000000e+00
-1.044000e+01	-1.041000e+01	0.000000e+00	0.000000e+00	0.000000e+00
-1.041000e+01	-1.038000e+01	0.000000e+00	0.000000e+00	0.000000e+00
-1.038000e+01	-1.035000e+01	0.000000e+00	0.000000e+00	0.000000e+00
-1.035000e+01	-1.032000e+01	0.000000e+00	0.000000e+00	0.000000e+00
-1.032000e+01	-1.029000e+01	0.000000e+00	0.000000e+00	0.000000e+00
-1.029000e+01	-1.026000e+01	0.000000e+00	0.000000e+00	0.000000e+00
-1.026000e+01	-1.023000e+01	0.000000e+00	0.000000e+00	0.000000e+00
-1.023000e+01	-1.020000e+01	0.000000e+00	0.000000e+00	0.000000e+00
-1.020000e+01	-1.017000e+01	0.000000e+00	0.000000e+00	0.000000e+00
-1.017000e+01	-1.014000e+01	0.000000e+00	0.000000e+00	0.000000e+00
-1.014000e+01	-1.011000e+01	0.000000e+00	0.000000e+00	0.000000e+00
-1.011000e+01	-1.008000e+01	0.000000e+00	0.000000e+00	0.000000e+00
-1.008000e+01	-1.005000e+01	2.269740e-07	2.269740e-07	2.269740e-07
-1.005000e+01	-1.002000e+01	0.000000e+00	0.000000e+00	0.000000e+00
-1.002000e+01	-9.990000e+00	0.000000e+00	0.000000e+00	0.000000e+00
-9.990000e+00	-9.960000e+00	0.000000e+00	0.000000e+00	0.000000e+00
-9.960000e+00	-9.930000e+00	0.000000e+00	0.000000e+00	0.000000e+00
-9.930000e+00	-9.900000e+00	0.000000e+00	0.000000e+00	0.000000e+00
-9.900000e+00	-9.870000e+00	0.000000e+00	0.000000e+00	0.000000e+00
-9.870000e+00	-9.840000e+00	0.000000e+00	0.000000e+00	0.000000e+00
-9.840000e+00	-9.810000e+00	0.000000e+00	0.000000e+00	0.000000e+00
-9.810000e+00	-9.780000e+00	0.000000e+00	0.000000e+00	0.000000e+00
-9.780000e+00	-9.750000e+00	0.000000e+00	0.000000e+00	0.000000e+00
-9.750000e+00	-9.720000e+00	0.000000e+00	0.000000e+00	0.000000e+00
-9.720000e+00	-9.690000e+00	0.000000e+00	0.000000e+00	0.000000e+00
-9.690000e+00	-9.660000e+00	0.000000e+00	0.000000e+00	0.000000e+00
-9.660000e+00	-9.630000e+00	0.000000e+00	0.000000e+00	0.000000e+00
-9.630000e+00	-9.600000e+00	0.000000e+00	0.000000e+00	0.000000e+00
-9.600000e+00	-9.570000e+00	0.000000e+00	0.000000e+00	0.000000e+00
-9.570000e+00	-9.540000e+00	0.000000e+00	0.000000e+00	0.000000e+00
-9.540000e+00	-9.510000e+00	0.000000e+00	0.000000e+00	0.000000e+00
-9.510000e+00	-9.480000e+00	0.000000e+00	0.000000e+00	0.000000e+00
-9.480000e+00	-9.450000e+00	0.000000e+00	0.000000e+00	0.000000e+00
-9.450000e+00	-9.420000e+00	0.000000e+00	0.000000e+00	0.000000e+00
-9.420000e+00	-9.390000e+00	0.000000e+00	0.000000e+00	0.000000e+00
-9.390000e+00	-9.360000e+00	0.000000e+00	0.000000e+00	0.000000e+00
-9.360000e+00	-9.330000e+00	0.000000e+00	0.000000e+00	0.000000e+00
-9.330000e+00	-9.300000e+00	0.000000e+00	0.000000e+00	0.000000e+00
-9.300000e+00	-9.270000e+00	0.000000e+00	0.000000e+00	0.000000e+00
-9.270000e+00	-9.240000e+00	0.000000e+00	0.000000e+00	0.000000e+00
-9.240000e+00	-9.210000e+00	0.000000e+00	0.000000e+00	0.000000e+00
-9.210000e+00	-9.180000e+00	0.000000e+00	0.000000e+00	0.000000e+00
-9.180000e+00	-9.150000e+00	0.000000e+00	0.000000e+00	0.000000e+00
-9.150000e+00	-9.120000e+00	0.000000e+00	0.000000e+00	0.000000e+00
-9.120000e+00	-9.090000e+00	0.000000e+00	0.000000e+00	0.000000e+00
-9.090000e+00	-9.060000e+00	0.000000e+00	0.000000e+00	0.000000e+00
-9.060000e+00	-9.030000e+00	0.000000e+00	0.000000e+00	0.000000e+00
-9.030000e+00	-9.000000e+00	0.000000e+00	0.000000e+00	0.000000e+00
-9.000000e+00	-8.970000e+00	0.000000e+00	0.000000e+00	0.000000e+00
-8.970000e+00	-8.940000e+00	0.000000e+00	0.000000e+00	0.000000e+00
-8.940000e+00	-8.910000e+00	0.000000e+00	0.000000e+00	0.000000e+00
-8.910000e+00	-8.880000e+00	0.000000e+00	0.000000e+00	0.000000e+00
-8.880000e+00	-8.850000e+00	1.523366e-09	1.523366e-09	1.523366e-09
-8.850000e+00	-8.820000e+00	0.000000e+00	0.000000e+00	0.000000e+00
-8.820000e+00	-8.790000e+00	0.000000e+00	0.000000e+00	0.000000e+00
-8.790000e+00	-8.760000e+00	0.000000e+00	0.000000e+00	0.000000e+00
-8.760000e+00	-8.730000e+00	0.000000e+00	0.000000e+00	0.000000e+00
-8.730000e+00	-8.700000e+00	0.000000e+00	0.000000e+00	0.000000e+00
-8.700000e+00	-8.670000e+00	0.000000e+00	0.000000e+00	0.000000e+00
-8.670000e+00	-8.640000e+00	0.000000e+00	0.000000e+00	0.000000e+00
-8.640000e+00	-8.610000e+00	0.000000e+00	0.000000e+00	0.000000e+00
-8.610000e+00	-8.580000e+00	0.000000e+00	0.000000e+00	0.000000e+00
-8.580000e+00	-8.550000e+00	0.000000e+00	0.000000e+00	0.000000e+00
-8.550000e+00	-8.520000e+00	0.000000e+00	0.000000e+00	0.000000e+00
-8.520000e+00	-8.490000e+00	0.000000e+00	0.000000e+00	0.000000e+00
-8.490000e+00	-8.460000e+00	0.000000e+00	0.000000e+00	0.000000e+00
-8.460000e+00	-8.430000e+00	0.000000e+00	0.000000e+00	0.000000e+00
-8.430000e+00	-8.400000e+00	0.000000e+00	0.000000e+00	0.000000e+00
-8.400000e+00	-8.370000e+00	3.281153e-09	3.281153e-09	3.281153e-09
-8.370000e+00	-8.340000e+00	0.000000e+00	0.000000e+00	0.000000e+00
-8.340000e+00	-8.310000e+00	4.372090e-07	4.372091e-07	4.372091e-07
-8.310000e+00	-8.280000e+00	0.000000e+00	0.000000e+00	0.000000e+00
-8.280000e+00	-8.250000e+00	5.024760e-07	5.024760e-07	5.024760e-07
-8.250000e+00	-8.220000e+00	0.000000e+00	0.000000e+00	0.000000e+00
-8.220000e+00	-8.190000e+00	0.000000e+00	0.000000e+00	0.000000e+00
-8.190000e+00	-8.160000e+00	2.900702e-09	2.053703e-09	2.053703e-09
-8.160000e+00	-8.130000e+00	0.000000e+00	0.000000e+00	0.000000e+00
-8.130000e+00	-8.100000e+00	7.237870e-09	7.237872e-09	7.237872e-09
-8.100000e+00	-8.070000e+00	0.000000e+00	0.000000e+00	0.000000e+00
-8.070000e+00	-8.040000e+00	3.669550e-09	3.669550e-09	3.669550e-09
-8.040000e+00	-8.010000e+00	0.000000e+00	0.000000e+00	0.000000e+00
-8.010000e+00	-7.980000e+00	0.000000e+00	0.000000e+00	0.000000e+00
-7.980000e+00	-7.950000e+00	0.000000e+00	0.000000e+00	0.000000e+00
-7.950000e+00	-7.920000e+00	0.000000e+00	0.000000e+00	0.000000e+00
-7.920000e+00	-7.890000e+00	7.249963e-09	7.249965e-09	7.249965e-09
-7.890000e+00	-7.860000e+00	0.000000e+00	0.000000e+00	0.000000e+00
-7.860000e+00	-7.830000e+00	1.394241e-07	1.394241e-07	1.394241e-07
-7.830000e+00	-7.800000e+00	0.000000e+00	0.000000e+00	0.000000e+00
-7.800000e+00	-7.770000e+00	1.195596e-08	1.195596e-08	1.195596e-08
-7.770000e+00	-7.740000e+00	6.733393e-09	6.733393e-09	6.733393e-09
-7.740000e+00	-7.710000e+00	9.447387e-05	9.447387e-05	9.447387e-05
-7.710000e+00	-7.680000e+00	0.000000e+00	0.000000e+00	0.000000e+00
-7.680000e+00	-7.650000e+00	1.824527e-08	1.824527e-08	1.824527e-08
-7.650000e+00	-7.620000e+00	5.408807e-07	5.049415e-07	5.049415e-07
-7.620000e+00	-7.590000e+00	1.795320e-07	1.795320e-07	1.795320e-07
-7.590000e+00	-7.560000e+00	5.308540e-06	5.302758e-06	5.302758e-06
-7.560000e+00	-7.530000e+00	3.780923e-09	2.928469e-09	2.928469e-09
-7.530000e+00	-7.500000e+00	9.617820e-09	6.968963e-09	6.968963e-09
-7.500000e+00	-7.470000e+00	1.373372e-07	1.373372e-07	1.373372e-07
-7.470000e+00	-7.440000e+00	9.451640e-06	9.398117e-06	9.398117e-06
-7.440000e+00	-7.410000e+00	3.062514e-05	3.044650e-05	3.044650e-05
-7.410000e+00	-7.380000e+00	1.364664e-08	1.190271e-08	1.190271e-08
-7.380000e+00	-7.350000e+00	6.248397e-08	5.726783e-08	5.726783e-08
-7.350000e+00	-7.320000e+00	3.109763e-07	1.530233e-07	1.530233e-07
-7.320000e+00	-7.290000e+00	5.283080e-09	3.782276e-09	3.782276e-09
-7.290000e+00	-7.260000e+00	1.530320e-07	1.320919e-07	1.320919e-07
-7.260000e+00	-7.230000e+00	1.089734e-08	7.711010e-09	7.711010e-09
-7.230000e+00	-7.200000e+00	1.209958e-07	5.435300e-08	5.435300e-08
-7.200000e+00	-7.170000e+00	4.620793e-07	3.121203e-07	3.121203e-07
-7.170000e+00	-7.140000e+00	5.848010e-07	4.953336e-07	4.953336e-07
-7.140000e+00	-7.110000e+00	1.265453e-07	6.842435e-08	6.842435e-08
-7.110000e+00	-7.080000e+00	2.036841e-07	1.979273e-07	1.979273e-07
-7.080000e+00	-7.050000e+00	8.234583e-07	6.577427e-07	6.577427e-07
-7.050000e+00	-7.020000e+00	2.650248e-07	1.371643e-07	1.371643e-07
-7.020000e+00	-6.990000e+00	5.167850e-07	3.137596e-07	3.137596e-07
-6.990000e+00	-6.960000e+00	1.499441e-07	7.877665e-08	7.877665e-08
-6.960000e+00	-6.930000e+00	4.096740e-07	3.536279e-07	3.536279e-07
-6.930000e+00	-6.900000e+00	1.730677e-06	1.459408e-06	1.459408e-06
-6.900000e+00	-6.870000e+00	2.609418e-04	2.596190e-04	2.596190e-04
-6.870000e+00	-6.840000e+00	1.411543e-06	5.991318e-07	5.991318e-07
-6.840000e+00	-6.810000e+00	1.832327e-06	1.540901e-06	1.540901e-06
-6.810000e+00	-6.780000e+00	2.550860e-06	1.479254e-06	1.479254e-06
-6.780000e+00	-6.750000e+00	2.706865e-04	2.693672e-04	2.693672e-04
-6.750000e+00	-6.720000e+00	1.664362e-06	7.624800e-07	7.624800e-07
-6.720000e+00	-6.690000e+00	4.431663e-06	3.708453e-06	3.708453e-06
-6.690000e+00	-6.660000e+00	2.509009e-06	1.489874e-06	1.489874e-06
-6.660000e+00	-6.630000e+00	1.988607e-06	8.589351e-07	8.589351e-07
-6.630000e+00	-6.600000e+00	2.418232e-06	1.079383e-06	1.079383e-06
-6.600000e+00	-6.570000e+00	4.487340e-04	4.425222e-04	4.425222e-04
-6.570000e+00	-6.540000e+00	1.539379e-05	1.374073e-05	1.374073e-05
-6.540000e+00	-6.510000e+00	2.227048e-05	1.631372e-05	1.631372e-05
-6.510000e+00	-6.480000e+00	4.244557e-06	3.053267e-06	3.053267e-06
-6.480000e+00	-6.450000e+00	1.766976e-06	6.240127e-07	6.240127e-07
-6.450000e+00	-6.420000e+00	5.899603e-06	2.793792e-06	2.793792e-06
-6.420000e+00	-6.390000e+00	3.247319e-06	1.464357e-06	1.464357e-06
-6.390000e+00	-6.360000e+00	1.118271e-05	4.806009e-06	4.806009e-06
-6.360000e+00	-6.330000e+00	1.036147e-04	8.941640e-05	8.941640e-05
-6.330000e+00	-6.300000e+00	7.265657e-05	7.000632e-05	7.000632e-05
-6.300000e+00	-6.270000e+00	8.587520e-04	8.516541e-04	8.516541e-04
-6.270000e+00	-6.240000e+00	1.057942e-04	8.827692e-05	8.827692e-05
-6.240000e+00	-6.210000e+00	6.119097e-05	5.296671e-05	5.296671e-05
-6.210000e+00	-6.180000e+00	5.227227e-05	4.195837e-05	4.195837e-05
-6.180000e+00	-6.150000e+00	5.442977e-06	1.938799e-06	1.938799e-06
-6.150000e+00	-6.120000e+00	2.964395e-05	2.070948e-05	2.070948e-05
-6.120000e+00	-6.090000e+00	1.972143e-05	8.320650e-06	8.320650e-06
-6.090000e+00	-6.060000e+00	1.897355e-05	6.327559e-06	6.327559e-06
-6.060000e+00	-6.030000e+00	1.991785e-04	1.824340e-04	1.824340e-04
-6.030000e+00	-6.000000e+00	3.042943e-05	1.506084e-05	1.506084e-05
-6.000000e+00	-5.970000e+00	2.027923e-05	8.278890e-06	8.278890e-06
-5.970000e+00	-5.940000e+00	2.187860e-04	1.940477e-04	1.940477e-04
-5.940000e+00	-5.910000e+00	7.440940e-05	5.718898e-05	5.718898e-05
-5.910000e+00	-5.880000e+00	1.457910e-03	1.418054e-03	1.418054e-03
-5.880000e+00	-5.850000e+00	4.645813e-05	1.684675e-05	1.684675e-05
-5.850000e+00	-5.820000e+00	2.939817e-05	9.321619e-06	9.321619e-06
-5.820000e+00	-5.790000e+00	1.682728e-04	1.358391e-04	1.358391e-04
-5.790000e+00	-5.760000e+00	6.209183e-05	1.987048e-05	1.987048e-05
-5.760000e+00	-5.730000e+00	5.033740e-05	1.264344e-05	1.264344e-05
-5.730000e+00	-5.700000e+00	1.157531e-04	3.981306e-05	3.981306e-05
-5.700000e+00	-5.670000e+00	8.799337e-04	7.418171e-04	7.418171e-04
-5.670000e+00	-5.640000e+00	6.072367e-05	1.701510e-05	1.701510e-05
-5.640000e+00	-5.610000e+00	1.532563e-03	8.168577e-04	8.168577e-04
-5.610000e+00	-5.580000e+00	2.414910e-04	9.907447e-05	9.907447e-05
-5.580000e+00	-5.550000e+00	1.819183e-04	1.406844e-04	1.406844e-04
-5.550000e+00	-5.520000e+00	4.050733e-04	2.065922e-04	2.065922e-04
-5.520000e+00	-5.490000e+00	5.325530e-04	3.132238e-04	3.132238e-04
-5.490000e+00	-5.460000e+00	6.016680e-04	2.025296e-04	2.025296e-04
-5.460000e+00	-5.430000e+00	8.343233e-04	5.011993e-04	5.011993e-04
-5.430000e+00	-5.400000e+00	6.126077e-04	2.315163e-04	2.315163e-04
-5.400000e+00	-5.370000e+00	3.394760e-04	1.615995e-04	1.615995e-04
-5.370000e+00	-5.340000e+00	9.206647e-04	2.836278e-04	2.836278e-04
-5.340000e+00	-5.310000e+00	7.653970e-04	2.711977e-04	2.711977e-04
-5.310000e+00	-5.280000e+00	1.000520e-03	4.944848e-04	4.944848e-04
-5.280000e+00	-5.250000e+00	1.692734e-03	9.321509e-04	9.321509e-04
-5.250000e+00	-5.220000e+00	2.302868e-03	1.648797e-03	1.648797e-03
-5.220000e+00	-5.190000e+00	4.047980e-04	9.236507e-05	9.236507e-05
-5.190000e+00	-5.160000e+00	1.838219e-03	1.094599e-03	1.094599e-03
-5.160000e+00	-5.130000e+00	2.120407e-03	8.304333e-04	8.304333e-04
-5.130000e+00	-5.100000e+00	2.479141e-03	1.259400e-03	1.259400e-03
-5.100000e+00	-5.070000e+00	1.787681e-03	1.178073e-03	1.178073e-03
-5.070000e+00	-5.040000e+00	4.467267e-03	1.594347e-03	1.594347e-03
-5.040000e+00	-5.010000e+00	1.274896e-03	6.971820e-04	6.971820e-04
-5.010000e+00	-4.980000e+00	1.915837e-03	8.435263e-04	8.435263e-04
-4.980000e+00	-4.950000e+00	4.017140e-03	2.485591e-03	2.485591e-03
-4.950000e+00	-4.920000e+00	1.455205e-03	3.053789e-04	3.053789e-04
-4.920000e+00	-4.890000e+00	4.991267e-03	1.688956e-03	1.688956e-03
-4.890000e+00	-4.860000e+00	3.204994e-03	1.059691e-03	1.059691e-03
-4.860000e+00	-4.830000e+00	3.361643e-03	1.263700e-03	1.263700e-03
-4.830000e+00	-4.800000e+00	3.667767e-03	1.448107e-03	1.448107e-03
-4.800000e+00	-4.770000e+00	2.745215e-03	6.380824e-04	6.380824e-04
-4.770000e+00	-4.740000e+00	9.928300e-03	2.879503e-03	2.879503e-03
-4.740000e+00	-4.710000e+00	7.562497e-03	2.890689e-03	2.890689e-03
-4.710000e+00	-4.680000e+00	4.019017e-03	1.055741e-03	1.055741e-03
-4.680000e+00	-4.650000e+00	8.597170e-03	2.928608e-03	2.928608e-03
-4.650000e+00	-4.620000e+00	6.090397e-03	1.702549e-03	1.702549e-03
-4.620000e+00	-4.590000e+00	4.834287e-03	1.024124e-03	1.024124e-03
-4.590000e+00	-4.560000e+00	1.033642e-02	2.682357e-03	2.682357e-03
-4.560000e+00	-4.530000e+00	7.093413e-03	1.496829e-03	1.496829e-03
-4.530000e+00	-4.500000e+00	8.856977e-03	2.493472e-03	2.493472e-03
-4.500000e+00	-4.470000e+00	1.321258e-02	2.737148e-03	2.737148e-03
-4.470000e+00	-4.440000e+00	8.870490e-03	2.279583e-03	2.279583e-03
-4.440000e+00	-4.410000e+00	1.079046e-02	2.509952e-03	2.509952e-03
-4.410000e+00	-4.380000e+00	1.635657e-02	4.384070e-03	4.384070e-03
-4.380000e+00	-4.350000e+00	1.655394e-02	4.102999e-03	4.102999e-03
-4.350000e+00	-4.320000e+00	1.446170e-02	2.491463e-03	2.491463e-03
-4.320000e+00	-4.290000e+00	1.906401e-02	3.220236e-03	3.220236e-03
-4.290000e+00	-4.260000e+00	2.365859e-02	4.535300e-03	4.535300e-03
-4.260000e+00	-4.230000e+00	2.408641e-02	5.294527e-03	5.294527e-03
-4.230000e+00	-4.200000e+00	2.150462e-02	4.845051e-03	4.845051e-03
-4.200000e+00	-4.170000e+00	2.271339e-02	3.739281e-03	3.739281e-03
-4.170000e+00	-4.140000e+00	2.104491e-02	3.202900e-03	3.202900e-03
-4.140000e+00	-4.110000e+00	2.185933e-02	3.578830e-03	3.578830e-03
-4.110000e+00	-4.080000e+00	2.121680e-02	3.556910e-03	3.556910e-03
-4.080000e+00	-4.050000e+00	3.621907e-02	6.317339e-03	6.317339e-03
-4.050000e+00	-4.020000e+00	3.393220e-02	5.220868e-03	5.220868e-03
-4.020000e+00	-3.990000e+00	3.634563e-02	6.233550e-03	6.233550e-03
-3.990000e+00	-3.960000e+00	2.557763e-02	3.624659e-03	3.624659e-03
-3.960000e+00	-3.930000e+00	3.508507e-02	5.587276e-03	5.587276e-03
-3.930000e+00	-3.900000e+00	3.547067e-02	4.658854e-03	4.658854e-03
-3.900000e+00	-3.870000e+00	5.948190e-02	7.785307e-03	7.785307e-03
-3.870000e+00	-3.840000e+00	4.688573e-02	6.357551e-03	6.357551e-03
-3.840000e+00	-3.810000e+00	4.218650e-02	4.993418e-03	4.993418e-03
-3.810000e+00	-3.780000e+00	5.887080e-02	6.781132e-03	6.781132e-03
-3.780000e+00	-3.750000e+00	7.575470e-02	8.444364e-03	8.444364e-03
-3.750000e+00	-3.720000e+00	6.386467e-02	7.504785e-03	7.504785e-03
-3.720000e+00	-3.690000e+00	6.550330e-02	8.072703e-03	8.072703e-03
-3.690000e+00	-3.660000e+00	8.393493e-02	8.824885e-03	8.824885e-03
-3.660000e+00	-3.630000e+00	6.368963e-02	6.382435e-03	6.382435e-03
-3.630000e+00	-3.600000e+00	9.094847e-02	9.217206e-03	9.217206e-03
-3.600000e+00	-3.570000e+00	9.197350e-02	9.390072e-03	9.390072e-03
-3.570000e+00	-3.540000e+00	9.403497e-02	9.057821e-03	9.057821e-03
-3.540000e+00	-3.510000e+00	9.266537e-02	8.458966e-03	8.458966e-03
-3.510000e+00	-3.480000e+00	1.072882e-01	1.004399e-02	1.004399e-02
-3.480000e+00	-3.450000e+00	1.093459e-01	1.014214e-02	1.014214e-02
-3.450000e+00	-3.420000e+00	1.142602e-01	9.633571e-03	9.633571e-03
-3.420000e+00	-3.390000e+00	1.175197e-01	9.521801e-03	9.521801e-03
-3.390000e+00	-3.360000e+00	1.339166e-01	1.115019e-02	1.115019e-02
-3.360000e+00	-3.330000e+00	1.286001e-01	1.003526e-02	1.003526e-02
-3.330000e+00	-3.300000e+00	1.590233e-01	1.382671e-02	1.382671e-02
-3.300000e+00	-3.270000e+00	1.689227e-01	1.391904e-02	1.391904e-02
-3.270000e+00	-3.240000e+00	1.762999e-01	1.346356e-02	1.346356e-02
-3.240000e+00	-3.210000e+00	1.579203e-01	1.149194e-02	1.149194e-02
-3.210000e+00	-3.180000e+00	1.849146e-01	1.230912e-02	1.230912e-02
-3.180000e+00	-3.150000e+00	2.015946e-01	1.498547e-02	1.498547e-02
-3.150000e+00	-3.120000e+00	2.133103e-01	1.324031e-02	1.324031e-02
-3.120000e+00	-3.090000e+00	2.193177e-01	1.468177e-02	1.468177e-02
-3.090000e+00	-3.060000e+00	2.440992e-01	1.644000e-02	1.644000e-02
-3.060000e+00	-3.030000e+00	2.556540e-01	1.600312e-02	1.600312e-02
-3.030000e+00	-3.000000e+00	2.686495e-01	1.769885e-02	1.769885e-02
-3.000000e+00	-2.970000e+00	2.876451e-01	1.768043e-02	1.768043e-02
-2.970000e+00	-2.940000e+00	2.663592e-01	1.706509e-02	1.706509e-02
-2.940000e+00	-2.910000e+00	2.881547e-01	1.765322e-02	1.765322e-02
-2.910000e+00	-2.880000e+00	3.415303e-01	2.054437e-02	2.054437e-02
-2.880000e+00	-2.850000e+00	3.330629e-01	1.799413e-02	1.799413e-02
-2.850000e+00	-2.820000e+00	3.396053e-01	1.888328e-02	1.888328e-02
-2.820000e+00	-2.790000e+00	3.803230e-01	2.051689e-02	2.051689e-02
-2.790000e+00	-2.760000e+00	3.898780e-01	2.087652e-02	2.087652e-02
-2.760000e+00	-2.730000e+00	3.864790e-01	2.084087e-02	2.084087e-02
-2.730000e+00	-2.700000e+00	3.837533e-01	2.138686e-02	2.138686e-02
-2.700000e+00	-2.670000e+00	4.166850e-01	2.203221e-02	2.203221e-02
-2.670000e+00	-2.640000e+00	4.960907e-01	2.558944e-02	2.558944e-02
-2.640000e+00	-2.610000e+00	4.876970e-01	2.500685e-02	2.500685e-02
-2.610000e+00	-2.580000e+00	4.624023e-01	2.368503e-02	2.368503e-02
-2.580000e+00	-2.550000e+00	4.821950e-01	2.354156e-02	2.354156e-02
-2.550000e+00	-2.520000e+00	4.923310e-01	2.370764e-02	2.370764e-02
-2.520000e+00	-2.490000e+00	5.147420e-01	2.451652e-02	2.451652e-02
-2.490000e+00	-2.460000e+00	5.296133e-01	2.497094e-02	2.497094e-02
-2.460000e+00	-2.430000e+00	5.109783e-01	2.418208e-02	2.418208e-02
-2.430000e+00	-2.400000e+00	5.328143e-01	2.621814e-02	2.621814e-02
-2.400000e+00	-2.370000e+00	5.166867e-01	2.478440e-02	2.478440e-02
-2.370000e+00	-2.340000e+00	5.740667e-01	2.680174e-02	2.680174e-02
-2.340000e+00	-2.310000e+00	5.949880e-01	2.706101e-02	2.706101e-02
-2.310000e+00	-2.280000e+00	6.129627e-01	2.840168e-02	2.840168e-02
-2.280000e+00	-2.250000e+00	5.831657e-01	2.622780e-02	2.622780e-02
-2.250000e+00	-2.220000e+00	6.046137e-01	2.802688e-02	2.802688e-02
-2.220000e+00	-2.190000e+00	6.396660e-01	2.880431e-02	2.880431e-02
-2.190000e+00	-2.160000e+00	6.236633e-01	2.844471e-02	2.844471e-02
-2.160000e+00	-2.130000e+00	5.796333e-01	2.745854e-02	2.745854e-02
-2.130000e+00	-2.100000e+00	5.651253e-01	2.734687e-02	2.734687e-02
-2.100000e+00	-2.070000e+00	6.394117e-01	2.903035e-02	2.903035e-02
-2.070000e+00	-2.040000e+00	6.091407e-01	2.846804e-02	2.846804e-02
-2.040000e+00	-2.010000e+00	5.568120e-01	2.638796e-02	2.638796e-02
-2.010000e+00	-1.980000e+00	5.924347e-01	2.809941e-02	2.809941e-02
-1.980000e+00	-1.950000e+00	5.773860e-01	2.855483e-02	2.855483e-02
-1.950000e+00	-1.920000e+00	6.226213e-01	2.901464e-02	2.901464e-02
-1.920000e+00	-1.890000e+00	5.887157e-01	2.816725e-02	2.816725e-02
-1.890000e+00	-1.860000e+00	5.160217e-01	2.611064e-02	2.611064e-02
-1.860000e+00	-1.830000e+00	5.228163e-01	2.639455e-02	2.639455e-02
-1.830000e+00	-1.800000e+00	4.895640e-01	2.500806e-02	2.500806e-02
-1.800000e+00	-1.770000e+00	5.014387e-01	2.608759e-02	2.608759e-02
-1.770000e+00	-1.740000e+00	5.307137e-01	2.786306e-02	2.786306e-02
-1.740000e+00	-1.710000e+00	4.772167e-01	2.541013e-02	2.541013e-02
-1.710000e+00	-1.680000e+00	4.498877e-01	2.483340e-02	2.483340e-02
-1.680000e+00	-1.650000e+00	4.251707e-01	2.472348e-02	2.472348e-02
-1.650000e+00	-1.620000e+00	4.313027e-01	2.467912e-02	2.467912e-02
-1.620000e+00	-1.590000e+00	4.142160e-01	2.404363e-02	2.404363e-02
-1.590000e+00	-1.560000e+00	3.659733e-01	2.243744e-02	2.243744e-02
-1.560000e+00	-1.530000e+00	3.545607e-01	2.142360e-02	2.142360e-02
-1.530000e+00	-1.500000e+00	3.545057e-01	2.163926e-02	2.163926e-02
-1.500000e+00	-1.470000e+00	3.325602e-01	2.116449e-02	2.116449e-02
-1.470000e+00	-1.440000e+00	3.516793e-01	2.222290e-02	2.222290e-02
-1.440000e+00	-1.410000e+00	2.881757e-01	1.933587e-02	1.933587e-02
-1.410000e+00	-1.380000e+00	2.608263e-01	1.812056e-02	1.812056e-02
-1.380000e+00	-1.350000e+00	2.584865e-01	1.874042e-02	1.874042e-02
-1.350000e+00	-1.320000e+00	2.323774e-01	1.722768e-02	1.722768e-02
-1.320000e+00	-1.290000e+00	2.385823e-01	1.789429e-02	1.789429e-02
-1.290000e+00	-1.260000e+00	1.843374e-01	1.505533e-02	1.505533e-02
-1.260000e+00	-1.230000e+00	2.012324e-01	1.611692e-02	1.611692e-02
-1.230000e+00	-1.200000e+00	1.752759e-01	1.474825e-02	1.474825e-02
-1.200000e+00	-1.170000e+00	2.046264e-01	1.666189e-02	1.666189e-02
-1.170000e+00	-1.140000e+00	1.665174e-01	1.473046e-02	1.473046e-02
-1.140000e+00	-1.110000e+00	1.566860e-01	1.343340e-02	1.343340e-02
-1.110000e+00	-1.080000e+00	1.389368e-01	1.363631e-02	1.363631e-02
-1.080000e+00	-1.050000e+00	1.353489e-01	1.295992e-02	1.295992e-02
-1.050000e+00	-1.020000e+00	1.175956e-01	1.175613e-02	1.175613e-02
-1.020000e+00	-9.900000e-01	1.077814e-01	1.176574e-02	1.176574e-02
-9.900000e-01	-9.600000e-01	1.411018e-01	1.395060e-02	1.395060e-02
-9.600000e-01	-9.300000e-01	1.029760e-01	1.149628e-02	1.149628e-02
-9.300000e-01	-9.000000e-01	9.310477e-02	1.060085e-02	1.060085e-02
-9.000000e-01	-8.700000e-01	7.734137e-02	1.032186e-02	1.032186e-02
-8.700000e-01	-8.400000e-01	8.123547e-02	1.039063e-02	1.039063e-02
-8.400000e-01	-8.100000e-01	5.851907e-02	8.846074e-03	8.846074e-03
-8.100000e-01	-7.800000e-01	6.161637e-02	7.772118e-03	7.772118e-03
-7.800000e-01	-7.500000e-01	5.582740e-02	7.866843e-03	7.866843e-03
-7.500000e-01	-7.200000e-01	5.918100e-02	8.670185e-03	8.670185e-03
-7.200000e-01	-6.900000e-01	5.027103e-02	7.637401e-03	7.637401e-03
-6.900000e-01	-6.600000e-01	3.744953e-02	6.382478e-03	6.382478e-03
-6.600000e-01	-6.300000e-01	2.961526e-02	5.851025e-03	5.851025e-03
-6.300000e-01	-6.000000e-01	3.573530e-02	6.801648e-03	6.801648e-03
-6.000000e-01	-5.700000e-01	3.497440e-02	6.631783e-03	6.631783e-03
-5.700000e-01	-5.400000e-01	2.561057e-02	5.198071e-03	5.198071e-03
-5.400000e-01	-5.100000e-01	1.712717e-02	3.763729e-03	3.763729e-03
-5.100000e-01	-4.800000e-01	2.556745e-02	5.914302e-03	5.914302e-03
-4.800000e-01	-4.500000e-01	9.190247e-03	2.896289e-03	2.896289e-03
-4.500000e-01	-4.200000e-01	1.352091e-02	4.883386e-03	4.883386e-03
-4.200000e-01	-3.900000e-01	1.228919e-02	4.074173e-03	4.074173e-03
-3.900000e-01	-3.600000e-01	7.205110e-03	2.400538e-03	2.400538e-03
-3.600000e-01	-3.300000e-01	6.739143e-03	3.080308e-03	3.080308e-03
-3.300000e-01	-3.000000e-01	9.782453e-03	3.266193e-03	3.266193e-03
-3.000000e-01	-2.700000e-01	2.739035e-03	1.406448e-03	1.406448e-03
-2.700000e-01	-2.400000e-01	3.044693e-03	1.916110e-03	1.916110e-03
-2.400000e-01	-2.100000e-01	8.745760e-03	3.558238e-03	3.558238e-03
-2.100000e-01	-1.800000e-01	5.845487e-04	3.798361e-04	3.798361e-04
-1.800000e-01	-1.500000e-01	2.307837e-03	1.704824e-03	1.704824e-03
-1.500000e-01	-1.200000e-01	4.067533e-04	3.814692e-04	3.814692e-04
-1.200000e-01	-9.000000e-02	2.445011e-03	1.699163e-03	1.699163e-03
-9.000000e-02	-6.000000e-02	7.589223e-04	3.682250e-04	3.682250e-04
-6.000000e-02	-3.000000e-02	3.613453e-04	3.613453e-04	3.613453e-04
-3.000000e-02	0.000000e+00	2.438643e-04	2.438643e-04	2.438643e-04
# END HISTO1D

# BEGIN HISTO1D //afs/cern.ch/user/d/dkar/lh2015-qg/Vincia-2001/lhc/hadron/dijet_nobias.yoda/MC_LHQG_dijet/log_GA_10_20_Q50_R4
LineColor=blue
LineStyle=solid
Path=//afs/cern.ch/user/d/dkar/lh2015-qg/Vincia-2001/lhc/hadron/dijet_nobias.yoda/MC_LHQG_dijet/log_GA_10_20_Q50_R4
ScaledBy=2.6429855164393699e-05
Title=dijet_nobias
XLabel=
YLabel=
# xlow	 xhigh	 val	 errminus	 errplus
-1.500000e+01	-1.497000e+01	0.000000e+00	0.000000e+00	0.000000e+00
-1.497000e+01	-1.494000e+01	0.000000e+00	0.000000e+00	0.000000e+00
-1.494000e+01	-1.491000e+01	0.000000e+00	0.000000e+00	0.000000e+00
-1.491000e+01	-1.488000e+01	0.000000e+00	0.000000e+00	0.000000e+00
-1.488000e+01	-1.485000e+01	0.000000e+00	0.000000e+00	0.000000e+00
-1.485000e+01	-1.482000e+01	0.000000e+00	0.000000e+00	0.000000e+00
-1.482000e+01	-1.479000e+01	0.000000e+00	0.000000e+00	0.000000e+00
-1.479000e+01	-1.476000e+01	0.000000e+00	0.000000e+00	0.000000e+00
-1.476000e+01	-1.473000e+01	0.000000e+00	0.000000e+00	0.000000e+00
-1.473000e+01	-1.470000e+01	0.000000e+00	0.000000e+00	0.000000e+00
-1.470000e+01	-1.467000e+01	0.000000e+00	0.000000e+00	0.000000e+00
-1.467000e+01	-1.464000e+01	0.000000e+00	0.000000e+00	0.000000e+00
-1.464000e+01	-1.461000e+01	0.000000e+00	0.000000e+00	0.000000e+00
-1.461000e+01	-1.458000e+01	0.000000e+00	0.000000e+00	0.000000e+00
-1.458000e+01	-1.455000e+01	0.000000e+00	0.000000e+00	0.000000e+00
-1.455000e+01	-1.452000e+01	0.000000e+00	0.000000e+00	0.000000e+00
-1.452000e+01	-1.449000e+01	0.000000e+00	0.000000e+00	0.000000e+00
-1.449000e+01	-1.446000e+01	0.000000e+00	0.000000e+00	0.000000e+00
-1.446000e+01	-1.443000e+01	0.000000e+00	0.000000e+00	0.000000e+00
-1.443000e+01	-1.440000e+01	0.000000e+00	0.000000e+00	0.000000e+00
-1.440000e+01	-1.437000e+01	0.000000e+00	0.000000e+00	0.000000e+00
-1.437000e+01	-1.434000e+01	0.000000e+00	0.000000e+00	0.000000e+00
-1.434000e+01	-1.431000e+01	0.000000e+00	0.000000e+00	0.000000e+00
-1.431000e+01	-1.428000e+01	0.000000e+00	0.000000e+00	0.000000e+00
-1.428000e+01	-1.425000e+01	0.000000e+00	0.000000e+00	0.000000e+00
-1.425000e+01	-1.422000e+01	0.000000e+00	0.000000e+00	0.000000e+00
-1.422000e+01	-1.419000e+01	0.000000e+00	0.000000e+00	0.000000e+00
-1.419000e+01	-1.416000e+01	0.000000e+00	0.000000e+00	0.000000e+00
-1.416000e+01	-1.413000e+01	0.000000e+00	0.000000e+00	0.000000e+00
-1.413000e+01	-1.410000e+01	0.000000e+00	0.000000e+00	0.000000e+00
-1.410000e+01	-1.407000e+01	0.000000e+00	0.000000e+00	0.000000e+00
-1.407000e+01	-1.404000e+01	0.000000e+00	0.000000e+00	0.000000e+00
-1.404000e+01	-1.401000e+01	0.000000e+00	0.000000e+00	0.000000e+00
-1.401000e+01	-1.398000e+01	0.000000e+00	0.000000e+00	0.000000e+00
-1.398000e+01	-1.395000e+01	0.000000e+00	0.000000e+00	0.000000e+00
-1.395000e+01	-1.392000e+01	0.000000e+00	0.000000e+00	0.000000e+00
-1.392000e+01	-1.389000e+01	0.000000e+00	0.000000e+00	0.000000e+00
-1.389000e+01	-1.386000e+01	0.000000e+00	0.000000e+00	0.000000e+00
-1.386000e+01	-1.383000e+01	0.000000e+00	0.000000e+00	0.000000e+00
-1.383000e+01	-1.380000e+01	0.000000e+00	0.000000e+00	0.000000e+00
-1.380000e+01	-1.377000e+01	0.000000e+00	0.000000e+00	0.000000e+00
-1.377000e+01	-1.374000e+01	0.000000e+00	0.000000e+00	0.000000e+00
-1.374000e+01	-1.371000e+01	0.000000e+00	0.000000e+00	0.000000e+00
-1.371000e+01	-1.368000e+01	0.000000e+00	0.000000e+00	0.000000e+00
-1.368000e+01	-1.365000e+01	0.000000e+00	0.000000e+00	0.000000e+00
-1.365000e+01	-1.362000e+01	0.000000e+00	0.000000e+00	0.000000e+00
-1.362000e+01	-1.359000e+01	0.000000e+00	0.000000e+00	0.000000e+00
-1.359000e+01	-1.356000e+01	0.000000e+00	0.000000e+00	0.000000e+00
-1.356000e+01	-1.353000e+01	0.000000e+00	0.000000e+00	0.000000e+00
-1.353000e+01	-1.350000e+01	0.000000e+00	0.000000e+00	0.000000e+00
-1.350000e+01	-1.347000e+01	0.000000e+00	0.000000e+00	0.000000e+00
-1.347000e+01	-1.344000e+01	0.000000e+00	0.000000e+00	0.000000e+00
-1.344000e+01	-1.341000e+01	0.000000e+00	0.000000e+00	0.000000e+00
-1.341000e+01	-1.338000e+01	0.000000e+00	0.000000e+00	0.000000e+00
-1.338000e+01	-1.335000e+01	0.000000e+00	0.000000e+00	0.000000e+00
-1.335000e+01	-1.332000e+01	0.000000e+00	0.000000e+00	0.000000e+00
-1.332000e+01	-1.329000e+01	0.000000e+00	0.000000e+00	0.000000e+00
-1.329000e+01	-1.326000e+01	0.000000e+00	0.000000e+00	0.000000e+00
-1.326000e+01	-1.323000e+01	0.000000e+00	0.000000e+00	0.000000e+00
-1.323000e+01	-1.320000e+01	0.000000e+00	0.000000e+00	0.000000e+00
-1.320000e+01	-1.317000e+01	0.000000e+00	0.000000e+00	0.000000e+00
-1.317000e+01	-1.314000e+01	0.000000e+00	0.000000e+00	0.000000e+00
-1.314000e+01	-1.311000e+01	0.000000e+00	0.000000e+00	0.000000e+00
-1.311000e+01	-1.308000e+01	0.000000e+00	0.000000e+00	0.000000e+00
-1.308000e+01	-1.305000e+01	0.000000e+00	0.000000e+00	0.000000e+00
-1.305000e+01	-1.302000e+01	0.000000e+00	0.000000e+00	0.000000e+00
-1.302000e+01	-1.299000e+01	0.000000e+00	0.000000e+00	0.000000e+00
-1.299000e+01	-1.296000e+01	0.000000e+00	0.000000e+00	0.000000e+00
-1.296000e+01	-1.293000e+01	0.000000e+00	0.000000e+00	0.000000e+00
-1.293000e+01	-1.290000e+01	0.000000e+00	0.000000e+00	0.000000e+00
-1.290000e+01	-1.287000e+01	0.000000e+00	0.000000e+00	0.000000e+00
-1.287000e+01	-1.284000e+01	0.000000e+00	0.000000e+00	0.000000e+00
-1.284000e+01	-1.281000e+01	0.000000e+00	0.000000e+00	0.000000e+00
-1.281000e+01	-1.278000e+01	0.000000e+00	0.000000e+00	0.000000e+00
-1.278000e+01	-1.275000e+01	0.000000e+00	0.000000e+00	0.000000e+00
-1.275000e+01	-1.272000e+01	0.000000e+00	0.000000e+00	0.000000e+00
-1.272000e+01	-1.269000e+01	0.000000e+00	0.000000e+00	0.000000e+00
-1.269000e+01	-1.266000e+01	0.000000e+00	0.000000e+00	0.000000e+00
-1.266000e+01	-1.263000e+01	0.000000e+00	0.000000e+00	0.000000e+00
-1.263000e+01	-1.260000e+01	0.000000e+00	0.000000e+00	0.000000e+00
-1.260000e+01	-1.257000e+01	0.000000e+00	0.000000e+00	0.000000e+00
-1.257000e+01	-1.254000e+01	0.000000e+00	0.000000e+00	0.000000e+00
-1.254000e+01	-1.251000e+01	0.000000e+00	0.000000e+00	0.000000e+00
-1.251000e+01	-1.248000e+01	0.000000e+00	0.000000e+00	0.000000e+00
-1.248000e+01	-1.245000e+01	0.000000e+00	0.000000e+00	0.000000e+00
-1.245000e+01	-1.242000e+01	0.000000e+00	0.000000e+00	0.000000e+00
-1.242000e+01	-1.239000e+01	0.000000e+00	0.000000e+00	0.000000e+00
-1.239000e+01	-1.236000e+01	0.000000e+00	0.000000e+00	0.000000e+00
-1.236000e+01	-1.233000e+01	0.000000e+00	0.000000e+00	0.000000e+00
-1.233000e+01	-1.230000e+01	0.000000e+00	0.000000e+00	0.000000e+00
-1.230000e+01	-1.227000e+01	0.000000e+00	0.000000e+00	0.000000e+00
-1.227000e+01	-1.224000e+01	0.000000e+00	0.000000e+00	0.000000e+00
-1.224000e+01	-1.221000e+01	0.000000e+00	0.000000e+00	0.000000e+00
-1.221000e+01	-1.218000e+01	0.000000e+00	0.000000e+00	0.000000e+00
-1.218000e+01	-1.215000e+01	0.000000e+00	0.000000e+00	0.000000e+00
-1.215000e+01	-1.212000e+01	0.000000e+00	0.000000e+00	0.000000e+00
-1.212000e+01	-1.209000e+01	0.000000e+00	0.000000e+00	0.000000e+00
-1.209000e+01	-1.206000e+01	0.000000e+00	0.000000e+00	0.000000e+00
-1.206000e+01	-1.203000e+01	0.000000e+00	0.000000e+00	0.000000e+00
-1.203000e+01	-1.200000e+01	0.000000e+00	0.000000e+00	0.000000e+00
-1.200000e+01	-1.197000e+01	0.000000e+00	0.000000e+00	0.000000e+00
-1.197000e+01	-1.194000e+01	0.000000e+00	0.000000e+00	0.000000e+00
-1.194000e+01	-1.191000e+01	0.000000e+00	0.000000e+00	0.000000e+00
-1.191000e+01	-1.188000e+01	0.000000e+00	0.000000e+00	0.000000e+00
-1.188000e+01	-1.185000e+01	0.000000e+00	0.000000e+00	0.000000e+00
-1.185000e+01	-1.182000e+01	0.000000e+00	0.000000e+00	0.000000e+00
-1.182000e+01	-1.179000e+01	0.000000e+00	0.000000e+00	0.000000e+00
-1.179000e+01	-1.176000e+01	0.000000e+00	0.000000e+00	0.000000e+00
-1.176000e+01	-1.173000e+01	0.000000e+00	0.000000e+00	0.000000e+00
-1.173000e+01	-1.170000e+01	0.000000e+00	0.000000e+00	0.000000e+00
-1.170000e+01	-1.167000e+01	0.000000e+00	0.000000e+00	0.000000e+00
-1.167000e+01	-1.164000e+01	0.000000e+00	0.000000e+00	0.000000e+00
-1.164000e+01	-1.161000e+01	0.000000e+00	0.000000e+00	0.000000e+00
-1.161000e+01	-1.158000e+01	0.000000e+00	0.000000e+00	0.000000e+00
-1.158000e+01	-1.155000e+01	0.000000e+00	0.000000e+00	0.000000e+00
-1.155000e+01	-1.152000e+01	0.000000e+00	0.000000e+00	0.000000e+00
-1.152000e+01	-1.149000e+01	0.000000e+00	0.000000e+00	0.000000e+00
-1.149000e+01	-1.146000e+01	0.000000e+00	0.000000e+00	0.000000e+00
-1.146000e+01	-1.143000e+01	0.000000e+00	0.000000e+00	0.000000e+00
-1.143000e+01	-1.140000e+01	0.000000e+00	0.000000e+00	0.000000e+00
-1.140000e+01	-1.137000e+01	0.000000e+00	0.000000e+00	0.000000e+00
-1.137000e+01	-1.134000e+01	0.000000e+00	0.000000e+00	0.000000e+00
-1.134000e+01	-1.131000e+01	0.000000e+00	0.000000e+00	0.000000e+00
-1.131000e+01	-1.128000e+01	0.000000e+00	0.000000e+00	0.000000e+00
-1.128000e+01	-1.125000e+01	0.000000e+00	0.000000e+00	0.000000e+00
-1.125000e+01	-1.122000e+01	0.000000e+00	0.000000e+00	0.000000e+00
-1.122000e+01	-1.119000e+01	0.000000e+00	0.000000e+00	0.000000e+00
-1.119000e+01	-1.116000e+01	0.000000e+00	0.000000e+00	0.000000e+00
-1.116000e+01	-1.113000e+01	0.000000e+00	0.000000e+00	0.000000e+00
-1.113000e+01	-1.110000e+01	0.000000e+00	0.000000e+00	0.000000e+00
-1.110000e+01	-1.107000e+01	0.000000e+00	0.000000e+00	0.000000e+00
-1.107000e+01	-1.104000e+01	0.000000e+00	0.000000e+00	0.000000e+00
-1.104000e+01	-1.101000e+01	0.000000e+00	0.000000e+00	0.000000e+00
-1.101000e+01	-1.098000e+01	0.000000e+00	0.000000e+00	0.000000e+00
-1.098000e+01	-1.095000e+01	0.000000e+00	0.000000e+00	0.000000e+00
-1.095000e+01	-1.092000e+01	0.000000e+00	0.000000e+00	0.000000e+00
-1.092000e+01	-1.089000e+01	0.000000e+00	0.000000e+00	0.000000e+00
-1.089000e+01	-1.086000e+01	0.000000e+00	0.000000e+00	0.000000e+00
-1.086000e+01	-1.083000e+01	0.000000e+00	0.000000e+00	0.000000e+00
-1.083000e+01	-1.080000e+01	0.000000e+00	0.000000e+00	0.000000e+00
-1.080000e+01	-1.077000e+01	0.000000e+00	0.000000e+00	0.000000e+00
-1.077000e+01	-1.074000e+01	0.000000e+00	0.000000e+00	0.000000e+00
-1.074000e+01	-1.071000e+01	0.000000e+00	0.000000e+00	0.000000e+00
-1.071000e+01	-1.068000e+01	0.000000e+00	0.000000e+00	0.000000e+00
-1.068000e+01	-1.065000e+01	0.000000e+00	0.000000e+00	0.000000e+00
-1.065000e+01	-1.062000e+01	0.000000e+00	0.000000e+00	0.000000e+00
-1.062000e+01	-1.059000e+01	0.000000e+00	0.000000e+00	0.000000e+00
-1.059000e+01	-1.056000e+01	0.000000e+00	0.000000e+00	0.000000e+00
-1.056000e+01	-1.053000e+01	0.000000e+00	0.000000e+00	0.000000e+00
-1.053000e+01	-1.050000e+01	0.000000e+00	0.000000e+00	0.000000e+00
-1.050000e+01	-1.047000e+01	0.000000e+00	0.000000e+00	0.000000e+00
-1.047000e+01	-1.044000e+01	0.000000e+00	0.000000e+00	0.000000e+00
-1.044000e+01	-1.041000e+01	0.000000e+00	0.000000e+00	0.000000e+00
-1.041000e+01	-1.038000e+01	0.000000e+00	0.000000e+00	0.000000e+00
-1.038000e+01	-1.035000e+01	0.000000e+00	0.000000e+00	0.000000e+00
-1.035000e+01	-1.032000e+01	0.000000e+00	0.000000e+00	0.000000e+00
-1.032000e+01	-1.029000e+01	0.000000e+00	0.000000e+00	0.000000e+00
-1.029000e+01	-1.026000e+01	0.000000e+00	0.000000e+00	0.000000e+00
-1.026000e+01	-1.023000e+01	0.000000e+00	0.000000e+00	0.000000e+00
-1.023000e+01	-1.020000e+01	0.000000e+00	0.000000e+00	0.000000e+00
-1.020000e+01	-1.017000e+01	0.000000e+00	0.000000e+00	0.000000e+00
-1.017000e+01	-1.014000e+01	0.000000e+00	0.000000e+00	0.000000e+00
-1.014000e+01	-1.011000e+01	0.000000e+00	0.000000e+00	0.000000e+00
-1.011000e+01	-1.008000e+01	0.000000e+00	0.000000e+00	0.000000e+00
-1.008000e+01	-1.005000e+01	0.000000e+00	0.000000e+00	0.000000e+00
-1.005000e+01	-1.002000e+01	0.000000e+00	0.000000e+00	0.000000e+00
-1.002000e+01	-9.990000e+00	0.000000e+00	0.000000e+00	0.000000e+00
-9.990000e+00	-9.960000e+00	0.000000e+00	0.000000e+00	0.000000e+00
-9.960000e+00	-9.930000e+00	0.000000e+00	0.000000e+00	0.000000e+00
-9.930000e+00	-9.900000e+00	0.000000e+00	0.000000e+00	0.000000e+00
-9.900000e+00	-9.870000e+00	0.000000e+00	0.000000e+00	0.000000e+00
-9.870000e+00	-9.840000e+00	0.000000e+00	0.000000e+00	0.000000e+00
-9.840000e+00	-9.810000e+00	0.000000e+00	0.000000e+00	0.000000e+00
-9.810000e+00	-9.780000e+00	0.000000e+00	0.000000e+00	0.000000e+00
-9.780000e+00	-9.750000e+00	0.000000e+00	0.000000e+00	0.000000e+00
-9.750000e+00	-9.720000e+00	0.000000e+00	0.000000e+00	0.000000e+00
-9.720000e+00	-9.690000e+00	0.000000e+00	0.000000e+00	0.000000e+00
-9.690000e+00	-9.660000e+00	0.000000e+00	0.000000e+00	0.000000e+00
-9.660000e+00	-9.630000e+00	0.000000e+00	0.000000e+00	0.000000e+00
-9.630000e+00	-9.600000e+00	0.000000e+00	0.000000e+00	0.000000e+00
-9.600000e+00	-9.570000e+00	0.000000e+00	0.000000e+00	0.000000e+00
-9.570000e+00	-9.540000e+00	0.000000e+00	0.000000e+00	0.000000e+00
-9.540000e+00	-9.510000e+00	0.000000e+00	0.000000e+00	0.000000e+00
-9.510000e+00	-9.480000e+00	0.000000e+00	0.000000e+00	0.000000e+00
-9.480000e+00	-9.450000e+00	0.000000e+00	0.000000e+00	0.000000e+00
-9.450000e+00	-9.420000e+00	0.000000e+00	0.000000e+00	0.000000e+00
-9.420000e+00	-9.390000e+00	0.000000e+00	0.000000e+00	0.000000e+00
-9.390000e+00	-9.360000e+00	0.000000e+00	0.000000e+00	0.000000e+00
-9.360000e+00	-9.330000e+00	0.000000e+00	0.000000e+00	0.000000e+00
-9.330000e+00	-9.300000e+00	0.000000e+00	0.000000e+00	0.000000e+00
-9.300000e+00	-9.270000e+00	0.000000e+00	0.000000e+00	0.000000e+00
-9.270000e+00	-9.240000e+00	0.000000e+00	0.000000e+00	0.000000e+00
-9.240000e+00	-9.210000e+00	0.000000e+00	0.000000e+00	0.000000e+00
-9.210000e+00	-9.180000e+00	0.000000e+00	0.000000e+00	0.000000e+00
-9.180000e+00	-9.150000e+00	0.000000e+00	0.000000e+00	0.000000e+00
-9.150000e+00	-9.120000e+00	0.000000e+00	0.000000e+00	0.000000e+00
-9.120000e+00	-9.090000e+00	0.000000e+00	0.000000e+00	0.000000e+00
-9.090000e+00	-9.060000e+00	0.000000e+00	0.000000e+00	0.000000e+00
-9.060000e+00	-9.030000e+00	0.000000e+00	0.000000e+00	0.000000e+00
-9.030000e+00	-9.000000e+00	0.000000e+00	0.000000e+00	0.000000e+00
-9.000000e+00	-8.970000e+00	0.000000e+00	0.000000e+00	0.000000e+00
-8.970000e+00	-8.940000e+00	0.000000e+00	0.000000e+00	0.000000e+00
-8.940000e+00	-8.910000e+00	0.000000e+00	0.000000e+00	0.000000e+00
-8.910000e+00	-8.880000e+00	0.000000e+00	0.000000e+00	0.000000e+00
-8.880000e+00	-8.850000e+00	0.000000e+00	0.000000e+00	0.000000e+00
-8.850000e+00	-8.820000e+00	0.000000e+00	0.000000e+00	0.000000e+00
-8.820000e+00	-8.790000e+00	0.000000e+00	0.000000e+00	0.000000e+00
-8.790000e+00	-8.760000e+00	0.000000e+00	0.000000e+00	0.000000e+00
-8.760000e+00	-8.730000e+00	0.000000e+00	0.000000e+00	0.000000e+00
-8.730000e+00	-8.700000e+00	0.000000e+00	0.000000e+00	0.000000e+00
-8.700000e+00	-8.670000e+00	0.000000e+00	0.000000e+00	0.000000e+00
-8.670000e+00	-8.640000e+00	0.000000e+00	0.000000e+00	0.000000e+00
-8.640000e+00	-8.610000e+00	0.000000e+00	0.000000e+00	0.000000e+00
-8.610000e+00	-8.580000e+00	0.000000e+00	0.000000e+00	0.000000e+00
-8.580000e+00	-8.550000e+00	0.000000e+00	0.000000e+00	0.000000e+00
-8.550000e+00	-8.520000e+00	0.000000e+00	0.000000e+00	0.000000e+00
-8.520000e+00	-8.490000e+00	0.000000e+00	0.000000e+00	0.000000e+00
-8.490000e+00	-8.460000e+00	0.000000e+00	0.000000e+00	0.000000e+00
-8.460000e+00	-8.430000e+00	0.000000e+00	0.000000e+00	0.000000e+00
-8.430000e+00	-8.400000e+00	0.000000e+00	0.000000e+00	0.000000e+00
-8.400000e+00	-8.370000e+00	0.000000e+00	0.000000e+00	0.000000e+00
-8.370000e+00	-8.340000e+00	0.000000e+00	0.000000e+00	0.000000e+00
-8.340000e+00	-8.310000e+00	0.000000e+00	0.000000e+00	0.000000e+00
-8.310000e+00	-8.280000e+00	0.000000e+00	0.000000e+00	0.000000e+00
-8.280000e+00	-8.250000e+00	0.000000e+00	0.000000e+00	0.000000e+00
-8.250000e+00	-8.220000e+00	0.000000e+00	0.000000e+00	0.000000e+00
-8.220000e+00	-8.190000e+00	0.000000e+00	0.000000e+00	0.000000e+00
-8.190000e+00	-8.160000e+00	0.000000e+00	0.000000e+00	0.000000e+00
-8.160000e+00	-8.130000e+00	0.000000e+00	0.000000e+00	0.000000e+00
-8.130000e+00	-8.100000e+00	0.000000e+00	0.000000e+00	0.000000e+00
-8.100000e+00	-8.070000e+00	0.000000e+00	0.000000e+00	0.000000e+00
-8.070000e+00	-8.040000e+00	8.809953e-04	8.809951e-04	8.809951e-04
-8.040000e+00	-8.010000e+00	0.000000e+00	0.000000e+00	0.000000e+00
-8.010000e+00	-7.980000e+00	0.000000e+00	0.000000e+00	0.000000e+00
-7.980000e+00	-7.950000e+00	0.000000e+00	0.000000e+00	0.000000e+00
-7.950000e+00	-7.920000e+00	0.000000e+00	0.000000e+00	0.000000e+00
-7.920000e+00	-7.890000e+00	0.000000e+00	0.000000e+00	0.000000e+00
-7.890000e+00	-7.860000e+00	0.000000e+00	0.000000e+00	0.000000e+00
-7.860000e+00	-7.830000e+00	0.000000e+00	0.000000e+00	0.000000e+00
-7.830000e+00	-7.800000e+00	0.000000e+00	0.000000e+00	0.000000e+00
-7.800000e+00	-7.770000e+00	0.000000e+00	0.000000e+00	0.000000e+00
-7.770000e+00	-7.740000e+00	0.000000e+00	0.000000e+00	0.000000e+00
-7.740000e+00	-7.710000e+00	0.000000e+00	0.000000e+00	0.000000e+00
-7.710000e+00	-7.680000e+00	0.000000e+00	0.000000e+00	0.000000e+00
-7.680000e+00	-7.650000e+00	0.000000e+00	0.000000e+00	0.000000e+00
-7.650000e+00	-7.620000e+00	0.000000e+00	0.000000e+00	0.000000e+00
-7.620000e+00	-7.590000e+00	0.000000e+00	0.000000e+00	0.000000e+00
-7.590000e+00	-7.560000e+00	0.000000e+00	0.000000e+00	0.000000e+00
-7.560000e+00	-7.530000e+00	0.000000e+00	0.000000e+00	0.000000e+00
-7.530000e+00	-7.500000e+00	0.000000e+00	0.000000e+00	0.000000e+00
-7.500000e+00	-7.470000e+00	0.000000e+00	0.000000e+00	0.000000e+00
-7.470000e+00	-7.440000e+00	0.000000e+00	0.000000e+00	0.000000e+00
-7.440000e+00	-7.410000e+00	0.000000e+00	0.000000e+00	0.000000e+00
-7.410000e+00	-7.380000e+00	8.809953e-04	8.809951e-04	8.809951e-04
-7.380000e+00	-7.350000e+00	0.000000e+00	0.000000e+00	0.000000e+00
-7.350000e+00	-7.320000e+00	0.000000e+00	0.000000e+00	0.000000e+00
-7.320000e+00	-7.290000e+00	8.809953e-04	8.809951e-04	8.809951e-04
-7.290000e+00	-7.260000e+00	0.000000e+00	0.000000e+00	0.000000e+00
-7.260000e+00	-7.230000e+00	0.000000e+00	0.000000e+00	0.000000e+00
-7.230000e+00	-7.200000e+00	0.000000e+00	0.000000e+00	0.000000e+00
-7.200000e+00	-7.170000e+00	0.000000e+00	0.000000e+00	0.000000e+00
-7.170000e+00	-7.140000e+00	0.000000e+00	0.000000e+00	0.000000e+00
-7.140000e+00	-7.110000e+00	0.000000e+00	0.000000e+00	0.000000e+00
-7.110000e+00	-7.080000e+00	0.000000e+00	0.000000e+00	0.000000e+00
-7.080000e+00	-7.050000e+00	0.000000e+00	0.000000e+00	0.000000e+00
-7.050000e+00	-7.020000e+00	0.000000e+00	0.000000e+00	0.000000e+00
-7.020000e+00	-6.990000e+00	0.000000e+00	0.000000e+00	0.000000e+00
-6.990000e+00	-6.960000e+00	0.000000e+00	0.000000e+00	0.000000e+00
-6.960000e+00	-6.930000e+00	0.000000e+00	0.000000e+00	0.000000e+00
-6.930000e+00	-6.900000e+00	0.000000e+00	0.000000e+00	0.000000e+00
-6.900000e+00	-6.870000e+00	0.000000e+00	0.000000e+00	0.000000e+00
-6.870000e+00	-6.840000e+00	8.809953e-04	8.809951e-04	8.809951e-04
-6.840000e+00	-6.810000e+00	0.000000e+00	0.000000e+00	0.000000e+00
-6.810000e+00	-6.780000e+00	0.000000e+00	0.000000e+00	0.000000e+00
-6.780000e+00	-6.750000e+00	0.000000e+00	0.000000e+00	0.000000e+00
-6.750000e+00	-6.720000e+00	0.000000e+00	0.000000e+00	0.000000e+00
-6.720000e+00	-6.690000e+00	0.000000e+00	0.000000e+00	0.000000e+00
-6.690000e+00	-6.660000e+00	0.000000e+00	0.000000e+00	0.000000e+00
-6.660000e+00	-6.630000e+00	0.000000e+00	0.000000e+00	0.000000e+00
-6.630000e+00	-6.600000e+00	8.809953e-04	8.809951e-04	8.809951e-04
-6.600000e+00	-6.570000e+00	0.000000e+00	0.000000e+00	0.000000e+00
-6.570000e+00	-6.540000e+00	0.000000e+00	0.000000e+00	0.000000e+00
-6.540000e+00	-6.510000e+00	0.000000e+00	0.000000e+00	0.000000e+00
-6.510000e+00	-6.480000e+00	0.000000e+00	0.000000e+00	0.000000e+00
-6.480000e+00	-6.450000e+00	0.000000e+00	0.000000e+00	0.000000e+00
-6.450000e+00	-6.420000e+00	0.000000e+00	0.000000e+00	0.000000e+00
-6.420000e+00	-6.390000e+00	0.000000e+00	0.000000e+00	0.000000e+00
-6.390000e+00	-6.360000e+00	0.000000e+00	0.000000e+00	0.000000e+00
-6.360000e+00	-6.330000e+00	0.000000e+00	0.000000e+00	0.000000e+00
-6.330000e+00	-6.300000e+00	8.809953e-04	8.809951e-04	8.809951e-04
-6.300000e+00	-6.270000e+00	0.000000e+00	0.000000e+00	0.000000e+00
-6.270000e+00	-6.240000e+00	8.809953e-04	8.809951e-04	8.809951e-04
-6.240000e+00	-6.210000e+00	0.000000e+00	0.000000e+00	0.000000e+00
-6.210000e+00	-6.180000e+00	0.000000e+00	0.000000e+00	0.000000e+00
-6.180000e+00	-6.150000e+00	8.809953e-04	8.809951e-04	8.809951e-04
-6.150000e+00	-6.120000e+00	0.000000e+00	0.000000e+00	0.000000e+00
-6.120000e+00	-6.090000e+00	0.000000e+00	0.000000e+00	0.000000e+00
-6.090000e+00	-6.060000e+00	8.809953e-04	8.809951e-04	8.809951e-04
-6.060000e+00	-6.030000e+00	0.000000e+00	0.000000e+00	0.000000e+00
-6.030000e+00	-6.000000e+00	0.000000e+00	0.000000e+00	0.000000e+00
-6.000000e+00	-5.970000e+00	0.000000e+00	0.000000e+00	0.000000e+00
-5.970000e+00	-5.940000e+00	0.000000e+00	0.000000e+00	0.000000e+00
-5.940000e+00	-5.910000e+00	0.000000e+00	0.000000e+00	0.000000e+00
-5.910000e+00	-5.880000e+00	0.000000e+00	0.000000e+00	0.000000e+00
-5.880000e+00	-5.850000e+00	0.000000e+00	0.000000e+00	0.000000e+00
-5.850000e+00	-5.820000e+00	8.809953e-04	8.809951e-04	8.809951e-04
-5.820000e+00	-5.790000e+00	1.761990e-03	1.245915e-03	1.245915e-03
-5.790000e+00	-5.760000e+00	0.000000e+00	0.000000e+00	0.000000e+00
-5.760000e+00	-5.730000e+00	0.000000e+00	0.000000e+00	0.000000e+00
-5.730000e+00	-5.700000e+00	8.809953e-04	8.809951e-04	8.809951e-04
-5.700000e+00	-5.670000e+00	0.000000e+00	0.000000e+00	0.000000e+00
-5.670000e+00	-5.640000e+00	0.000000e+00	0.000000e+00	0.000000e+00
-5.640000e+00	-5.610000e+00	0.000000e+00	0.000000e+00	0.000000e+00
-5.610000e+00	-5.580000e+00	2.642986e-03	1.525928e-03	1.525928e-03
-5.580000e+00	-5.550000e+00	8.809953e-04	8.809951e-04	8.809951e-04
-5.550000e+00	-5.520000e+00	0.000000e+00	0.000000e+00	0.000000e+00
-5.520000e+00	-5.490000e+00	1.761990e-03	1.245915e-03	1.245915e-03
-5.490000e+00	-5.460000e+00	0.000000e+00	0.000000e+00	0.000000e+00
-5.460000e+00	-5.430000e+00	1.761990e-03	1.245915e-03	1.245915e-03
-5.430000e+00	-5.400000e+00	2.642986e-03	1.525928e-03	1.525928e-03
-5.400000e+00	-5.370000e+00	8.809953e-04	8.809951e-04	8.809951e-04
-5.370000e+00	-5.340000e+00	3.523980e-03	1.761990e-03	1.761990e-03
-5.340000e+00	-5.310000e+00	1.761990e-03	1.245915e-03	1.245915e-03
-5.310000e+00	-5.280000e+00	8.809953e-04	8.809951e-04	8.809951e-04
-5.280000e+00	-5.250000e+00	0.000000e+00	0.000000e+00	0.000000e+00
-5.250000e+00	-5.220000e+00	1.761990e-03	1.245915e-03	1.245915e-03
-5.220000e+00	-5.190000e+00	1.761990e-03	1.245915e-03	1.245915e-03
-5.190000e+00	-5.160000e+00	2.642986e-03	1.525928e-03	1.525928e-03
-5.160000e+00	-5.130000e+00	1.761990e-03	1.245915e-03	1.245915e-03
-5.130000e+00	-5.100000e+00	8.809953e-04	8.809951e-04	8.809951e-04
-5.100000e+00	-5.070000e+00	2.642986e-03	1.525928e-03	1.525928e-03
-5.070000e+00	-5.040000e+00	8.809953e-04	8.809951e-04	8.809951e-04
-5.040000e+00	-5.010000e+00	1.761990e-03	1.245915e-03	1.245915e-03
-5.010000e+00	-4.980000e+00	5.285970e-03	2.157989e-03	2.157989e-03
-4.980000e+00	-4.950000e+00	4.404977e-03	1.969965e-03	1.969965e-03
-4.950000e+00	-4.920000e+00	7.047960e-03	2.491831e-03	2.491831e-03
-4.920000e+00	-4.890000e+00	3.523980e-03	1.761990e-03	1.761990e-03
-4.890000e+00	-4.860000e+00	0.000000e+00	0.000000e+00	0.000000e+00
-4.860000e+00	-4.830000e+00	2.642986e-03	1.525928e-03	1.525928e-03
-4.830000e+00	-4.800000e+00	6.166967e-03	2.330894e-03	2.330894e-03
-4.800000e+00	-4.770000e+00	5.285970e-03	2.157989e-03	2.157989e-03
-4.770000e+00	-4.740000e+00	7.047960e-03	2.491831e-03	2.491831e-03
-4.740000e+00	-4.710000e+00	7.928957e-03	2.642985e-03	2.642985e-03
-4.710000e+00	-4.680000e+00	7.047960e-03	2.491831e-03	2.491831e-03
-4.680000e+00	-4.650000e+00	5.285970e-03	2.157989e-03	2.157989e-03
-4.650000e+00	-4.620000e+00	1.761990e-03	1.245915e-03	1.245915e-03
-4.620000e+00	-4.590000e+00	8.809953e-03	2.785951e-03	2.785951e-03
-4.590000e+00	-4.560000e+00	1.321493e-02	3.412080e-03	3.412080e-03
-4.560000e+00	-4.530000e+00	8.809953e-03	2.785951e-03	2.785951e-03
-4.530000e+00	-4.500000e+00	1.057194e-02	3.051857e-03	3.051857e-03
-4.500000e+00	-4.470000e+00	7.928957e-03	2.642985e-03	2.642985e-03
-4.470000e+00	-4.440000e+00	8.809953e-03	2.785951e-03	2.785951e-03
-4.440000e+00	-4.410000e+00	1.409592e-02	3.523981e-03	3.523981e-03
-4.410000e+00	-4.380000e+00	1.850090e-02	4.037227e-03	4.037227e-03
-4.380000e+00	-4.350000e+00	1.673891e-02	3.840169e-03	3.840169e-03
-4.350000e+00	-4.320000e+00	1.673891e-02	3.840169e-03	3.840169e-03
-4.320000e+00	-4.290000e+00	1.497692e-02	3.632436e-03	3.632436e-03
-4.290000e+00	-4.260000e+00	1.233393e-02	3.296382e-03	3.296382e-03
-4.260000e+00	-4.230000e+00	2.026289e-02	4.225105e-03	4.225105e-03
-4.230000e+00	-4.200000e+00	1.497692e-02	3.632436e-03	3.632436e-03
-4.200000e+00	-4.170000e+00	2.290587e-02	4.492212e-03	4.492212e-03
-4.170000e+00	-4.140000e+00	2.642986e-02	4.825410e-03	4.825410e-03
-4.140000e+00	-4.110000e+00	1.761990e-02	3.939929e-03	3.939929e-03
-4.110000e+00	-4.080000e+00	2.114388e-02	4.315977e-03	4.315977e-03
-4.080000e+00	-4.050000e+00	2.290587e-02	4.492212e-03	4.492212e-03
-4.050000e+00	-4.020000e+00	2.554886e-02	4.744304e-03	4.744304e-03
-4.020000e+00	-3.990000e+00	3.876380e-02	5.843861e-03	5.843861e-03
-3.990000e+00	-3.960000e+00	3.171583e-02	5.285971e-03	5.285971e-03
-3.960000e+00	-3.930000e+00	3.876380e-02	5.843861e-03	5.843861e-03
-3.930000e+00	-3.900000e+00	4.228777e-02	6.103714e-03	6.103714e-03
-3.900000e+00	-3.870000e+00	4.669273e-02	6.413741e-03	6.413741e-03
-3.870000e+00	-3.840000e+00	5.462170e-02	6.936963e-03	6.936963e-03
-3.840000e+00	-3.810000e+00	5.638370e-02	7.047961e-03	7.047961e-03
-3.810000e+00	-3.780000e+00	5.638370e-02	7.047961e-03	7.047961e-03
-3.780000e+00	-3.750000e+00	5.814567e-02	7.157239e-03	7.157239e-03
-3.750000e+00	-3.720000e+00	6.959863e-02	7.830456e-03	7.830456e-03
-3.720000e+00	-3.690000e+00	6.343167e-02	7.475492e-03	7.475492e-03
-3.690000e+00	-3.660000e+00	8.721853e-02	8.765791e-03	8.765791e-03
-3.660000e+00	-3.630000e+00	7.224160e-02	7.977750e-03	7.977750e-03
-3.630000e+00	-3.600000e+00	9.162350e-02	8.984423e-03	8.984423e-03
-3.600000e+00	-3.570000e+00	8.721853e-02	8.765791e-03	8.765791e-03
-3.570000e+00	-3.540000e+00	1.074814e-01	9.730910e-03	9.730910e-03
-3.540000e+00	-3.510000e+00	1.145294e-01	1.004489e-02	1.004489e-02
-3.510000e+00	-3.480000e+00	1.057194e-01	9.650819e-03	9.650819e-03
-3.480000e+00	-3.450000e+00	1.303873e-01	1.071777e-02	1.071777e-02
-3.450000e+00	-3.420000e+00	1.136484e-01	1.000618e-02	1.000618e-02
-3.420000e+00	-3.390000e+00	1.233393e-01	1.042408e-02	1.042408e-02
-3.390000e+00	-3.360000e+00	1.339113e-01	1.086164e-02	1.086164e-02
-3.360000e+00	-3.330000e+00	1.436022e-01	1.124779e-02	1.124779e-02
-3.330000e+00	-3.300000e+00	1.709131e-01	1.227084e-02	1.227084e-02
-3.300000e+00	-3.270000e+00	1.612221e-01	1.191788e-02	1.191788e-02
-3.270000e+00	-3.240000e+00	1.973429e-01	1.318553e-02	1.318553e-02
-3.240000e+00	-3.210000e+00	1.955809e-01	1.312653e-02	1.312653e-02
-3.210000e+00	-3.180000e+00	1.726751e-01	1.233393e-02	1.233393e-02
-3.180000e+00	-3.150000e+00	2.114388e-01	1.364832e-02	1.364832e-02
-3.150000e+00	-3.120000e+00	2.193678e-01	1.390187e-02	1.390187e-02
-3.120000e+00	-3.090000e+00	2.184868e-01	1.387392e-02	1.387392e-02
-3.090000e+00	-3.060000e+00	2.352257e-01	1.439558e-02	1.439558e-02
-3.060000e+00	-3.030000e+00	2.554886e-01	1.500281e-02	1.500281e-02
-3.030000e+00	-3.000000e+00	2.968954e-01	1.617292e-02	1.617292e-02
-3.000000e+00	-2.970000e+00	3.039433e-01	1.636376e-02	1.636376e-02
-2.970000e+00	-2.940000e+00	2.457977e-01	1.471552e-02	1.471552e-02
-2.940000e+00	-2.910000e+00	2.977764e-01	1.619690e-02	1.619690e-02
-2.910000e+00	-2.880000e+00	3.471120e-01	1.748726e-02	1.748726e-02
-2.880000e+00	-2.850000e+00	3.286112e-01	1.701484e-02	1.701484e-02
-2.850000e+00	-2.820000e+00	3.471120e-01	1.748726e-02	1.748726e-02
-2.820000e+00	-2.790000e+00	3.435880e-01	1.739826e-02	1.739826e-02
-2.790000e+00	-2.760000e+00	3.753040e-01	1.818354e-02	1.818354e-02
-2.760000e+00	-2.730000e+00	3.559220e-01	1.770778e-02	1.770778e-02
-2.730000e+00	-2.700000e+00	3.867570e-01	1.845890e-02	1.845890e-02
-2.700000e+00	-2.670000e+00	4.149487e-01	1.911983e-02	1.911983e-02
-2.670000e+00	-2.640000e+00	4.695703e-01	2.033935e-02	2.033935e-02
-2.640000e+00	-2.610000e+00	4.678083e-01	2.030116e-02	2.030116e-02
-2.610000e+00	-2.580000e+00	4.642843e-01	2.022455e-02	2.022455e-02
-2.580000e+00	-2.550000e+00	5.136203e-01	2.127197e-02	2.127197e-02
-2.550000e+00	-2.520000e+00	4.836663e-01	2.064238e-02	2.064238e-02
-2.520000e+00	-2.490000e+00	4.748563e-01	2.045351e-02	2.045351e-02
-2.490000e+00	-2.460000e+00	5.092153e-01	2.118056e-02	2.118056e-02
-2.460000e+00	-2.430000e+00	5.488600e-01	2.198961e-02	2.198961e-02
-2.430000e+00	-2.400000e+00	5.497410e-01	2.200725e-02	2.200725e-02
-2.400000e+00	-2.370000e+00	5.567890e-01	2.214787e-02	2.214787e-02
-2.370000e+00	-2.340000e+00	6.114107e-01	2.320883e-02	2.320883e-02
-2.340000e+00	-2.310000e+00	5.858617e-01	2.271875e-02	2.271875e-02
-2.310000e+00	-2.280000e+00	5.585510e-01	2.218289e-02	2.218289e-02
-2.280000e+00	-2.250000e+00	6.228637e-01	2.342520e-02	2.342520e-02
-2.250000e+00	-2.220000e+00	5.885047e-01	2.276993e-02	2.276993e-02
-2.220000e+00	-2.190000e+00	6.034817e-01	2.305785e-02	2.305785e-02
-2.190000e+00	-2.160000e+00	5.929097e-01	2.285499e-02	2.285499e-02
-2.160000e+00	-2.130000e+00	6.307927e-01	2.357382e-02	2.357382e-02
-2.130000e+00	-2.100000e+00	5.911477e-01	2.282101e-02	2.282101e-02
-2.100000e+00	-2.070000e+00	5.770520e-01	2.254728e-02	2.254728e-02
-2.070000e+00	-2.040000e+00	6.246257e-01	2.345831e-02	2.345831e-02
-2.040000e+00	-2.010000e+00	5.673610e-01	2.235715e-02	2.235715e-02
-2.010000e+00	-1.980000e+00	6.017197e-01	2.302416e-02	2.302416e-02
-1.980000e+00	-1.950000e+00	5.611940e-01	2.223531e-02	2.223531e-02
-1.950000e+00	-1.920000e+00	5.550270e-01	2.211280e-02	2.211280e-02
-1.920000e+00	-1.890000e+00	5.532650e-01	2.207768e-02	2.207768e-02
-1.890000e+00	-1.860000e+00	5.171440e-01	2.134483e-02	2.134483e-02
-1.860000e+00	-1.830000e+00	5.717660e-01	2.244377e-02	2.244377e-02
-1.830000e+00	-1.800000e+00	5.426930e-01	2.186572e-02	2.186572e-02
-1.800000e+00	-1.770000e+00	4.845473e-01	2.066117e-02	2.066117e-02
-1.770000e+00	-1.740000e+00	4.757373e-01	2.047248e-02	2.047248e-02
-1.740000e+00	-1.710000e+00	4.898333e-01	2.077356e-02	2.077356e-02
-1.710000e+00	-1.680000e+00	4.378547e-01	1.964046e-02	1.964046e-02
-1.680000e+00	-1.650000e+00	4.211157e-01	1.926138e-02	1.926138e-02
-1.650000e+00	-1.620000e+00	4.193537e-01	1.922104e-02	1.922104e-02
-1.620000e+00	-1.590000e+00	3.797090e-01	1.828994e-02	1.828994e-02
-1.590000e+00	-1.560000e+00	3.929240e-01	1.860548e-02	1.860548e-02
-1.560000e+00	-1.530000e+00	3.832330e-01	1.837461e-02	1.837461e-02
-1.530000e+00	-1.500000e+00	3.488740e-01	1.753158e-02	1.753158e-02
-1.500000e+00	-1.470000e+00	3.294922e-01	1.703763e-02	1.703763e-02
-1.470000e+00	-1.440000e+00	2.942524e-01	1.610077e-02	1.610077e-02
-1.440000e+00	-1.410000e+00	2.827995e-01	1.578433e-02	1.578433e-02
-1.410000e+00	-1.380000e+00	2.519646e-01	1.489898e-02	1.489898e-02
-1.380000e+00	-1.350000e+00	2.581316e-01	1.508021e-02	1.508021e-02
-1.350000e+00	-1.320000e+00	2.272968e-01	1.415088e-02	1.415088e-02
-1.320000e+00	-1.290000e+00	2.334637e-01	1.434156e-02	1.434156e-02
-1.290000e+00	-1.260000e+00	2.140818e-01	1.373336e-02	1.373336e-02
-1.260000e+00	-1.230000e+00	2.140818e-01	1.373336e-02	1.373336e-02
-1.230000e+00	-1.200000e+00	2.079149e-01	1.353411e-02	1.353411e-02
-1.200000e+00	-1.170000e+00	1.726751e-01	1.233393e-02	1.233393e-02
-1.170000e+00	-1.140000e+00	1.568171e-01	1.175394e-02	1.175394e-02
-1.140000e+00	-1.110000e+00	1.541742e-01	1.165447e-02	1.165447e-02
-1.110000e+00	-1.080000e+00	1.391972e-01	1.107394e-02	1.107394e-02
-1.080000e+00	-1.050000e+00	1.127674e-01	9.967323e-03	9.967323e-03
-1.050000e+00	-1.020000e+00	1.268633e-01	1.057194e-02	1.057194e-02
-1.020000e+00	-9.900000e-01	1.162914e-01	1.012186e-02	1.012186e-02
-9.900000e-01	-9.600000e-01	1.162914e-01	1.012186e-02	1.012186e-02
-9.600000e-01	-9.300000e-01	1.066004e-01	9.690947e-03	9.690947e-03
-9.300000e-01	-9.000000e-01	9.514747e-02	9.155570e-03	9.155570e-03
-9.000000e-01	-8.700000e-01	8.809953e-02	8.809951e-03	8.809951e-03
-8.700000e-01	-8.400000e-01	8.193257e-02	8.496010e-03	8.496010e-03
-8.400000e-01	-8.100000e-01	7.488460e-02	8.122374e-03	8.122374e-03
-8.100000e-01	-7.800000e-01	6.783663e-02	7.730701e-03	7.730701e-03
-7.800000e-01	-7.500000e-01	5.990767e-02	7.264872e-03	7.264872e-03
-7.500000e-01	-7.200000e-01	6.695563e-02	7.680338e-03	7.680338e-03
-7.200000e-01	-6.900000e-01	5.197870e-02	6.767053e-03	6.767053e-03
-6.900000e-01	-6.600000e-01	4.493077e-02	6.291564e-03	6.291564e-03
-6.600000e-01	-6.300000e-01	3.964477e-02	5.909896e-03	5.909896e-03
-6.300000e-01	-6.000000e-01	3.612080e-02	5.641122e-03	5.641122e-03
-6.000000e-01	-5.700000e-01	2.378687e-02	4.577786e-03	4.577786e-03
-5.700000e-01	-5.400000e-01	2.642986e-02	4.825410e-03	4.825410e-03
-5.400000e-01	-5.100000e-01	2.642986e-02	4.825410e-03	4.825410e-03
-5.100000e-01	-4.800000e-01	2.026289e-02	4.225105e-03	4.225105e-03
-4.800000e-01	-4.500000e-01	1.673891e-02	3.840169e-03	3.840169e-03
-4.500000e-01	-4.200000e-01	1.233393e-02	3.296382e-03	3.296382e-03
-4.200000e-01	-3.900000e-01	1.321493e-02	3.412080e-03	3.412080e-03
-3.900000e-01	-3.600000e-01	1.585791e-02	3.737746e-03	3.737746e-03
-3.600000e-01	-3.300000e-01	9.690947e-03	2.921930e-03	2.921930e-03
-3.300000e-01	-3.000000e-01	6.166967e-03	2.330894e-03	2.330894e-03
-3.000000e-01	-2.700000e-01	3.523980e-03	1.761990e-03	1.761990e-03
-2.700000e-01	-2.400000e-01	6.166967e-03	2.330894e-03	2.330894e-03
-2.400000e-01	-2.100000e-01	3.523980e-03	1.761990e-03	1.761990e-03
-2.100000e-01	-1.800000e-01	3.523980e-03	1.761990e-03	1.761990e-03
-1.800000e-01	-1.500000e-01	6.166967e-03	2.330894e-03	2.330894e-03
-1.500000e-01	-1.200000e-01	1.761990e-03	1.245915e-03	1.245915e-03
-1.200000e-01	-9.000000e-02	0.000000e+00	0.000000e+00	0.000000e+00
-9.000000e-02	-6.000000e-02	0.000000e+00	0.000000e+00	0.000000e+00
-6.000000e-02	-3.000000e-02	1.761990e-03	1.245915e-03	1.245915e-03
-3.000000e-02	0.000000e+00	8.809953e-04	8.809951e-04	8.809951e-04
# END HISTO1D

