# BEGIN PLOT
LegendOnly=//afs/cern.ch/user/d/dkar/lh2015-qg/Vincia-2001/lhc/hadron/dijet.yoda/MC_LHQG_dijet/log_mMDT_GA_10_20_Q200_R8 //afs/cern.ch/user/d/dkar/lh2015-qg/Vincia-2001/lhc/hadron/dijet_nobias.yoda/MC_LHQG_dijet/log_mMDT_GA_10_20_Q200_R8
DrawOnly=//afs/cern.ch/user/d/dkar/lh2015-qg/Vincia-2001/lhc/hadron/dijet.yoda/MC_LHQG_dijet/log_mMDT_GA_10_20_Q200_R8 //afs/cern.ch/user/d/dkar/lh2015-qg/Vincia-2001/lhc/hadron/dijet_nobias.yoda/MC_LHQG_dijet/log_mMDT_GA_10_20_Q200_R8
RatioPlotReference=//afs/cern.ch/user/d/dkar/lh2015-qg/Vincia-2001/lhc/hadron/dijet.yoda/MC_LHQG_dijet/log_mMDT_GA_10_20_Q200_R8
RatioPlot=1
LogY=1
RatioPlotYLabel=Ratio
Legend=1
# END PLOT

# BEGIN HISTO1D //afs/cern.ch/user/d/dkar/lh2015-qg/Vincia-2001/lhc/hadron/dijet.yoda/MC_LHQG_dijet/log_mMDT_GA_10_20_Q200_R8
LineColor=red
LineStyle=solid
Path=//afs/cern.ch/user/d/dkar/lh2015-qg/Vincia-2001/lhc/hadron/dijet.yoda/MC_LHQG_dijet/log_mMDT_GA_10_20_Q200_R8
ScaledBy=5.0914180862722374
Title=dijet
XLabel=
YLabel=
# xlow	 xhigh	 val	 errminus	 errplus
-1.500000e+01	-1.497000e+01	7.478890e-02	2.600277e-02	2.600277e-02
-1.497000e+01	-1.494000e+01	6.087687e-05	6.043111e-05	6.043111e-05
-1.494000e+01	-1.491000e+01	0.000000e+00	0.000000e+00	0.000000e+00
-1.491000e+01	-1.488000e+01	1.113233e-04	1.111001e-04	1.111001e-04
-1.488000e+01	-1.485000e+01	9.986973e-07	9.986973e-07	9.986973e-07
-1.485000e+01	-1.482000e+01	0.000000e+00	0.000000e+00	0.000000e+00
-1.482000e+01	-1.479000e+01	1.180321e-04	8.392660e-05	8.392660e-05
-1.479000e+01	-1.476000e+01	7.128040e-05	5.000022e-05	5.000022e-05
-1.476000e+01	-1.473000e+01	5.845317e-06	5.053067e-06	5.053067e-06
-1.473000e+01	-1.470000e+01	2.151823e-04	1.510948e-04	1.510948e-04
-1.470000e+01	-1.467000e+01	1.106541e-04	7.419263e-05	7.419263e-05
-1.467000e+01	-1.464000e+01	3.014256e-05	3.014256e-05	3.014256e-05
-1.464000e+01	-1.461000e+01	1.129457e-04	1.042582e-04	1.042582e-04
-1.461000e+01	-1.458000e+01	4.926250e-04	4.763374e-04	4.763374e-04
-1.458000e+01	-1.455000e+01	5.272603e-04	5.272604e-04	5.272604e-04
-1.455000e+01	-1.452000e+01	1.283463e-04	1.283463e-04	1.283463e-04
-1.452000e+01	-1.449000e+01	1.662094e-04	1.179598e-04	1.179598e-04
-1.449000e+01	-1.446000e+01	2.429826e-05	1.753266e-05	1.753266e-05
-1.446000e+01	-1.443000e+01	5.367177e-04	4.482180e-04	4.482180e-04
-1.443000e+01	-1.440000e+01	3.515753e-04	2.411995e-04	2.411995e-04
-1.440000e+01	-1.437000e+01	1.463857e-04	1.440731e-04	1.440731e-04
-1.437000e+01	-1.434000e+01	4.316420e-05	3.552273e-05	3.552273e-05
-1.434000e+01	-1.431000e+01	2.592446e-04	1.888050e-04	1.888050e-04
-1.431000e+01	-1.428000e+01	4.900333e-05	3.451954e-05	3.451954e-05
-1.428000e+01	-1.425000e+01	1.494531e-07	1.494531e-07	1.494531e-07
-1.425000e+01	-1.422000e+01	9.822127e-06	6.485087e-06	6.485087e-06
-1.422000e+01	-1.419000e+01	2.760892e-04	2.214700e-04	2.214700e-04
-1.419000e+01	-1.416000e+01	2.759088e-04	2.729641e-04	2.729641e-04
-1.416000e+01	-1.413000e+01	2.291864e-06	1.197138e-06	1.197138e-06
-1.413000e+01	-1.410000e+01	2.632073e-05	2.006292e-05	2.006292e-05
-1.410000e+01	-1.407000e+01	9.594570e-05	7.796361e-05	7.796361e-05
-1.407000e+01	-1.404000e+01	9.643450e-07	7.198533e-07	7.198533e-07
-1.404000e+01	-1.401000e+01	4.895113e-05	3.016446e-05	3.016446e-05
-1.401000e+01	-1.398000e+01	2.362895e-04	2.037008e-04	2.037008e-04
-1.398000e+01	-1.395000e+01	6.177710e-06	6.029693e-06	6.029693e-06
-1.395000e+01	-1.392000e+01	3.128551e-05	2.256729e-05	2.256729e-05
-1.392000e+01	-1.389000e+01	9.005927e-07	8.814486e-07	8.814486e-07
-1.389000e+01	-1.386000e+01	9.037800e-06	6.022072e-06	6.022072e-06
-1.386000e+01	-1.383000e+01	1.667763e-04	1.310908e-04	1.310908e-04
-1.383000e+01	-1.380000e+01	2.618356e-04	2.492609e-04	2.492609e-04
-1.380000e+01	-1.377000e+01	2.330192e-05	1.330788e-05	1.330788e-05
-1.377000e+01	-1.374000e+01	1.853283e-04	1.631623e-04	1.631623e-04
-1.374000e+01	-1.371000e+01	2.344653e-04	1.541924e-04	1.541924e-04
-1.371000e+01	-1.368000e+01	1.291901e-04	1.227916e-04	1.227916e-04
-1.368000e+01	-1.365000e+01	1.636235e-04	1.181911e-04	1.181911e-04
-1.365000e+01	-1.362000e+01	6.793127e-05	3.776837e-05	3.776837e-05
-1.362000e+01	-1.359000e+01	1.005163e-03	6.449938e-04	6.449938e-04
-1.359000e+01	-1.356000e+01	2.982073e-04	2.384351e-04	2.384351e-04
-1.356000e+01	-1.353000e+01	1.304721e-04	7.852986e-05	7.852986e-05
-1.353000e+01	-1.350000e+01	5.210130e-04	4.281294e-04	4.281294e-04
-1.350000e+01	-1.347000e+01	6.417787e-04	5.851450e-04	5.851450e-04
-1.347000e+01	-1.344000e+01	7.614267e-05	4.006413e-05	4.006413e-05
-1.344000e+01	-1.341000e+01	1.066171e-04	5.081752e-05	5.081752e-05
-1.341000e+01	-1.338000e+01	2.134282e-03	1.456872e-03	1.456872e-03
-1.338000e+01	-1.335000e+01	6.715517e-05	4.104240e-05	4.104240e-05
-1.335000e+01	-1.332000e+01	5.600583e-04	3.908351e-04	3.908351e-04
-1.332000e+01	-1.329000e+01	1.769691e-03	1.179841e-03	1.179841e-03
-1.329000e+01	-1.326000e+01	8.958117e-04	6.172010e-04	6.172010e-04
-1.326000e+01	-1.323000e+01	5.567220e-04	5.187618e-04	5.187618e-04
-1.323000e+01	-1.320000e+01	5.982687e-04	5.144313e-04	5.144313e-04
-1.320000e+01	-1.317000e+01	1.145155e-03	7.805003e-04	7.805003e-04
-1.317000e+01	-1.314000e+01	1.998424e-04	1.400449e-04	1.400449e-04
-1.314000e+01	-1.311000e+01	8.094423e-05	4.007316e-05	4.007316e-05
-1.311000e+01	-1.308000e+01	8.516820e-05	2.898089e-05	2.898089e-05
-1.308000e+01	-1.305000e+01	5.188547e-04	4.717140e-04	4.717140e-04
-1.305000e+01	-1.302000e+01	7.077357e-05	3.022142e-05	3.022142e-05
-1.302000e+01	-1.299000e+01	1.147062e-04	4.343539e-05	4.343539e-05
-1.299000e+01	-1.296000e+01	2.926252e-05	1.012831e-05	1.012831e-05
-1.296000e+01	-1.293000e+01	2.609555e-04	1.397743e-04	1.397743e-04
-1.293000e+01	-1.290000e+01	5.816777e-05	2.811834e-05	2.811834e-05
-1.290000e+01	-1.287000e+01	2.032223e-04	1.099562e-04	1.099562e-04
-1.287000e+01	-1.284000e+01	2.394700e-04	1.799203e-04	1.799203e-04
-1.284000e+01	-1.281000e+01	1.426005e-04	9.104496e-05	9.104496e-05
-1.281000e+01	-1.278000e+01	2.925350e-04	1.180180e-04	1.180180e-04
-1.278000e+01	-1.275000e+01	1.673863e-04	6.553021e-05	6.553021e-05
-1.275000e+01	-1.272000e+01	5.120040e-04	2.579201e-04	2.579201e-04
-1.272000e+01	-1.269000e+01	2.265697e-03	1.465653e-03	1.465653e-03
-1.269000e+01	-1.266000e+01	8.138857e-04	5.675517e-04	5.675517e-04
-1.266000e+01	-1.263000e+01	4.999970e-04	2.550217e-04	2.550217e-04
-1.263000e+01	-1.260000e+01	7.188260e-04	2.765153e-04	2.765153e-04
-1.260000e+01	-1.257000e+01	1.257126e-04	5.511508e-05	5.511508e-05
-1.257000e+01	-1.254000e+01	3.627700e-04	1.601153e-04	1.601153e-04
-1.254000e+01	-1.251000e+01	1.412672e-03	8.400261e-04	8.400261e-04
-1.251000e+01	-1.248000e+01	1.986752e-04	7.609695e-05	7.609695e-05
-1.248000e+01	-1.245000e+01	3.377817e-03	1.572732e-03	1.572732e-03
-1.245000e+01	-1.242000e+01	2.345502e-04	1.145456e-04	1.145456e-04
-1.242000e+01	-1.239000e+01	1.622159e-03	8.620277e-04	8.620277e-04
-1.239000e+01	-1.236000e+01	4.239297e-04	2.394933e-04	2.394933e-04
-1.236000e+01	-1.233000e+01	9.063480e-04	5.827883e-04	5.827883e-04
-1.233000e+01	-1.230000e+01	1.234101e-03	4.818853e-04	4.818853e-04
-1.230000e+01	-1.227000e+01	1.293750e-03	7.818511e-04	7.818511e-04
-1.227000e+01	-1.224000e+01	7.867693e-04	4.586823e-04	4.586823e-04
-1.224000e+01	-1.221000e+01	6.168030e-04	3.396678e-04	3.396678e-04
-1.221000e+01	-1.218000e+01	4.824587e-04	2.157646e-04	2.157646e-04
-1.218000e+01	-1.215000e+01	9.233390e-04	4.307724e-04	4.307724e-04
-1.215000e+01	-1.212000e+01	1.669969e-03	7.204951e-04	7.204951e-04
-1.212000e+01	-1.209000e+01	9.593230e-04	2.621806e-04	2.621806e-04
-1.209000e+01	-1.206000e+01	8.780760e-04	4.912930e-04	4.912930e-04
-1.206000e+01	-1.203000e+01	1.347254e-03	7.267359e-04	7.267359e-04
-1.203000e+01	-1.200000e+01	1.391681e-03	6.595251e-04	6.595251e-04
-1.200000e+01	-1.197000e+01	1.452346e-03	8.655266e-04	8.655266e-04
-1.197000e+01	-1.194000e+01	3.567503e-04	1.527020e-04	1.527020e-04
-1.194000e+01	-1.191000e+01	2.081766e-03	7.419392e-04	7.419392e-04
-1.191000e+01	-1.188000e+01	1.617548e-03	8.490382e-04	8.490382e-04
-1.188000e+01	-1.185000e+01	9.354500e-04	3.210767e-04	3.210767e-04
-1.185000e+01	-1.182000e+01	8.633083e-04	2.411261e-04	2.411261e-04
-1.182000e+01	-1.179000e+01	2.612094e-03	1.161838e-03	1.161838e-03
-1.179000e+01	-1.176000e+01	2.055135e-03	1.137528e-03	1.137528e-03
-1.176000e+01	-1.173000e+01	1.247552e-03	6.416009e-04	6.416009e-04
-1.173000e+01	-1.170000e+01	2.352606e-03	1.047595e-03	1.047595e-03
-1.170000e+01	-1.167000e+01	1.006795e-03	3.745810e-04	3.745810e-04
-1.167000e+01	-1.164000e+01	8.601857e-04	2.866876e-04	2.866876e-04
-1.164000e+01	-1.161000e+01	1.965122e-03	6.884597e-04	6.884597e-04
-1.161000e+01	-1.158000e+01	1.707716e-03	5.818106e-04	5.818106e-04
-1.158000e+01	-1.155000e+01	4.085173e-03	1.380382e-03	1.380382e-03
-1.155000e+01	-1.152000e+01	2.290710e-03	8.673068e-04	8.673068e-04
-1.152000e+01	-1.149000e+01	2.401920e-02	2.174104e-02	2.174104e-02
-1.149000e+01	-1.146000e+01	1.798914e-03	4.285984e-04	4.285984e-04
-1.146000e+01	-1.143000e+01	3.397323e-03	1.253629e-03	1.253629e-03
-1.143000e+01	-1.140000e+01	3.026540e-03	1.163185e-03	1.163185e-03
-1.140000e+01	-1.137000e+01	1.046850e-03	1.939030e-04	1.939030e-04
-1.137000e+01	-1.134000e+01	1.493911e-03	4.629561e-04	4.629561e-04
-1.134000e+01	-1.131000e+01	5.041857e-03	1.284402e-03	1.284402e-03
-1.131000e+01	-1.128000e+01	2.535384e-03	7.711826e-04	7.711826e-04
-1.128000e+01	-1.125000e+01	4.590823e-03	1.835406e-03	1.835406e-03
-1.125000e+01	-1.122000e+01	4.047257e-03	1.203525e-03	1.203525e-03
-1.122000e+01	-1.119000e+01	5.930767e-03	1.791862e-03	1.791862e-03
-1.119000e+01	-1.116000e+01	3.862480e-03	1.238602e-03	1.238602e-03
-1.116000e+01	-1.113000e+01	3.117098e-03	7.543534e-04	7.543534e-04
-1.113000e+01	-1.110000e+01	1.364476e-01	9.435004e-02	9.435004e-02
-1.110000e+01	-1.107000e+01	4.932747e-03	1.373940e-03	1.373940e-03
-1.107000e+01	-1.104000e+01	3.797540e-03	8.204088e-04	8.204088e-04
-1.104000e+01	-1.101000e+01	5.473347e-03	1.252806e-03	1.252806e-03
-1.101000e+01	-1.098000e+01	6.604490e-03	1.878923e-03	1.878923e-03
-1.098000e+01	-1.095000e+01	6.511853e-03	1.788815e-03	1.788815e-03
-1.095000e+01	-1.092000e+01	5.383227e-02	4.493145e-02	4.493145e-02
-1.092000e+01	-1.089000e+01	4.508257e-03	1.276268e-03	1.276268e-03
-1.089000e+01	-1.086000e+01	9.857417e-03	6.519059e-03	6.519059e-03
-1.086000e+01	-1.083000e+01	5.896547e-03	1.239489e-03	1.239489e-03
-1.083000e+01	-1.080000e+01	1.163604e-02	7.834251e-03	7.834251e-03
-1.080000e+01	-1.077000e+01	7.797177e-03	2.355166e-03	2.355166e-03
-1.077000e+01	-1.074000e+01	1.792847e-01	1.706613e-01	1.706613e-01
-1.074000e+01	-1.071000e+01	5.344913e-03	1.623550e-03	1.623550e-03
-1.071000e+01	-1.068000e+01	7.612740e-03	2.934338e-03	2.934338e-03
-1.068000e+01	-1.065000e+01	8.001547e-03	2.626732e-03	2.626732e-03
-1.065000e+01	-1.062000e+01	1.094241e-02	2.502350e-03	2.502350e-03
-1.062000e+01	-1.059000e+01	8.618577e-03	2.244410e-03	2.244410e-03
-1.059000e+01	-1.056000e+01	7.512523e-03	1.645323e-03	1.645323e-03
-1.056000e+01	-1.053000e+01	7.529683e-03	1.430175e-03	1.430175e-03
-1.053000e+01	-1.050000e+01	6.928777e-03	1.626196e-03	1.626196e-03
-1.050000e+01	-1.047000e+01	1.153828e-02	2.497539e-03	2.497539e-03
-1.047000e+01	-1.044000e+01	6.619710e-03	2.460088e-03	2.460088e-03
-1.044000e+01	-1.041000e+01	5.039733e-03	9.394715e-04	9.394715e-04
-1.041000e+01	-1.038000e+01	8.904543e-03	1.759128e-03	1.759128e-03
-1.038000e+01	-1.035000e+01	8.333500e-03	1.557596e-03	1.557596e-03
-1.035000e+01	-1.032000e+01	9.540580e-03	2.146600e-03	2.146600e-03
-1.032000e+01	-1.029000e+01	9.785500e-03	2.135801e-03	2.135801e-03
-1.029000e+01	-1.026000e+01	1.078608e-02	2.994099e-03	2.994099e-03
-1.026000e+01	-1.023000e+01	9.419957e-03	1.781972e-03	1.781972e-03
-1.023000e+01	-1.020000e+01	1.304751e-02	2.468792e-03	2.468792e-03
-1.020000e+01	-1.017000e+01	1.317688e-02	2.407283e-03	2.407283e-03
-1.017000e+01	-1.014000e+01	1.294429e-02	2.295142e-03	2.295142e-03
-1.014000e+01	-1.011000e+01	1.224711e-02	2.042129e-03	2.042129e-03
-1.011000e+01	-1.008000e+01	1.505396e-02	2.452583e-03	2.452583e-03
-1.008000e+01	-1.005000e+01	9.856023e-03	1.552544e-03	1.552544e-03
-1.005000e+01	-1.002000e+01	1.324835e-02	2.022140e-03	2.022140e-03
-1.002000e+01	-9.990000e+00	1.482077e-02	2.110106e-03	2.110106e-03
-9.990000e+00	-9.960000e+00	1.597047e-02	2.498743e-03	2.498743e-03
-9.960000e+00	-9.930000e+00	1.756397e-02	2.986210e-03	2.986210e-03
-9.930000e+00	-9.900000e+00	5.028213e-02	3.634332e-02	3.634332e-02
-9.900000e+00	-9.870000e+00	1.322424e-02	2.199105e-03	2.199105e-03
-9.870000e+00	-9.840000e+00	1.367587e-02	2.286973e-03	2.286973e-03
-9.840000e+00	-9.810000e+00	1.610416e-02	2.508775e-03	2.508775e-03
-9.810000e+00	-9.780000e+00	2.679347e-02	5.528691e-03	5.528691e-03
-9.780000e+00	-9.750000e+00	2.169526e-02	2.971752e-03	2.971752e-03
-9.750000e+00	-9.720000e+00	1.599206e-02	2.219012e-03	2.219012e-03
-9.720000e+00	-9.690000e+00	1.854590e-02	3.018638e-03	3.018638e-03
-9.690000e+00	-9.660000e+00	1.828717e-02	2.654831e-03	2.654831e-03
-9.660000e+00	-9.630000e+00	1.933104e-02	2.603431e-03	2.603431e-03
-9.630000e+00	-9.600000e+00	2.566194e-02	3.728153e-03	3.728153e-03
-9.600000e+00	-9.570000e+00	2.065726e-02	2.888142e-03	2.888142e-03
-9.570000e+00	-9.540000e+00	2.051516e-02	2.847263e-03	2.847263e-03
-9.540000e+00	-9.510000e+00	4.060123e-02	1.437065e-02	1.437065e-02
-9.510000e+00	-9.480000e+00	2.168723e-02	3.016842e-03	3.016842e-03
-9.480000e+00	-9.450000e+00	2.286252e-02	3.284671e-03	3.284671e-03
-9.450000e+00	-9.420000e+00	2.522433e-02	3.064825e-03	3.064825e-03
-9.420000e+00	-9.390000e+00	2.373293e-02	3.021405e-03	3.021405e-03
-9.390000e+00	-9.360000e+00	2.940623e-02	3.589788e-03	3.589788e-03
-9.360000e+00	-9.330000e+00	2.624820e-02	5.539740e-03	5.539740e-03
-9.330000e+00	-9.300000e+00	2.668138e-02	3.350864e-03	3.350864e-03
-9.300000e+00	-9.270000e+00	3.243500e-02	4.566550e-03	4.566550e-03
-9.270000e+00	-9.240000e+00	3.862100e-02	1.212037e-02	1.212037e-02
-9.240000e+00	-9.210000e+00	3.078988e-02	4.286188e-03	4.286188e-03
-9.210000e+00	-9.180000e+00	3.244443e-02	4.371852e-03	4.371852e-03
-9.180000e+00	-9.150000e+00	1.481603e-01	9.168739e-02	9.168739e-02
-9.150000e+00	-9.120000e+00	3.426940e-02	6.326574e-03	6.326574e-03
-9.120000e+00	-9.090000e+00	3.348893e-02	3.921078e-03	3.921078e-03
-9.090000e+00	-9.060000e+00	3.815570e-02	5.007271e-03	5.007271e-03
-9.060000e+00	-9.030000e+00	3.693370e-02	5.398008e-03	5.398008e-03
-9.030000e+00	-9.000000e+00	3.654487e-02	3.931395e-03	3.931395e-03
-9.000000e+00	-8.970000e+00	4.013413e-02	5.680448e-03	5.680448e-03
-8.970000e+00	-8.940000e+00	1.131778e-01	8.144883e-02	8.144883e-02
-8.940000e+00	-8.910000e+00	1.032982e-01	4.465502e-02	4.465502e-02
-8.910000e+00	-8.880000e+00	4.029760e-02	7.501039e-03	7.501039e-03
-8.880000e+00	-8.850000e+00	3.837920e-02	4.139432e-03	4.139432e-03
-8.850000e+00	-8.820000e+00	4.715870e-02	4.644317e-03	4.644317e-03
-8.820000e+00	-8.790000e+00	4.644053e-02	4.974581e-03	4.974581e-03
-8.790000e+00	-8.760000e+00	5.328720e-02	1.599253e-02	1.599253e-02
-8.760000e+00	-8.730000e+00	4.311337e-02	4.230712e-03	4.230712e-03
-8.730000e+00	-8.700000e+00	6.638580e-02	6.348635e-03	6.348635e-03
-8.700000e+00	-8.670000e+00	4.992697e-02	5.382454e-03	5.382454e-03
-8.670000e+00	-8.640000e+00	4.937340e-02	7.282484e-03	7.282484e-03
-8.640000e+00	-8.610000e+00	7.591570e-02	1.264948e-02	1.264948e-02
-8.610000e+00	-8.580000e+00	5.598930e-02	5.896492e-03	5.896492e-03
-8.580000e+00	-8.550000e+00	8.303370e-02	4.423988e-02	4.423988e-02
-8.550000e+00	-8.520000e+00	6.263010e-02	6.390708e-03	6.390708e-03
-8.520000e+00	-8.490000e+00	6.428023e-02	1.277188e-02	1.277188e-02
-8.490000e+00	-8.460000e+00	6.583053e-02	6.987313e-03	6.987313e-03
-8.460000e+00	-8.430000e+00	5.478410e-02	5.119648e-03	5.119648e-03
-8.430000e+00	-8.400000e+00	5.304257e-02	5.500024e-03	5.500024e-03
-8.400000e+00	-8.370000e+00	6.562827e-02	5.998090e-03	5.998090e-03
-8.370000e+00	-8.340000e+00	8.846887e-02	9.373063e-03	9.373063e-03
-8.340000e+00	-8.310000e+00	6.666803e-02	7.617018e-03	7.617018e-03
-8.310000e+00	-8.280000e+00	7.172203e-02	1.113221e-02	1.113221e-02
-8.280000e+00	-8.250000e+00	6.521340e-02	6.075268e-03	6.075268e-03
-8.250000e+00	-8.220000e+00	6.311020e-02	7.505877e-03	7.505877e-03
-8.220000e+00	-8.190000e+00	2.505210e-01	1.860282e-01	1.860282e-01
-8.190000e+00	-8.160000e+00	7.279967e-02	9.835918e-03	9.835918e-03
-8.160000e+00	-8.130000e+00	6.748193e-02	6.160014e-03	6.160014e-03
-8.130000e+00	-8.100000e+00	8.468957e-02	1.198005e-02	1.198005e-02
-8.100000e+00	-8.070000e+00	6.008510e-02	5.595515e-03	5.595515e-03
-8.070000e+00	-8.040000e+00	1.072056e-01	4.199618e-02	4.199618e-02
-8.040000e+00	-8.010000e+00	8.931483e-02	9.811316e-03	9.811316e-03
-8.010000e+00	-7.980000e+00	8.036600e-02	1.040611e-02	1.040611e-02
-7.980000e+00	-7.950000e+00	8.810733e-02	9.278833e-03	9.278833e-03
-7.950000e+00	-7.920000e+00	7.916387e-02	1.307273e-02	1.307273e-02
-7.920000e+00	-7.890000e+00	7.446800e-02	6.822715e-03	6.822715e-03
-7.890000e+00	-7.860000e+00	7.532337e-02	6.892302e-03	6.892302e-03
-7.860000e+00	-7.830000e+00	1.007699e-01	1.582568e-02	1.582568e-02
-7.830000e+00	-7.800000e+00	8.265120e-02	9.500256e-03	9.500256e-03
-7.800000e+00	-7.770000e+00	2.422637e-01	1.168897e-01	1.168897e-01
-7.770000e+00	-7.740000e+00	8.599817e-02	7.465469e-03	7.465469e-03
-7.740000e+00	-7.710000e+00	1.409287e-01	4.071052e-02	4.071052e-02
-7.710000e+00	-7.680000e+00	9.375280e-02	1.077908e-02	1.077908e-02
-7.680000e+00	-7.650000e+00	1.585912e-01	8.593406e-02	8.593406e-02
-7.650000e+00	-7.620000e+00	7.843280e-02	7.761477e-03	7.761477e-03
-7.620000e+00	-7.590000e+00	1.108334e-01	1.833561e-02	1.833561e-02
-7.590000e+00	-7.560000e+00	7.862223e-02	6.471837e-03	6.471837e-03
-7.560000e+00	-7.530000e+00	8.220617e-02	8.967139e-03	8.967139e-03
-7.530000e+00	-7.500000e+00	1.084115e-01	2.276719e-02	2.276719e-02
-7.500000e+00	-7.470000e+00	1.030855e-01	1.044565e-02	1.044565e-02
-7.470000e+00	-7.440000e+00	8.927477e-02	1.068249e-02	1.068249e-02
-7.440000e+00	-7.410000e+00	9.362027e-02	1.547092e-02	1.547092e-02
-7.410000e+00	-7.380000e+00	8.062030e-02	6.637903e-03	6.637903e-03
-7.380000e+00	-7.350000e+00	1.594299e-01	6.858528e-02	6.858528e-02
-7.350000e+00	-7.320000e+00	8.315133e-02	8.433125e-03	8.433125e-03
-7.320000e+00	-7.290000e+00	1.033468e-01	1.280174e-02	1.280174e-02
-7.290000e+00	-7.260000e+00	1.489117e-01	4.101135e-02	4.101135e-02
-7.260000e+00	-7.230000e+00	2.304253e-01	9.002728e-02	9.002728e-02
-7.230000e+00	-7.200000e+00	1.699620e-01	6.980917e-02	6.980917e-02
-7.200000e+00	-7.170000e+00	8.807660e-02	7.369094e-03	7.369094e-03
-7.170000e+00	-7.140000e+00	1.139377e-01	8.926863e-03	8.926863e-03
-7.140000e+00	-7.110000e+00	9.946167e-02	1.072392e-02	1.072392e-02
-7.110000e+00	-7.080000e+00	1.048537e-01	1.000238e-02	1.000238e-02
-7.080000e+00	-7.050000e+00	8.212987e-02	6.441380e-03	6.441380e-03
-7.050000e+00	-7.020000e+00	8.705227e-02	6.890679e-03	6.890679e-03
-7.020000e+00	-6.990000e+00	1.168069e-01	1.129239e-02	1.129239e-02
-6.990000e+00	-6.960000e+00	9.906800e-02	8.189807e-03	8.189807e-03
-6.960000e+00	-6.930000e+00	1.001098e-01	8.615255e-03	8.615255e-03
-6.930000e+00	-6.900000e+00	9.988803e-02	8.093360e-03	8.093360e-03
-6.900000e+00	-6.870000e+00	1.865529e-01	8.599359e-02	8.599359e-02
-6.870000e+00	-6.840000e+00	1.193529e-01	1.305143e-02	1.305143e-02
-6.840000e+00	-6.810000e+00	9.415263e-02	8.578781e-03	8.578781e-03
-6.810000e+00	-6.780000e+00	9.874093e-02	9.196955e-03	9.196955e-03
-6.780000e+00	-6.750000e+00	9.016287e-02	7.342860e-03	7.342860e-03
-6.750000e+00	-6.720000e+00	9.979453e-02	7.864907e-03	7.864907e-03
-6.720000e+00	-6.690000e+00	1.017497e-01	8.360193e-03	8.360193e-03
-6.690000e+00	-6.660000e+00	9.249420e-02	8.545119e-03	8.545119e-03
-6.660000e+00	-6.630000e+00	1.093790e-01	1.836888e-02	1.836888e-02
-6.630000e+00	-6.600000e+00	1.436075e-01	3.739440e-02	3.739440e-02
-6.600000e+00	-6.570000e+00	1.189536e-01	2.100654e-02	2.100654e-02
-6.570000e+00	-6.540000e+00	1.145259e-01	1.222282e-02	1.222282e-02
-6.540000e+00	-6.510000e+00	1.178560e-01	1.183197e-02	1.183197e-02
-6.510000e+00	-6.480000e+00	8.220110e-02	9.876580e-03	9.876580e-03
-6.480000e+00	-6.450000e+00	1.166744e-01	1.663859e-02	1.663859e-02
-6.450000e+00	-6.420000e+00	1.187396e-01	1.006678e-02	1.006678e-02
-6.420000e+00	-6.390000e+00	1.990865e-01	8.205115e-02	8.205115e-02
-6.390000e+00	-6.360000e+00	1.146207e-01	1.099271e-02	1.099271e-02
-6.360000e+00	-6.330000e+00	1.317578e-01	2.983712e-02	2.983712e-02
-6.330000e+00	-6.300000e+00	9.285307e-02	9.205210e-03	9.205210e-03
-6.300000e+00	-6.270000e+00	1.052519e-01	9.740915e-03	9.740915e-03
-6.270000e+00	-6.240000e+00	8.632430e-02	7.470012e-03	7.470012e-03
-6.240000e+00	-6.210000e+00	1.441209e-01	2.798432e-02	2.798432e-02
-6.210000e+00	-6.180000e+00	2.851193e-01	1.453887e-01	1.453887e-01
-6.180000e+00	-6.150000e+00	1.013334e-01	8.684455e-03	8.684455e-03
-6.150000e+00	-6.120000e+00	1.038351e-01	8.060163e-03	8.060163e-03
-6.120000e+00	-6.090000e+00	9.867260e-02	9.236022e-03	9.236022e-03
-6.090000e+00	-6.060000e+00	9.936253e-02	9.295436e-03	9.295436e-03
-6.060000e+00	-6.030000e+00	1.426328e-01	4.747582e-02	4.747582e-02
-6.030000e+00	-6.000000e+00	1.185723e-01	2.799871e-02	2.799871e-02
-6.000000e+00	-5.970000e+00	1.016380e-01	1.416707e-02	1.416707e-02
-5.970000e+00	-5.940000e+00	1.799330e-01	9.508776e-02	9.508776e-02
-5.940000e+00	-5.910000e+00	8.858970e-02	9.152597e-03	9.152597e-03
-5.910000e+00	-5.880000e+00	9.282957e-02	1.021596e-02	1.021596e-02
-5.880000e+00	-5.850000e+00	1.127138e-01	2.981661e-02	2.981661e-02
-5.850000e+00	-5.820000e+00	1.202028e-01	2.817612e-02	2.817612e-02
-5.820000e+00	-5.790000e+00	9.749397e-02	7.911750e-03	7.911750e-03
-5.790000e+00	-5.760000e+00	1.868634e-01	1.025828e-01	1.025828e-01
-5.760000e+00	-5.730000e+00	8.546670e-02	1.153450e-02	1.153450e-02
-5.730000e+00	-5.700000e+00	1.023669e-01	1.189905e-02	1.189905e-02
-5.700000e+00	-5.670000e+00	1.215874e-01	3.398483e-02	3.398483e-02
-5.670000e+00	-5.640000e+00	7.789713e-02	7.223976e-03	7.223976e-03
-5.640000e+00	-5.610000e+00	9.060343e-02	7.921190e-03	7.921190e-03
-5.610000e+00	-5.580000e+00	2.023572e-01	8.850945e-02	8.850945e-02
-5.580000e+00	-5.550000e+00	1.626565e-01	6.728316e-02	6.728316e-02
-5.550000e+00	-5.520000e+00	6.984230e-02	8.700031e-03	8.700031e-03
-5.520000e+00	-5.490000e+00	7.539107e-02	8.104778e-03	8.104778e-03
-5.490000e+00	-5.460000e+00	9.282927e-02	1.440581e-02	1.440581e-02
-5.460000e+00	-5.430000e+00	1.090114e-01	2.723887e-02	2.723887e-02
-5.430000e+00	-5.400000e+00	2.929232e-01	1.883477e-01	1.883477e-01
-5.400000e+00	-5.370000e+00	8.512190e-02	1.318559e-02	1.318559e-02
-5.370000e+00	-5.340000e+00	2.119466e-01	1.343554e-01	1.343554e-01
-5.340000e+00	-5.310000e+00	2.489489e-01	1.718426e-01	1.718426e-01
-5.310000e+00	-5.280000e+00	8.008640e-02	6.845423e-03	6.845423e-03
-5.280000e+00	-5.250000e+00	9.192110e-02	9.918329e-03	9.918329e-03
-5.250000e+00	-5.220000e+00	6.675353e-02	6.483017e-03	6.483017e-03
-5.220000e+00	-5.190000e+00	8.457197e-02	1.280675e-02	1.280675e-02
-5.190000e+00	-5.160000e+00	7.898843e-02	7.455558e-03	7.455558e-03
-5.160000e+00	-5.130000e+00	3.198332e-01	1.686771e-01	1.686771e-01
-5.130000e+00	-5.100000e+00	6.626030e-02	6.146693e-03	6.146693e-03
-5.100000e+00	-5.070000e+00	7.023847e-02	8.193678e-03	8.193678e-03
-5.070000e+00	-5.040000e+00	8.039707e-02	1.248317e-02	1.248317e-02
-5.040000e+00	-5.010000e+00	1.623571e-01	6.935105e-02	6.935105e-02
-5.010000e+00	-4.980000e+00	8.342143e-02	7.610547e-03	7.610547e-03
-4.980000e+00	-4.950000e+00	9.634740e-02	1.073276e-02	1.073276e-02
-4.950000e+00	-4.920000e+00	9.432073e-02	9.670840e-03	9.670840e-03
-4.920000e+00	-4.890000e+00	1.033631e-01	2.042127e-02	2.042127e-02
-4.890000e+00	-4.860000e+00	7.816253e-02	9.830201e-03	9.830201e-03
-4.860000e+00	-4.830000e+00	7.277763e-02	7.801849e-03	7.801849e-03
-4.830000e+00	-4.800000e+00	7.554200e-02	7.213064e-03	7.213064e-03
-4.800000e+00	-4.770000e+00	7.127167e-02	7.096831e-03	7.096831e-03
-4.770000e+00	-4.740000e+00	6.707650e-02	7.921939e-03	7.921939e-03
-4.740000e+00	-4.710000e+00	7.015697e-02	7.093632e-03	7.093632e-03
-4.710000e+00	-4.680000e+00	6.998600e-02	7.143116e-03	7.143116e-03
-4.680000e+00	-4.650000e+00	1.717677e-01	8.119717e-02	8.119717e-02
-4.650000e+00	-4.620000e+00	9.135817e-02	1.453419e-02	1.453419e-02
-4.620000e+00	-4.590000e+00	8.568010e-02	1.658006e-02	1.658006e-02
-4.590000e+00	-4.560000e+00	1.024308e-01	2.288953e-02	2.288953e-02
-4.560000e+00	-4.530000e+00	1.792830e-01	6.602614e-02	6.602614e-02
-4.530000e+00	-4.500000e+00	1.615325e-01	9.256866e-02	9.256866e-02
-4.500000e+00	-4.470000e+00	7.442997e-02	6.538750e-03	6.538750e-03
-4.470000e+00	-4.440000e+00	8.614130e-02	7.589895e-03	7.589895e-03
-4.440000e+00	-4.410000e+00	8.982397e-02	1.167998e-02	1.167998e-02
-4.410000e+00	-4.380000e+00	9.941913e-02	2.856561e-02	2.856561e-02
-4.380000e+00	-4.350000e+00	9.513723e-02	1.630797e-02	1.630797e-02
-4.350000e+00	-4.320000e+00	1.679377e-01	1.023596e-01	1.023596e-01
-4.320000e+00	-4.290000e+00	7.833567e-02	7.298651e-03	7.298651e-03
-4.290000e+00	-4.260000e+00	1.001345e-01	2.704917e-02	2.704917e-02
-4.260000e+00	-4.230000e+00	7.651183e-02	7.066881e-03	7.066881e-03
-4.230000e+00	-4.200000e+00	7.412553e-02	6.622569e-03	6.622569e-03
-4.200000e+00	-4.170000e+00	9.333620e-02	2.171497e-02	2.171497e-02
-4.170000e+00	-4.140000e+00	1.268274e-01	4.491305e-02	4.491305e-02
-4.140000e+00	-4.110000e+00	8.530117e-02	9.112601e-03	9.112601e-03
-4.110000e+00	-4.080000e+00	9.605420e-02	1.085419e-02	1.085419e-02
-4.080000e+00	-4.050000e+00	9.326577e-02	1.631131e-02	1.631131e-02
-4.050000e+00	-4.020000e+00	1.370091e-01	6.343412e-02	6.343412e-02
-4.020000e+00	-3.990000e+00	7.248413e-02	6.161616e-03	6.161616e-03
-3.990000e+00	-3.960000e+00	2.651474e-01	1.723568e-01	1.723568e-01
-3.960000e+00	-3.930000e+00	8.229037e-02	9.039447e-03	9.039447e-03
-3.930000e+00	-3.900000e+00	6.986997e-02	6.329870e-03	6.329870e-03
-3.900000e+00	-3.870000e+00	8.286250e-02	1.043013e-02	1.043013e-02
-3.870000e+00	-3.840000e+00	5.957813e-02	5.203335e-03	5.203335e-03
-3.840000e+00	-3.810000e+00	7.416320e-02	7.086947e-03	7.086947e-03
-3.810000e+00	-3.780000e+00	7.652623e-02	7.480619e-03	7.480619e-03
-3.780000e+00	-3.750000e+00	9.282897e-02	9.849379e-03	9.849379e-03
-3.750000e+00	-3.720000e+00	1.000323e-01	2.982895e-02	2.982895e-02
-3.720000e+00	-3.690000e+00	7.184090e-02	6.485127e-03	6.485127e-03
-3.690000e+00	-3.660000e+00	9.121560e-02	9.362901e-03	9.362901e-03
-3.660000e+00	-3.630000e+00	9.460867e-02	1.028390e-02	1.028390e-02
-3.630000e+00	-3.600000e+00	8.742573e-02	7.842314e-03	7.842314e-03
-3.600000e+00	-3.570000e+00	8.575057e-02	8.333611e-03	8.333611e-03
-3.570000e+00	-3.540000e+00	9.406030e-02	1.014165e-02	1.014165e-02
-3.540000e+00	-3.510000e+00	9.034047e-02	1.681641e-02	1.681641e-02
-3.510000e+00	-3.480000e+00	7.661100e-02	6.736776e-03	6.736776e-03
-3.480000e+00	-3.450000e+00	8.355110e-02	7.147299e-03	7.147299e-03
-3.450000e+00	-3.420000e+00	2.145179e-01	9.306696e-02	9.306696e-02
-3.420000e+00	-3.390000e+00	1.233303e-01	3.574961e-02	3.574961e-02
-3.390000e+00	-3.360000e+00	1.144868e-01	3.043652e-02	3.043652e-02
-3.360000e+00	-3.330000e+00	9.092857e-02	9.088381e-03	9.088381e-03
-3.330000e+00	-3.300000e+00	1.706850e-01	3.316606e-02	3.316606e-02
-3.300000e+00	-3.270000e+00	1.086987e-01	1.756881e-02	1.756881e-02
-3.270000e+00	-3.240000e+00	1.138982e-01	3.007922e-02	3.007922e-02
-3.240000e+00	-3.210000e+00	1.290101e-01	2.321302e-02	2.321302e-02
-3.210000e+00	-3.180000e+00	8.994183e-02	7.645551e-03	7.645551e-03
-3.180000e+00	-3.150000e+00	3.378410e-01	2.511044e-01	2.511044e-01
-3.150000e+00	-3.120000e+00	9.569140e-02	8.590847e-03	8.590847e-03
-3.120000e+00	-3.090000e+00	1.130513e-01	1.307113e-02	1.307113e-02
-3.090000e+00	-3.060000e+00	1.013666e-01	1.794447e-02	1.794447e-02
-3.060000e+00	-3.030000e+00	1.234413e-01	1.800396e-02	1.800396e-02
-3.030000e+00	-3.000000e+00	1.063779e-01	9.064163e-03	9.064163e-03
-3.000000e+00	-2.970000e+00	1.006762e-01	9.453510e-03	9.453510e-03
-2.970000e+00	-2.940000e+00	2.755359e-01	1.316798e-01	1.316798e-01
-2.940000e+00	-2.910000e+00	1.074400e-01	8.808763e-03	8.808763e-03
-2.910000e+00	-2.880000e+00	1.160649e-01	9.406324e-03	9.406324e-03
-2.880000e+00	-2.850000e+00	1.095315e-01	1.141699e-02	1.141699e-02
-2.850000e+00	-2.820000e+00	2.575755e-01	9.577457e-02	9.577457e-02
-2.820000e+00	-2.790000e+00	1.212045e-01	2.853721e-02	2.853721e-02
-2.790000e+00	-2.760000e+00	1.808948e-01	7.574695e-02	7.574695e-02
-2.760000e+00	-2.730000e+00	2.209082e-01	9.758130e-02	9.758130e-02
-2.730000e+00	-2.700000e+00	1.045675e-01	8.936576e-03	8.936576e-03
-2.700000e+00	-2.670000e+00	1.353293e-01	3.049654e-02	3.049654e-02
-2.670000e+00	-2.640000e+00	1.194111e-01	1.366022e-02	1.366022e-02
-2.640000e+00	-2.610000e+00	1.065849e-01	8.456539e-03	8.456539e-03
-2.610000e+00	-2.580000e+00	1.336098e-01	1.674344e-02	1.674344e-02
-2.580000e+00	-2.550000e+00	1.159028e-01	1.667963e-02	1.667963e-02
-2.550000e+00	-2.520000e+00	2.290817e-01	1.136449e-01	1.136449e-01
-2.520000e+00	-2.490000e+00	1.777763e-01	4.665917e-02	4.665917e-02
-2.490000e+00	-2.460000e+00	2.003440e-01	6.435234e-02	6.435234e-02
-2.460000e+00	-2.430000e+00	1.889727e-01	6.159935e-02	6.159935e-02
-2.430000e+00	-2.400000e+00	1.451896e-01	1.764244e-02	1.764244e-02
-2.400000e+00	-2.370000e+00	2.074739e-01	5.000760e-02	5.000760e-02
-2.370000e+00	-2.340000e+00	2.485662e-01	8.910410e-02	8.910410e-02
-2.340000e+00	-2.310000e+00	1.179946e-01	1.008724e-02	1.008724e-02
-2.310000e+00	-2.280000e+00	1.370041e-01	3.017613e-02	3.017613e-02
-2.280000e+00	-2.250000e+00	1.219392e-01	9.635061e-03	9.635061e-03
-2.250000e+00	-2.220000e+00	2.102702e-01	5.396435e-02	5.396435e-02
-2.220000e+00	-2.190000e+00	4.231573e-01	2.542537e-01	2.542537e-01
-2.190000e+00	-2.160000e+00	1.289180e-01	1.256394e-02	1.256394e-02
-2.160000e+00	-2.130000e+00	1.270404e-01	1.035751e-02	1.035751e-02
-2.130000e+00	-2.100000e+00	1.564231e-01	1.563956e-02	1.563956e-02
-2.100000e+00	-2.070000e+00	1.587403e-01	1.792965e-02	1.792965e-02
-2.070000e+00	-2.040000e+00	1.207204e-01	1.220376e-02	1.220376e-02
-2.040000e+00	-2.010000e+00	1.263053e-01	1.015591e-02	1.015591e-02
-2.010000e+00	-1.980000e+00	1.285829e-01	1.031423e-02	1.031423e-02
-1.980000e+00	-1.950000e+00	1.284720e-01	1.648009e-02	1.648009e-02
-1.950000e+00	-1.920000e+00	1.260941e-01	9.658245e-03	9.658245e-03
-1.920000e+00	-1.890000e+00	1.246341e-01	1.250724e-02	1.250724e-02
-1.890000e+00	-1.860000e+00	1.637647e-01	5.884866e-02	5.884866e-02
-1.860000e+00	-1.830000e+00	2.245763e-01	8.031814e-02	8.031814e-02
-1.830000e+00	-1.800000e+00	1.504408e-01	1.982892e-02	1.982892e-02
-1.800000e+00	-1.770000e+00	2.508867e-01	7.963762e-02	7.963762e-02
-1.770000e+00	-1.740000e+00	1.177289e-01	1.638681e-02	1.638681e-02
-1.740000e+00	-1.710000e+00	1.196415e-01	1.096855e-02	1.096855e-02
-1.710000e+00	-1.680000e+00	1.058996e-01	9.830620e-03	9.830620e-03
-1.680000e+00	-1.650000e+00	1.168441e-01	1.262071e-02	1.262071e-02
-1.650000e+00	-1.620000e+00	1.179676e-01	1.342374e-02	1.342374e-02
-1.620000e+00	-1.590000e+00	2.178655e-01	8.199719e-02	8.199719e-02
-1.590000e+00	-1.560000e+00	1.022983e-01	1.007366e-02	1.007366e-02
-1.560000e+00	-1.530000e+00	1.744300e-01	4.462471e-02	4.462471e-02
-1.530000e+00	-1.500000e+00	1.080015e-01	2.135577e-02	2.135577e-02
-1.500000e+00	-1.470000e+00	8.974327e-02	7.906431e-03	7.906431e-03
-1.470000e+00	-1.440000e+00	8.652940e-02	8.620646e-03	8.620646e-03
-1.440000e+00	-1.410000e+00	1.092080e-01	1.119687e-02	1.119687e-02
-1.410000e+00	-1.380000e+00	1.298922e-01	3.076944e-02	3.076944e-02
-1.380000e+00	-1.350000e+00	9.547463e-02	1.132734e-02	1.132734e-02
-1.350000e+00	-1.320000e+00	6.691060e-02	6.909996e-03	6.909996e-03
-1.320000e+00	-1.290000e+00	8.473330e-02	1.130559e-02	1.130559e-02
-1.290000e+00	-1.260000e+00	7.587510e-02	8.548691e-03	8.548691e-03
-1.260000e+00	-1.230000e+00	9.084403e-02	1.146051e-02	1.146051e-02
-1.230000e+00	-1.200000e+00	6.953613e-02	6.804919e-03	6.804919e-03
-1.200000e+00	-1.170000e+00	9.331720e-02	3.121470e-02	3.121470e-02
-1.170000e+00	-1.140000e+00	1.679251e-01	8.940214e-02	8.940214e-02
-1.140000e+00	-1.110000e+00	1.066185e-01	3.922144e-02	3.922144e-02
-1.110000e+00	-1.080000e+00	1.133903e-01	4.677706e-02	4.677706e-02
-1.080000e+00	-1.050000e+00	6.112240e-02	8.056745e-03	8.056745e-03
-1.050000e+00	-1.020000e+00	4.817803e-02	5.942097e-03	5.942097e-03
-1.020000e+00	-9.900000e-01	5.604993e-02	1.308916e-02	1.308916e-02
-9.900000e-01	-9.600000e-01	2.137663e-01	1.712553e-01	1.712553e-01
-9.600000e-01	-9.300000e-01	1.903941e-01	1.157555e-01	1.157555e-01
-9.300000e-01	-9.000000e-01	4.072250e-02	6.946076e-03	6.946076e-03
-9.000000e-01	-8.700000e-01	4.191137e-02	8.865487e-03	8.865487e-03
-8.700000e-01	-8.400000e-01	3.145621e-02	5.024352e-03	5.024352e-03
-8.400000e-01	-8.100000e-01	2.346092e-02	3.843322e-03	3.843322e-03
-8.100000e-01	-7.800000e-01	1.066563e-01	7.935943e-02	7.935943e-02
-7.800000e-01	-7.500000e-01	6.626150e-02	4.565198e-02	4.565198e-02
-7.500000e-01	-7.200000e-01	2.048879e-02	4.003367e-03	4.003367e-03
-7.200000e-01	-6.900000e-01	2.960848e-02	1.723224e-02	1.723224e-02
-6.900000e-01	-6.600000e-01	7.850987e-03	1.767136e-03	1.767136e-03
-6.600000e-01	-6.300000e-01	1.492114e-02	3.415624e-03	3.415624e-03
-6.300000e-01	-6.000000e-01	9.238193e-03	3.402306e-03	3.402306e-03
-6.000000e-01	-5.700000e-01	1.096950e-02	3.234296e-03	3.234296e-03
-5.700000e-01	-5.400000e-01	6.359930e-03	2.201667e-03	2.201667e-03
-5.400000e-01	-5.100000e-01	7.835233e-03	2.908876e-03	2.908876e-03
-5.100000e-01	-4.800000e-01	4.549477e-03	1.797582e-03	1.797582e-03
-4.800000e-01	-4.500000e-01	5.191420e-03	1.846076e-03	1.846076e-03
-4.500000e-01	-4.200000e-01	4.150427e-04	2.323528e-04	2.323528e-04
-4.200000e-01	-3.900000e-01	3.852057e-04	2.563368e-04	2.563368e-04
-3.900000e-01	-3.600000e-01	2.933192e-03	1.703792e-03	1.703792e-03
-3.600000e-01	-3.300000e-01	2.051868e-03	1.344056e-03	1.344056e-03
-3.300000e-01	-3.000000e-01	2.069444e-03	9.956548e-04	9.956548e-04
-3.000000e-01	-2.700000e-01	2.997283e-04	2.271559e-04	2.271559e-04
-2.700000e-01	-2.400000e-01	1.901700e-03	1.736721e-03	1.736721e-03
-2.400000e-01	-2.100000e-01	8.343763e-05	8.343763e-05	8.343763e-05
-2.100000e-01	-1.800000e-01	4.174883e-04	4.174883e-04	4.174883e-04
-1.800000e-01	-1.500000e-01	1.334112e-03	9.804043e-04	9.804043e-04
-1.500000e-01	-1.200000e-01	0.000000e+00	0.000000e+00	0.000000e+00
-1.200000e-01	-9.000000e-02	0.000000e+00	0.000000e+00	0.000000e+00
-9.000000e-02	-6.000000e-02	5.187107e-06	5.187107e-06	5.187107e-06
-6.000000e-02	-3.000000e-02	0.000000e+00	0.000000e+00	0.000000e+00
-3.000000e-02	0.000000e+00	1.060275e-03	1.060275e-03	1.060275e-03
# END HISTO1D

# BEGIN HISTO1D //afs/cern.ch/user/d/dkar/lh2015-qg/Vincia-2001/lhc/hadron/dijet_nobias.yoda/MC_LHQG_dijet/log_mMDT_GA_10_20_Q200_R8
LineColor=blue
LineStyle=solid
Path=//afs/cern.ch/user/d/dkar/lh2015-qg/Vincia-2001/lhc/hadron/dijet_nobias.yoda/MC_LHQG_dijet/log_mMDT_GA_10_20_Q200_R8
ScaledBy=0.0021645021645021645
Title=dijet_nobias
XLabel=
YLabel=
# xlow	 xhigh	 val	 errminus	 errplus
-1.500000e+01	-1.497000e+01	7.215007e-02	7.215008e-02	7.215008e-02
-1.497000e+01	-1.494000e+01	0.000000e+00	0.000000e+00	0.000000e+00
-1.494000e+01	-1.491000e+01	0.000000e+00	0.000000e+00	0.000000e+00
-1.491000e+01	-1.488000e+01	0.000000e+00	0.000000e+00	0.000000e+00
-1.488000e+01	-1.485000e+01	0.000000e+00	0.000000e+00	0.000000e+00
-1.485000e+01	-1.482000e+01	0.000000e+00	0.000000e+00	0.000000e+00
-1.482000e+01	-1.479000e+01	0.000000e+00	0.000000e+00	0.000000e+00
-1.479000e+01	-1.476000e+01	0.000000e+00	0.000000e+00	0.000000e+00
-1.476000e+01	-1.473000e+01	0.000000e+00	0.000000e+00	0.000000e+00
-1.473000e+01	-1.470000e+01	0.000000e+00	0.000000e+00	0.000000e+00
-1.470000e+01	-1.467000e+01	0.000000e+00	0.000000e+00	0.000000e+00
-1.467000e+01	-1.464000e+01	0.000000e+00	0.000000e+00	0.000000e+00
-1.464000e+01	-1.461000e+01	7.215007e-02	7.215008e-02	7.215008e-02
-1.461000e+01	-1.458000e+01	0.000000e+00	0.000000e+00	0.000000e+00
-1.458000e+01	-1.455000e+01	0.000000e+00	0.000000e+00	0.000000e+00
-1.455000e+01	-1.452000e+01	0.000000e+00	0.000000e+00	0.000000e+00
-1.452000e+01	-1.449000e+01	0.000000e+00	0.000000e+00	0.000000e+00
-1.449000e+01	-1.446000e+01	0.000000e+00	0.000000e+00	0.000000e+00
-1.446000e+01	-1.443000e+01	0.000000e+00	0.000000e+00	0.000000e+00
-1.443000e+01	-1.440000e+01	0.000000e+00	0.000000e+00	0.000000e+00
-1.440000e+01	-1.437000e+01	0.000000e+00	0.000000e+00	0.000000e+00
-1.437000e+01	-1.434000e+01	0.000000e+00	0.000000e+00	0.000000e+00
-1.434000e+01	-1.431000e+01	0.000000e+00	0.000000e+00	0.000000e+00
-1.431000e+01	-1.428000e+01	0.000000e+00	0.000000e+00	0.000000e+00
-1.428000e+01	-1.425000e+01	0.000000e+00	0.000000e+00	0.000000e+00
-1.425000e+01	-1.422000e+01	0.000000e+00	0.000000e+00	0.000000e+00
-1.422000e+01	-1.419000e+01	0.000000e+00	0.000000e+00	0.000000e+00
-1.419000e+01	-1.416000e+01	0.000000e+00	0.000000e+00	0.000000e+00
-1.416000e+01	-1.413000e+01	0.000000e+00	0.000000e+00	0.000000e+00
-1.413000e+01	-1.410000e+01	0.000000e+00	0.000000e+00	0.000000e+00
-1.410000e+01	-1.407000e+01	0.000000e+00	0.000000e+00	0.000000e+00
-1.407000e+01	-1.404000e+01	0.000000e+00	0.000000e+00	0.000000e+00
-1.404000e+01	-1.401000e+01	0.000000e+00	0.000000e+00	0.000000e+00
-1.401000e+01	-1.398000e+01	0.000000e+00	0.000000e+00	0.000000e+00
-1.398000e+01	-1.395000e+01	0.000000e+00	0.000000e+00	0.000000e+00
-1.395000e+01	-1.392000e+01	0.000000e+00	0.000000e+00	0.000000e+00
-1.392000e+01	-1.389000e+01	0.000000e+00	0.000000e+00	0.000000e+00
-1.389000e+01	-1.386000e+01	0.000000e+00	0.000000e+00	0.000000e+00
-1.386000e+01	-1.383000e+01	0.000000e+00	0.000000e+00	0.000000e+00
-1.383000e+01	-1.380000e+01	0.000000e+00	0.000000e+00	0.000000e+00
-1.380000e+01	-1.377000e+01	0.000000e+00	0.000000e+00	0.000000e+00
-1.377000e+01	-1.374000e+01	0.000000e+00	0.000000e+00	0.000000e+00
-1.374000e+01	-1.371000e+01	0.000000e+00	0.000000e+00	0.000000e+00
-1.371000e+01	-1.368000e+01	0.000000e+00	0.000000e+00	0.000000e+00
-1.368000e+01	-1.365000e+01	0.000000e+00	0.000000e+00	0.000000e+00
-1.365000e+01	-1.362000e+01	0.000000e+00	0.000000e+00	0.000000e+00
-1.362000e+01	-1.359000e+01	0.000000e+00	0.000000e+00	0.000000e+00
-1.359000e+01	-1.356000e+01	0.000000e+00	0.000000e+00	0.000000e+00
-1.356000e+01	-1.353000e+01	0.000000e+00	0.000000e+00	0.000000e+00
-1.353000e+01	-1.350000e+01	0.000000e+00	0.000000e+00	0.000000e+00
-1.350000e+01	-1.347000e+01	0.000000e+00	0.000000e+00	0.000000e+00
-1.347000e+01	-1.344000e+01	0.000000e+00	0.000000e+00	0.000000e+00
-1.344000e+01	-1.341000e+01	0.000000e+00	0.000000e+00	0.000000e+00
-1.341000e+01	-1.338000e+01	0.000000e+00	0.000000e+00	0.000000e+00
-1.338000e+01	-1.335000e+01	0.000000e+00	0.000000e+00	0.000000e+00
-1.335000e+01	-1.332000e+01	0.000000e+00	0.000000e+00	0.000000e+00
-1.332000e+01	-1.329000e+01	0.000000e+00	0.000000e+00	0.000000e+00
-1.329000e+01	-1.326000e+01	0.000000e+00	0.000000e+00	0.000000e+00
-1.326000e+01	-1.323000e+01	0.000000e+00	0.000000e+00	0.000000e+00
-1.323000e+01	-1.320000e+01	0.000000e+00	0.000000e+00	0.000000e+00
-1.320000e+01	-1.317000e+01	0.000000e+00	0.000000e+00	0.000000e+00
-1.317000e+01	-1.314000e+01	0.000000e+00	0.000000e+00	0.000000e+00
-1.314000e+01	-1.311000e+01	0.000000e+00	0.000000e+00	0.000000e+00
-1.311000e+01	-1.308000e+01	0.000000e+00	0.000000e+00	0.000000e+00
-1.308000e+01	-1.305000e+01	0.000000e+00	0.000000e+00	0.000000e+00
-1.305000e+01	-1.302000e+01	0.000000e+00	0.000000e+00	0.000000e+00
-1.302000e+01	-1.299000e+01	0.000000e+00	0.000000e+00	0.000000e+00
-1.299000e+01	-1.296000e+01	0.000000e+00	0.000000e+00	0.000000e+00
-1.296000e+01	-1.293000e+01	0.000000e+00	0.000000e+00	0.000000e+00
-1.293000e+01	-1.290000e+01	0.000000e+00	0.000000e+00	0.000000e+00
-1.290000e+01	-1.287000e+01	0.000000e+00	0.000000e+00	0.000000e+00
-1.287000e+01	-1.284000e+01	0.000000e+00	0.000000e+00	0.000000e+00
-1.284000e+01	-1.281000e+01	0.000000e+00	0.000000e+00	0.000000e+00
-1.281000e+01	-1.278000e+01	0.000000e+00	0.000000e+00	0.000000e+00
-1.278000e+01	-1.275000e+01	0.000000e+00	0.000000e+00	0.000000e+00
-1.275000e+01	-1.272000e+01	0.000000e+00	0.000000e+00	0.000000e+00
-1.272000e+01	-1.269000e+01	0.000000e+00	0.000000e+00	0.000000e+00
-1.269000e+01	-1.266000e+01	0.000000e+00	0.000000e+00	0.000000e+00
-1.266000e+01	-1.263000e+01	0.000000e+00	0.000000e+00	0.000000e+00
-1.263000e+01	-1.260000e+01	0.000000e+00	0.000000e+00	0.000000e+00
-1.260000e+01	-1.257000e+01	0.000000e+00	0.000000e+00	0.000000e+00
-1.257000e+01	-1.254000e+01	0.000000e+00	0.000000e+00	0.000000e+00
-1.254000e+01	-1.251000e+01	0.000000e+00	0.000000e+00	0.000000e+00
-1.251000e+01	-1.248000e+01	0.000000e+00	0.000000e+00	0.000000e+00
-1.248000e+01	-1.245000e+01	0.000000e+00	0.000000e+00	0.000000e+00
-1.245000e+01	-1.242000e+01	0.000000e+00	0.000000e+00	0.000000e+00
-1.242000e+01	-1.239000e+01	0.000000e+00	0.000000e+00	0.000000e+00
-1.239000e+01	-1.236000e+01	0.000000e+00	0.000000e+00	0.000000e+00
-1.236000e+01	-1.233000e+01	0.000000e+00	0.000000e+00	0.000000e+00
-1.233000e+01	-1.230000e+01	0.000000e+00	0.000000e+00	0.000000e+00
-1.230000e+01	-1.227000e+01	0.000000e+00	0.000000e+00	0.000000e+00
-1.227000e+01	-1.224000e+01	0.000000e+00	0.000000e+00	0.000000e+00
-1.224000e+01	-1.221000e+01	0.000000e+00	0.000000e+00	0.000000e+00
-1.221000e+01	-1.218000e+01	0.000000e+00	0.000000e+00	0.000000e+00
-1.218000e+01	-1.215000e+01	0.000000e+00	0.000000e+00	0.000000e+00
-1.215000e+01	-1.212000e+01	0.000000e+00	0.000000e+00	0.000000e+00
-1.212000e+01	-1.209000e+01	0.000000e+00	0.000000e+00	0.000000e+00
-1.209000e+01	-1.206000e+01	0.000000e+00	0.000000e+00	0.000000e+00
-1.206000e+01	-1.203000e+01	0.000000e+00	0.000000e+00	0.000000e+00
-1.203000e+01	-1.200000e+01	0.000000e+00	0.000000e+00	0.000000e+00
-1.200000e+01	-1.197000e+01	0.000000e+00	0.000000e+00	0.000000e+00
-1.197000e+01	-1.194000e+01	0.000000e+00	0.000000e+00	0.000000e+00
-1.194000e+01	-1.191000e+01	0.000000e+00	0.000000e+00	0.000000e+00
-1.191000e+01	-1.188000e+01	0.000000e+00	0.000000e+00	0.000000e+00
-1.188000e+01	-1.185000e+01	0.000000e+00	0.000000e+00	0.000000e+00
-1.185000e+01	-1.182000e+01	7.215007e-02	7.215008e-02	7.215008e-02
-1.182000e+01	-1.179000e+01	0.000000e+00	0.000000e+00	0.000000e+00
-1.179000e+01	-1.176000e+01	0.000000e+00	0.000000e+00	0.000000e+00
-1.176000e+01	-1.173000e+01	0.000000e+00	0.000000e+00	0.000000e+00
-1.173000e+01	-1.170000e+01	0.000000e+00	0.000000e+00	0.000000e+00
-1.170000e+01	-1.167000e+01	0.000000e+00	0.000000e+00	0.000000e+00
-1.167000e+01	-1.164000e+01	0.000000e+00	0.000000e+00	0.000000e+00
-1.164000e+01	-1.161000e+01	0.000000e+00	0.000000e+00	0.000000e+00
-1.161000e+01	-1.158000e+01	0.000000e+00	0.000000e+00	0.000000e+00
-1.158000e+01	-1.155000e+01	0.000000e+00	0.000000e+00	0.000000e+00
-1.155000e+01	-1.152000e+01	0.000000e+00	0.000000e+00	0.000000e+00
-1.152000e+01	-1.149000e+01	0.000000e+00	0.000000e+00	0.000000e+00
-1.149000e+01	-1.146000e+01	0.000000e+00	0.000000e+00	0.000000e+00
-1.146000e+01	-1.143000e+01	0.000000e+00	0.000000e+00	0.000000e+00
-1.143000e+01	-1.140000e+01	7.215007e-02	7.215008e-02	7.215008e-02
-1.140000e+01	-1.137000e+01	0.000000e+00	0.000000e+00	0.000000e+00
-1.137000e+01	-1.134000e+01	0.000000e+00	0.000000e+00	0.000000e+00
-1.134000e+01	-1.131000e+01	0.000000e+00	0.000000e+00	0.000000e+00
-1.131000e+01	-1.128000e+01	0.000000e+00	0.000000e+00	0.000000e+00
-1.128000e+01	-1.125000e+01	0.000000e+00	0.000000e+00	0.000000e+00
-1.125000e+01	-1.122000e+01	0.000000e+00	0.000000e+00	0.000000e+00
-1.122000e+01	-1.119000e+01	0.000000e+00	0.000000e+00	0.000000e+00
-1.119000e+01	-1.116000e+01	0.000000e+00	0.000000e+00	0.000000e+00
-1.116000e+01	-1.113000e+01	0.000000e+00	0.000000e+00	0.000000e+00
-1.113000e+01	-1.110000e+01	0.000000e+00	0.000000e+00	0.000000e+00
-1.110000e+01	-1.107000e+01	0.000000e+00	0.000000e+00	0.000000e+00
-1.107000e+01	-1.104000e+01	0.000000e+00	0.000000e+00	0.000000e+00
-1.104000e+01	-1.101000e+01	0.000000e+00	0.000000e+00	0.000000e+00
-1.101000e+01	-1.098000e+01	0.000000e+00	0.000000e+00	0.000000e+00
-1.098000e+01	-1.095000e+01	0.000000e+00	0.000000e+00	0.000000e+00
-1.095000e+01	-1.092000e+01	0.000000e+00	0.000000e+00	0.000000e+00
-1.092000e+01	-1.089000e+01	7.215007e-02	7.215008e-02	7.215008e-02
-1.089000e+01	-1.086000e+01	0.000000e+00	0.000000e+00	0.000000e+00
-1.086000e+01	-1.083000e+01	0.000000e+00	0.000000e+00	0.000000e+00
-1.083000e+01	-1.080000e+01	7.215007e-02	7.215008e-02	7.215008e-02
-1.080000e+01	-1.077000e+01	0.000000e+00	0.000000e+00	0.000000e+00
-1.077000e+01	-1.074000e+01	0.000000e+00	0.000000e+00	0.000000e+00
-1.074000e+01	-1.071000e+01	0.000000e+00	0.000000e+00	0.000000e+00
-1.071000e+01	-1.068000e+01	0.000000e+00	0.000000e+00	0.000000e+00
-1.068000e+01	-1.065000e+01	0.000000e+00	0.000000e+00	0.000000e+00
-1.065000e+01	-1.062000e+01	0.000000e+00	0.000000e+00	0.000000e+00
-1.062000e+01	-1.059000e+01	0.000000e+00	0.000000e+00	0.000000e+00
-1.059000e+01	-1.056000e+01	7.215007e-02	7.215008e-02	7.215008e-02
-1.056000e+01	-1.053000e+01	7.215007e-02	7.215008e-02	7.215008e-02
-1.053000e+01	-1.050000e+01	0.000000e+00	0.000000e+00	0.000000e+00
-1.050000e+01	-1.047000e+01	0.000000e+00	0.000000e+00	0.000000e+00
-1.047000e+01	-1.044000e+01	0.000000e+00	0.000000e+00	0.000000e+00
-1.044000e+01	-1.041000e+01	7.215007e-02	7.215008e-02	7.215008e-02
-1.041000e+01	-1.038000e+01	7.215007e-02	7.215008e-02	7.215008e-02
-1.038000e+01	-1.035000e+01	0.000000e+00	0.000000e+00	0.000000e+00
-1.035000e+01	-1.032000e+01	0.000000e+00	0.000000e+00	0.000000e+00
-1.032000e+01	-1.029000e+01	0.000000e+00	0.000000e+00	0.000000e+00
-1.029000e+01	-1.026000e+01	0.000000e+00	0.000000e+00	0.000000e+00
-1.026000e+01	-1.023000e+01	7.215007e-02	7.215008e-02	7.215008e-02
-1.023000e+01	-1.020000e+01	0.000000e+00	0.000000e+00	0.000000e+00
-1.020000e+01	-1.017000e+01	0.000000e+00	0.000000e+00	0.000000e+00
-1.017000e+01	-1.014000e+01	0.000000e+00	0.000000e+00	0.000000e+00
-1.014000e+01	-1.011000e+01	0.000000e+00	0.000000e+00	0.000000e+00
-1.011000e+01	-1.008000e+01	0.000000e+00	0.000000e+00	0.000000e+00
-1.008000e+01	-1.005000e+01	0.000000e+00	0.000000e+00	0.000000e+00
-1.005000e+01	-1.002000e+01	0.000000e+00	0.000000e+00	0.000000e+00
-1.002000e+01	-9.990000e+00	0.000000e+00	0.000000e+00	0.000000e+00
-9.990000e+00	-9.960000e+00	0.000000e+00	0.000000e+00	0.000000e+00
-9.960000e+00	-9.930000e+00	0.000000e+00	0.000000e+00	0.000000e+00
-9.930000e+00	-9.900000e+00	0.000000e+00	0.000000e+00	0.000000e+00
-9.900000e+00	-9.870000e+00	0.000000e+00	0.000000e+00	0.000000e+00
-9.870000e+00	-9.840000e+00	0.000000e+00	0.000000e+00	0.000000e+00
-9.840000e+00	-9.810000e+00	0.000000e+00	0.000000e+00	0.000000e+00
-9.810000e+00	-9.780000e+00	0.000000e+00	0.000000e+00	0.000000e+00
-9.780000e+00	-9.750000e+00	0.000000e+00	0.000000e+00	0.000000e+00
-9.750000e+00	-9.720000e+00	1.443001e-01	1.020356e-01	1.020356e-01
-9.720000e+00	-9.690000e+00	0.000000e+00	0.000000e+00	0.000000e+00
-9.690000e+00	-9.660000e+00	0.000000e+00	0.000000e+00	0.000000e+00
-9.660000e+00	-9.630000e+00	0.000000e+00	0.000000e+00	0.000000e+00
-9.630000e+00	-9.600000e+00	0.000000e+00	0.000000e+00	0.000000e+00
-9.600000e+00	-9.570000e+00	0.000000e+00	0.000000e+00	0.000000e+00
-9.570000e+00	-9.540000e+00	0.000000e+00	0.000000e+00	0.000000e+00
-9.540000e+00	-9.510000e+00	0.000000e+00	0.000000e+00	0.000000e+00
-9.510000e+00	-9.480000e+00	7.215007e-02	7.215008e-02	7.215008e-02
-9.480000e+00	-9.450000e+00	7.215007e-02	7.215008e-02	7.215008e-02
-9.450000e+00	-9.420000e+00	0.000000e+00	0.000000e+00	0.000000e+00
-9.420000e+00	-9.390000e+00	7.215007e-02	7.215008e-02	7.215008e-02
-9.390000e+00	-9.360000e+00	0.000000e+00	0.000000e+00	0.000000e+00
-9.360000e+00	-9.330000e+00	0.000000e+00	0.000000e+00	0.000000e+00
-9.330000e+00	-9.300000e+00	0.000000e+00	0.000000e+00	0.000000e+00
-9.300000e+00	-9.270000e+00	7.215007e-02	7.215008e-02	7.215008e-02
-9.270000e+00	-9.240000e+00	7.215007e-02	7.215008e-02	7.215008e-02
-9.240000e+00	-9.210000e+00	0.000000e+00	0.000000e+00	0.000000e+00
-9.210000e+00	-9.180000e+00	7.215007e-02	7.215008e-02	7.215008e-02
-9.180000e+00	-9.150000e+00	7.215007e-02	7.215008e-02	7.215008e-02
-9.150000e+00	-9.120000e+00	0.000000e+00	0.000000e+00	0.000000e+00
-9.120000e+00	-9.090000e+00	7.215007e-02	7.215008e-02	7.215008e-02
-9.090000e+00	-9.060000e+00	7.215007e-02	7.215008e-02	7.215008e-02
-9.060000e+00	-9.030000e+00	7.215007e-02	7.215008e-02	7.215008e-02
-9.030000e+00	-9.000000e+00	7.215007e-02	7.215008e-02	7.215008e-02
-9.000000e+00	-8.970000e+00	7.215007e-02	7.215008e-02	7.215008e-02
-8.970000e+00	-8.940000e+00	7.215007e-02	7.215008e-02	7.215008e-02
-8.940000e+00	-8.910000e+00	7.215007e-02	7.215008e-02	7.215008e-02
-8.910000e+00	-8.880000e+00	7.215007e-02	7.215008e-02	7.215008e-02
-8.880000e+00	-8.850000e+00	7.215007e-02	7.215008e-02	7.215008e-02
-8.850000e+00	-8.820000e+00	7.215007e-02	7.215008e-02	7.215008e-02
-8.820000e+00	-8.790000e+00	7.215007e-02	7.215008e-02	7.215008e-02
-8.790000e+00	-8.760000e+00	2.164502e-01	1.249676e-01	1.249676e-01
-8.760000e+00	-8.730000e+00	0.000000e+00	0.000000e+00	0.000000e+00
-8.730000e+00	-8.700000e+00	0.000000e+00	0.000000e+00	0.000000e+00
-8.700000e+00	-8.670000e+00	1.443001e-01	1.020356e-01	1.020356e-01
-8.670000e+00	-8.640000e+00	7.215007e-02	7.215008e-02	7.215008e-02
-8.640000e+00	-8.610000e+00	0.000000e+00	0.000000e+00	0.000000e+00
-8.610000e+00	-8.580000e+00	7.215007e-02	7.215008e-02	7.215008e-02
-8.580000e+00	-8.550000e+00	0.000000e+00	0.000000e+00	0.000000e+00
-8.550000e+00	-8.520000e+00	7.215007e-02	7.215008e-02	7.215008e-02
-8.520000e+00	-8.490000e+00	3.607503e-01	1.613325e-01	1.613325e-01
-8.490000e+00	-8.460000e+00	2.164502e-01	1.249676e-01	1.249676e-01
-8.460000e+00	-8.430000e+00	7.215007e-02	7.215008e-02	7.215008e-02
-8.430000e+00	-8.400000e+00	7.215007e-02	7.215008e-02	7.215008e-02
-8.400000e+00	-8.370000e+00	2.886003e-01	1.443002e-01	1.443002e-01
-8.370000e+00	-8.340000e+00	0.000000e+00	0.000000e+00	0.000000e+00
-8.340000e+00	-8.310000e+00	7.215007e-02	7.215008e-02	7.215008e-02
-8.310000e+00	-8.280000e+00	0.000000e+00	0.000000e+00	0.000000e+00
-8.280000e+00	-8.250000e+00	7.215007e-02	7.215008e-02	7.215008e-02
-8.250000e+00	-8.220000e+00	7.215007e-02	7.215008e-02	7.215008e-02
-8.220000e+00	-8.190000e+00	1.443001e-01	1.020356e-01	1.020356e-01
-8.190000e+00	-8.160000e+00	7.215007e-02	7.215008e-02	7.215008e-02
-8.160000e+00	-8.130000e+00	1.443001e-01	1.020356e-01	1.020356e-01
-8.130000e+00	-8.100000e+00	2.886003e-01	1.443002e-01	1.443002e-01
-8.100000e+00	-8.070000e+00	7.215007e-02	7.215008e-02	7.215008e-02
-8.070000e+00	-8.040000e+00	2.886003e-01	1.443002e-01	1.443002e-01
-8.040000e+00	-8.010000e+00	1.443001e-01	1.020356e-01	1.020356e-01
-8.010000e+00	-7.980000e+00	1.443001e-01	1.020356e-01	1.020356e-01
-7.980000e+00	-7.950000e+00	0.000000e+00	0.000000e+00	0.000000e+00
-7.950000e+00	-7.920000e+00	0.000000e+00	0.000000e+00	0.000000e+00
-7.920000e+00	-7.890000e+00	3.607503e-01	1.613325e-01	1.613325e-01
-7.890000e+00	-7.860000e+00	2.164502e-01	1.249676e-01	1.249676e-01
-7.860000e+00	-7.830000e+00	7.215007e-02	7.215008e-02	7.215008e-02
-7.830000e+00	-7.800000e+00	2.164502e-01	1.249676e-01	1.249676e-01
-7.800000e+00	-7.770000e+00	7.215007e-02	7.215008e-02	7.215008e-02
-7.770000e+00	-7.740000e+00	0.000000e+00	0.000000e+00	0.000000e+00
-7.740000e+00	-7.710000e+00	0.000000e+00	0.000000e+00	0.000000e+00
-7.710000e+00	-7.680000e+00	1.443001e-01	1.020356e-01	1.020356e-01
-7.680000e+00	-7.650000e+00	7.215007e-02	7.215008e-02	7.215008e-02
-7.650000e+00	-7.620000e+00	2.164502e-01	1.249676e-01	1.249676e-01
-7.620000e+00	-7.590000e+00	7.215007e-02	7.215008e-02	7.215008e-02
-7.590000e+00	-7.560000e+00	2.886003e-01	1.443002e-01	1.443002e-01
-7.560000e+00	-7.530000e+00	7.215007e-02	7.215008e-02	7.215008e-02
-7.530000e+00	-7.500000e+00	7.215007e-02	7.215008e-02	7.215008e-02
-7.500000e+00	-7.470000e+00	1.443001e-01	1.020356e-01	1.020356e-01
-7.470000e+00	-7.440000e+00	2.886003e-01	1.443002e-01	1.443002e-01
-7.440000e+00	-7.410000e+00	7.215007e-02	7.215008e-02	7.215008e-02
-7.410000e+00	-7.380000e+00	2.164502e-01	1.249676e-01	1.249676e-01
-7.380000e+00	-7.350000e+00	2.164502e-01	1.249676e-01	1.249676e-01
-7.350000e+00	-7.320000e+00	0.000000e+00	0.000000e+00	0.000000e+00
-7.320000e+00	-7.290000e+00	1.443001e-01	1.020356e-01	1.020356e-01
-7.290000e+00	-7.260000e+00	1.443001e-01	1.020356e-01	1.020356e-01
-7.260000e+00	-7.230000e+00	1.443001e-01	1.020356e-01	1.020356e-01
-7.230000e+00	-7.200000e+00	7.215007e-02	7.215008e-02	7.215008e-02
-7.200000e+00	-7.170000e+00	0.000000e+00	0.000000e+00	0.000000e+00
-7.170000e+00	-7.140000e+00	7.215007e-02	7.215008e-02	7.215008e-02
-7.140000e+00	-7.110000e+00	1.443001e-01	1.020356e-01	1.020356e-01
-7.110000e+00	-7.080000e+00	7.215007e-02	7.215008e-02	7.215008e-02
-7.080000e+00	-7.050000e+00	7.215007e-02	7.215008e-02	7.215008e-02
-7.050000e+00	-7.020000e+00	1.443001e-01	1.020356e-01	1.020356e-01
-7.020000e+00	-6.990000e+00	1.443001e-01	1.020356e-01	1.020356e-01
-6.990000e+00	-6.960000e+00	2.164502e-01	1.249676e-01	1.249676e-01
-6.960000e+00	-6.930000e+00	1.443001e-01	1.020356e-01	1.020356e-01
-6.930000e+00	-6.900000e+00	3.607503e-01	1.613325e-01	1.613325e-01
-6.900000e+00	-6.870000e+00	1.443001e-01	1.020356e-01	1.020356e-01
-6.870000e+00	-6.840000e+00	0.000000e+00	0.000000e+00	0.000000e+00
-6.840000e+00	-6.810000e+00	2.886003e-01	1.443002e-01	1.443002e-01
-6.810000e+00	-6.780000e+00	0.000000e+00	0.000000e+00	0.000000e+00
-6.780000e+00	-6.750000e+00	0.000000e+00	0.000000e+00	0.000000e+00
-6.750000e+00	-6.720000e+00	0.000000e+00	0.000000e+00	0.000000e+00
-6.720000e+00	-6.690000e+00	1.443001e-01	1.020356e-01	1.020356e-01
-6.690000e+00	-6.660000e+00	0.000000e+00	0.000000e+00	0.000000e+00
-6.660000e+00	-6.630000e+00	7.215007e-02	7.215008e-02	7.215008e-02
-6.630000e+00	-6.600000e+00	7.215007e-02	7.215008e-02	7.215008e-02
-6.600000e+00	-6.570000e+00	1.443001e-01	1.020356e-01	1.020356e-01
-6.570000e+00	-6.540000e+00	2.164502e-01	1.249676e-01	1.249676e-01
-6.540000e+00	-6.510000e+00	1.443001e-01	1.020356e-01	1.020356e-01
-6.510000e+00	-6.480000e+00	0.000000e+00	0.000000e+00	0.000000e+00
-6.480000e+00	-6.450000e+00	1.443001e-01	1.020356e-01	1.020356e-01
-6.450000e+00	-6.420000e+00	0.000000e+00	0.000000e+00	0.000000e+00
-6.420000e+00	-6.390000e+00	7.215007e-02	7.215008e-02	7.215008e-02
-6.390000e+00	-6.360000e+00	2.886003e-01	1.443002e-01	1.443002e-01
-6.360000e+00	-6.330000e+00	1.443001e-01	1.020356e-01	1.020356e-01
-6.330000e+00	-6.300000e+00	2.164502e-01	1.249676e-01	1.249676e-01
-6.300000e+00	-6.270000e+00	1.443001e-01	1.020356e-01	1.020356e-01
-6.270000e+00	-6.240000e+00	2.164502e-01	1.249676e-01	1.249676e-01
-6.240000e+00	-6.210000e+00	2.164502e-01	1.249676e-01	1.249676e-01
-6.210000e+00	-6.180000e+00	7.215007e-02	7.215008e-02	7.215008e-02
-6.180000e+00	-6.150000e+00	1.443001e-01	1.020356e-01	1.020356e-01
-6.150000e+00	-6.120000e+00	7.215007e-02	7.215008e-02	7.215008e-02
-6.120000e+00	-6.090000e+00	2.164502e-01	1.249676e-01	1.249676e-01
-6.090000e+00	-6.060000e+00	2.886003e-01	1.443002e-01	1.443002e-01
-6.060000e+00	-6.030000e+00	7.215007e-02	7.215008e-02	7.215008e-02
-6.030000e+00	-6.000000e+00	1.443001e-01	1.020356e-01	1.020356e-01
-6.000000e+00	-5.970000e+00	7.215007e-02	7.215008e-02	7.215008e-02
-5.970000e+00	-5.940000e+00	0.000000e+00	0.000000e+00	0.000000e+00
-5.940000e+00	-5.910000e+00	2.164502e-01	1.249676e-01	1.249676e-01
-5.910000e+00	-5.880000e+00	1.443001e-01	1.020356e-01	1.020356e-01
-5.880000e+00	-5.850000e+00	2.164502e-01	1.249676e-01	1.249676e-01
-5.850000e+00	-5.820000e+00	1.443001e-01	1.020356e-01	1.020356e-01
-5.820000e+00	-5.790000e+00	0.000000e+00	0.000000e+00	0.000000e+00
-5.790000e+00	-5.760000e+00	7.215007e-02	7.215008e-02	7.215008e-02
-5.760000e+00	-5.730000e+00	2.886003e-01	1.443002e-01	1.443002e-01
-5.730000e+00	-5.700000e+00	7.215007e-02	7.215008e-02	7.215008e-02
-5.700000e+00	-5.670000e+00	0.000000e+00	0.000000e+00	0.000000e+00
-5.670000e+00	-5.640000e+00	7.215007e-02	7.215008e-02	7.215008e-02
-5.640000e+00	-5.610000e+00	1.443001e-01	1.020356e-01	1.020356e-01
-5.610000e+00	-5.580000e+00	1.443001e-01	1.020356e-01	1.020356e-01
-5.580000e+00	-5.550000e+00	1.443001e-01	1.020356e-01	1.020356e-01
-5.550000e+00	-5.520000e+00	7.215007e-02	7.215008e-02	7.215008e-02
-5.520000e+00	-5.490000e+00	0.000000e+00	0.000000e+00	0.000000e+00
-5.490000e+00	-5.460000e+00	0.000000e+00	0.000000e+00	0.000000e+00
-5.460000e+00	-5.430000e+00	7.215007e-02	7.215008e-02	7.215008e-02
-5.430000e+00	-5.400000e+00	2.164502e-01	1.249676e-01	1.249676e-01
-5.400000e+00	-5.370000e+00	2.164502e-01	1.249676e-01	1.249676e-01
-5.370000e+00	-5.340000e+00	7.215007e-02	7.215008e-02	7.215008e-02
-5.340000e+00	-5.310000e+00	0.000000e+00	0.000000e+00	0.000000e+00
-5.310000e+00	-5.280000e+00	2.164502e-01	1.249676e-01	1.249676e-01
-5.280000e+00	-5.250000e+00	7.215007e-02	7.215008e-02	7.215008e-02
-5.250000e+00	-5.220000e+00	7.215007e-02	7.215008e-02	7.215008e-02
-5.220000e+00	-5.190000e+00	7.215007e-02	7.215008e-02	7.215008e-02
-5.190000e+00	-5.160000e+00	7.215007e-02	7.215008e-02	7.215008e-02
-5.160000e+00	-5.130000e+00	7.215007e-02	7.215008e-02	7.215008e-02
-5.130000e+00	-5.100000e+00	0.000000e+00	0.000000e+00	0.000000e+00
-5.100000e+00	-5.070000e+00	2.886003e-01	1.443002e-01	1.443002e-01
-5.070000e+00	-5.040000e+00	1.443001e-01	1.020356e-01	1.020356e-01
-5.040000e+00	-5.010000e+00	7.215007e-02	7.215008e-02	7.215008e-02
-5.010000e+00	-4.980000e+00	0.000000e+00	0.000000e+00	0.000000e+00
-4.980000e+00	-4.950000e+00	0.000000e+00	0.000000e+00	0.000000e+00
-4.950000e+00	-4.920000e+00	2.886003e-01	1.443002e-01	1.443002e-01
-4.920000e+00	-4.890000e+00	7.215007e-02	7.215008e-02	7.215008e-02
-4.890000e+00	-4.860000e+00	1.443001e-01	1.020356e-01	1.020356e-01
-4.860000e+00	-4.830000e+00	0.000000e+00	0.000000e+00	0.000000e+00
-4.830000e+00	-4.800000e+00	0.000000e+00	0.000000e+00	0.000000e+00
-4.800000e+00	-4.770000e+00	2.164502e-01	1.249676e-01	1.249676e-01
-4.770000e+00	-4.740000e+00	1.443001e-01	1.020356e-01	1.020356e-01
-4.740000e+00	-4.710000e+00	1.443001e-01	1.020356e-01	1.020356e-01
-4.710000e+00	-4.680000e+00	7.215007e-02	7.215008e-02	7.215008e-02
-4.680000e+00	-4.650000e+00	0.000000e+00	0.000000e+00	0.000000e+00
-4.650000e+00	-4.620000e+00	0.000000e+00	0.000000e+00	0.000000e+00
-4.620000e+00	-4.590000e+00	7.215007e-02	7.215008e-02	7.215008e-02
-4.590000e+00	-4.560000e+00	1.443001e-01	1.020356e-01	1.020356e-01
-4.560000e+00	-4.530000e+00	1.443001e-01	1.020356e-01	1.020356e-01
-4.530000e+00	-4.500000e+00	1.443001e-01	1.020356e-01	1.020356e-01
-4.500000e+00	-4.470000e+00	7.215007e-02	7.215008e-02	7.215008e-02
-4.470000e+00	-4.440000e+00	1.443001e-01	1.020356e-01	1.020356e-01
-4.440000e+00	-4.410000e+00	1.443001e-01	1.020356e-01	1.020356e-01
-4.410000e+00	-4.380000e+00	7.215007e-02	7.215008e-02	7.215008e-02
-4.380000e+00	-4.350000e+00	7.215007e-02	7.215008e-02	7.215008e-02
-4.350000e+00	-4.320000e+00	7.215007e-02	7.215008e-02	7.215008e-02
-4.320000e+00	-4.290000e+00	1.443001e-01	1.020356e-01	1.020356e-01
-4.290000e+00	-4.260000e+00	2.886003e-01	1.443002e-01	1.443002e-01
-4.260000e+00	-4.230000e+00	0.000000e+00	0.000000e+00	0.000000e+00
-4.230000e+00	-4.200000e+00	0.000000e+00	0.000000e+00	0.000000e+00
-4.200000e+00	-4.170000e+00	0.000000e+00	0.000000e+00	0.000000e+00
-4.170000e+00	-4.140000e+00	1.443001e-01	1.020356e-01	1.020356e-01
-4.140000e+00	-4.110000e+00	2.164502e-01	1.249676e-01	1.249676e-01
-4.110000e+00	-4.080000e+00	0.000000e+00	0.000000e+00	0.000000e+00
-4.080000e+00	-4.050000e+00	1.443001e-01	1.020356e-01	1.020356e-01
-4.050000e+00	-4.020000e+00	1.443001e-01	1.020356e-01	1.020356e-01
-4.020000e+00	-3.990000e+00	1.443001e-01	1.020356e-01	1.020356e-01
-3.990000e+00	-3.960000e+00	0.000000e+00	0.000000e+00	0.000000e+00
-3.960000e+00	-3.930000e+00	7.215007e-02	7.215008e-02	7.215008e-02
-3.930000e+00	-3.900000e+00	0.000000e+00	0.000000e+00	0.000000e+00
-3.900000e+00	-3.870000e+00	7.215007e-02	7.215008e-02	7.215008e-02
-3.870000e+00	-3.840000e+00	7.215007e-02	7.215008e-02	7.215008e-02
-3.840000e+00	-3.810000e+00	1.443001e-01	1.020356e-01	1.020356e-01
-3.810000e+00	-3.780000e+00	1.443001e-01	1.020356e-01	1.020356e-01
-3.780000e+00	-3.750000e+00	0.000000e+00	0.000000e+00	0.000000e+00
-3.750000e+00	-3.720000e+00	1.443001e-01	1.020356e-01	1.020356e-01
-3.720000e+00	-3.690000e+00	7.215007e-02	7.215008e-02	7.215008e-02
-3.690000e+00	-3.660000e+00	7.215007e-02	7.215008e-02	7.215008e-02
-3.660000e+00	-3.630000e+00	0.000000e+00	0.000000e+00	0.000000e+00
-3.630000e+00	-3.600000e+00	1.443001e-01	1.020356e-01	1.020356e-01
-3.600000e+00	-3.570000e+00	7.215007e-02	7.215008e-02	7.215008e-02
-3.570000e+00	-3.540000e+00	7.215007e-02	7.215008e-02	7.215008e-02
-3.540000e+00	-3.510000e+00	0.000000e+00	0.000000e+00	0.000000e+00
-3.510000e+00	-3.480000e+00	0.000000e+00	0.000000e+00	0.000000e+00
-3.480000e+00	-3.450000e+00	2.164502e-01	1.249676e-01	1.249676e-01
-3.450000e+00	-3.420000e+00	1.443001e-01	1.020356e-01	1.020356e-01
-3.420000e+00	-3.390000e+00	2.886003e-01	1.443002e-01	1.443002e-01
-3.390000e+00	-3.360000e+00	0.000000e+00	0.000000e+00	0.000000e+00
-3.360000e+00	-3.330000e+00	0.000000e+00	0.000000e+00	0.000000e+00
-3.330000e+00	-3.300000e+00	0.000000e+00	0.000000e+00	0.000000e+00
-3.300000e+00	-3.270000e+00	2.164502e-01	1.249676e-01	1.249676e-01
-3.270000e+00	-3.240000e+00	7.215007e-02	7.215008e-02	7.215008e-02
-3.240000e+00	-3.210000e+00	2.886003e-01	1.443002e-01	1.443002e-01
-3.210000e+00	-3.180000e+00	2.164502e-01	1.249676e-01	1.249676e-01
-3.180000e+00	-3.150000e+00	1.443001e-01	1.020356e-01	1.020356e-01
-3.150000e+00	-3.120000e+00	1.443001e-01	1.020356e-01	1.020356e-01
-3.120000e+00	-3.090000e+00	0.000000e+00	0.000000e+00	0.000000e+00
-3.090000e+00	-3.060000e+00	1.443001e-01	1.020356e-01	1.020356e-01
-3.060000e+00	-3.030000e+00	1.443001e-01	1.020356e-01	1.020356e-01
-3.030000e+00	-3.000000e+00	2.164502e-01	1.249676e-01	1.249676e-01
-3.000000e+00	-2.970000e+00	2.886003e-01	1.443002e-01	1.443002e-01
-2.970000e+00	-2.940000e+00	7.215007e-02	7.215008e-02	7.215008e-02
-2.940000e+00	-2.910000e+00	1.443001e-01	1.020356e-01	1.020356e-01
-2.910000e+00	-2.880000e+00	0.000000e+00	0.000000e+00	0.000000e+00
-2.880000e+00	-2.850000e+00	7.215007e-02	7.215008e-02	7.215008e-02
-2.850000e+00	-2.820000e+00	7.215007e-02	7.215008e-02	7.215008e-02
-2.820000e+00	-2.790000e+00	2.164502e-01	1.249676e-01	1.249676e-01
-2.790000e+00	-2.760000e+00	7.215007e-02	7.215008e-02	7.215008e-02
-2.760000e+00	-2.730000e+00	1.443001e-01	1.020356e-01	1.020356e-01
-2.730000e+00	-2.700000e+00	0.000000e+00	0.000000e+00	0.000000e+00
-2.700000e+00	-2.670000e+00	2.164502e-01	1.249676e-01	1.249676e-01
-2.670000e+00	-2.640000e+00	2.164502e-01	1.249676e-01	1.249676e-01
-2.640000e+00	-2.610000e+00	7.215007e-02	7.215008e-02	7.215008e-02
-2.610000e+00	-2.580000e+00	7.215007e-02	7.215008e-02	7.215008e-02
-2.580000e+00	-2.550000e+00	7.215007e-02	7.215008e-02	7.215008e-02
-2.550000e+00	-2.520000e+00	0.000000e+00	0.000000e+00	0.000000e+00
-2.520000e+00	-2.490000e+00	2.164502e-01	1.249676e-01	1.249676e-01
-2.490000e+00	-2.460000e+00	1.443001e-01	1.020356e-01	1.020356e-01
-2.460000e+00	-2.430000e+00	1.443001e-01	1.020356e-01	1.020356e-01
-2.430000e+00	-2.400000e+00	2.886003e-01	1.443002e-01	1.443002e-01
-2.400000e+00	-2.370000e+00	1.443001e-01	1.020356e-01	1.020356e-01
-2.370000e+00	-2.340000e+00	7.215007e-02	7.215008e-02	7.215008e-02
-2.340000e+00	-2.310000e+00	1.443001e-01	1.020356e-01	1.020356e-01
-2.310000e+00	-2.280000e+00	0.000000e+00	0.000000e+00	0.000000e+00
-2.280000e+00	-2.250000e+00	1.443001e-01	1.020356e-01	1.020356e-01
-2.250000e+00	-2.220000e+00	2.164502e-01	1.249676e-01	1.249676e-01
-2.220000e+00	-2.190000e+00	1.443001e-01	1.020356e-01	1.020356e-01
-2.190000e+00	-2.160000e+00	2.164502e-01	1.249676e-01	1.249676e-01
-2.160000e+00	-2.130000e+00	0.000000e+00	0.000000e+00	0.000000e+00
-2.130000e+00	-2.100000e+00	2.164502e-01	1.249676e-01	1.249676e-01
-2.100000e+00	-2.070000e+00	2.164502e-01	1.249676e-01	1.249676e-01
-2.070000e+00	-2.040000e+00	4.329003e-01	1.767309e-01	1.767309e-01
-2.040000e+00	-2.010000e+00	0.000000e+00	0.000000e+00	0.000000e+00
-2.010000e+00	-1.980000e+00	2.886003e-01	1.443002e-01	1.443002e-01
-1.980000e+00	-1.950000e+00	3.607503e-01	1.613325e-01	1.613325e-01
-1.950000e+00	-1.920000e+00	1.443001e-01	1.020356e-01	1.020356e-01
-1.920000e+00	-1.890000e+00	2.164502e-01	1.249676e-01	1.249676e-01
-1.890000e+00	-1.860000e+00	7.215007e-02	7.215008e-02	7.215008e-02
-1.860000e+00	-1.830000e+00	1.443001e-01	1.020356e-01	1.020356e-01
-1.830000e+00	-1.800000e+00	0.000000e+00	0.000000e+00	0.000000e+00
-1.800000e+00	-1.770000e+00	7.215007e-02	7.215008e-02	7.215008e-02
-1.770000e+00	-1.740000e+00	7.215007e-02	7.215008e-02	7.215008e-02
-1.740000e+00	-1.710000e+00	2.164502e-01	1.249676e-01	1.249676e-01
-1.710000e+00	-1.680000e+00	2.886003e-01	1.443002e-01	1.443002e-01
-1.680000e+00	-1.650000e+00	2.164502e-01	1.249676e-01	1.249676e-01
-1.650000e+00	-1.620000e+00	1.443001e-01	1.020356e-01	1.020356e-01
-1.620000e+00	-1.590000e+00	1.443001e-01	1.020356e-01	1.020356e-01
-1.590000e+00	-1.560000e+00	2.164502e-01	1.249676e-01	1.249676e-01
-1.560000e+00	-1.530000e+00	7.215007e-02	7.215008e-02	7.215008e-02
-1.530000e+00	-1.500000e+00	2.164502e-01	1.249676e-01	1.249676e-01
-1.500000e+00	-1.470000e+00	1.443001e-01	1.020356e-01	1.020356e-01
-1.470000e+00	-1.440000e+00	0.000000e+00	0.000000e+00	0.000000e+00
-1.440000e+00	-1.410000e+00	1.443001e-01	1.020356e-01	1.020356e-01
-1.410000e+00	-1.380000e+00	1.443001e-01	1.020356e-01	1.020356e-01
-1.380000e+00	-1.350000e+00	0.000000e+00	0.000000e+00	0.000000e+00
-1.350000e+00	-1.320000e+00	0.000000e+00	0.000000e+00	0.000000e+00
-1.320000e+00	-1.290000e+00	1.443001e-01	1.020356e-01	1.020356e-01
-1.290000e+00	-1.260000e+00	1.443001e-01	1.020356e-01	1.020356e-01
-1.260000e+00	-1.230000e+00	1.443001e-01	1.020356e-01	1.020356e-01
-1.230000e+00	-1.200000e+00	1.443001e-01	1.020356e-01	1.020356e-01
-1.200000e+00	-1.170000e+00	7.215007e-02	7.215008e-02	7.215008e-02
-1.170000e+00	-1.140000e+00	1.443001e-01	1.020356e-01	1.020356e-01
-1.140000e+00	-1.110000e+00	0.000000e+00	0.000000e+00	0.000000e+00
-1.110000e+00	-1.080000e+00	7.215007e-02	7.215008e-02	7.215008e-02
-1.080000e+00	-1.050000e+00	0.000000e+00	0.000000e+00	0.000000e+00
-1.050000e+00	-1.020000e+00	0.000000e+00	0.000000e+00	0.000000e+00
-1.020000e+00	-9.900000e-01	1.443001e-01	1.020356e-01	1.020356e-01
-9.900000e-01	-9.600000e-01	1.443001e-01	1.020356e-01	1.020356e-01
-9.600000e-01	-9.300000e-01	0.000000e+00	0.000000e+00	0.000000e+00
-9.300000e-01	-9.000000e-01	2.164502e-01	1.249676e-01	1.249676e-01
-9.000000e-01	-8.700000e-01	0.000000e+00	0.000000e+00	0.000000e+00
-8.700000e-01	-8.400000e-01	0.000000e+00	0.000000e+00	0.000000e+00
-8.400000e-01	-8.100000e-01	7.215007e-02	7.215008e-02	7.215008e-02
-8.100000e-01	-7.800000e-01	7.215007e-02	7.215008e-02	7.215008e-02
-7.800000e-01	-7.500000e-01	0.000000e+00	0.000000e+00	0.000000e+00
-7.500000e-01	-7.200000e-01	7.215007e-02	7.215008e-02	7.215008e-02
-7.200000e-01	-6.900000e-01	0.000000e+00	0.000000e+00	0.000000e+00
-6.900000e-01	-6.600000e-01	7.215007e-02	7.215008e-02	7.215008e-02
-6.600000e-01	-6.300000e-01	0.000000e+00	0.000000e+00	0.000000e+00
-6.300000e-01	-6.000000e-01	0.000000e+00	0.000000e+00	0.000000e+00
-6.000000e-01	-5.700000e-01	0.000000e+00	0.000000e+00	0.000000e+00
-5.700000e-01	-5.400000e-01	0.000000e+00	0.000000e+00	0.000000e+00
-5.400000e-01	-5.100000e-01	0.000000e+00	0.000000e+00	0.000000e+00
-5.100000e-01	-4.800000e-01	0.000000e+00	0.000000e+00	0.000000e+00
-4.800000e-01	-4.500000e-01	0.000000e+00	0.000000e+00	0.000000e+00
-4.500000e-01	-4.200000e-01	0.000000e+00	0.000000e+00	0.000000e+00
-4.200000e-01	-3.900000e-01	0.000000e+00	0.000000e+00	0.000000e+00
-3.900000e-01	-3.600000e-01	0.000000e+00	0.000000e+00	0.000000e+00
-3.600000e-01	-3.300000e-01	0.000000e+00	0.000000e+00	0.000000e+00
-3.300000e-01	-3.000000e-01	0.000000e+00	0.000000e+00	0.000000e+00
-3.000000e-01	-2.700000e-01	0.000000e+00	0.000000e+00	0.000000e+00
-2.700000e-01	-2.400000e-01	0.000000e+00	0.000000e+00	0.000000e+00
-2.400000e-01	-2.100000e-01	0.000000e+00	0.000000e+00	0.000000e+00
-2.100000e-01	-1.800000e-01	0.000000e+00	0.000000e+00	0.000000e+00
-1.800000e-01	-1.500000e-01	0.000000e+00	0.000000e+00	0.000000e+00
-1.500000e-01	-1.200000e-01	0.000000e+00	0.000000e+00	0.000000e+00
-1.200000e-01	-9.000000e-02	0.000000e+00	0.000000e+00	0.000000e+00
-9.000000e-02	-6.000000e-02	0.000000e+00	0.000000e+00	0.000000e+00
-6.000000e-02	-3.000000e-02	0.000000e+00	0.000000e+00	0.000000e+00
-3.000000e-02	0.000000e+00	0.000000e+00	0.000000e+00	0.000000e+00
# END HISTO1D

