# BEGIN PLOT
LegendOnly=//afs/cern.ch/user/d/dkar/lh2015-qg/Vincia-2001/lhc/hadron/dijet.yoda/MC_LHQG_dijet/log_GA_10_20_Q400_R4 //afs/cern.ch/user/d/dkar/lh2015-qg/Vincia-2001/lhc/hadron/dijet_nobias.yoda/MC_LHQG_dijet/log_GA_10_20_Q400_R4
DrawOnly=//afs/cern.ch/user/d/dkar/lh2015-qg/Vincia-2001/lhc/hadron/dijet.yoda/MC_LHQG_dijet/log_GA_10_20_Q400_R4 //afs/cern.ch/user/d/dkar/lh2015-qg/Vincia-2001/lhc/hadron/dijet_nobias.yoda/MC_LHQG_dijet/log_GA_10_20_Q400_R4
RatioPlotReference=//afs/cern.ch/user/d/dkar/lh2015-qg/Vincia-2001/lhc/hadron/dijet.yoda/MC_LHQG_dijet/log_GA_10_20_Q400_R4
RatioPlot=1
LogY=1
RatioPlotYLabel=Ratio
Legend=1
# END PLOT

# BEGIN HISTO1D //afs/cern.ch/user/d/dkar/lh2015-qg/Vincia-2001/lhc/hadron/dijet.yoda/MC_LHQG_dijet/log_GA_10_20_Q400_R4
LineColor=red
LineStyle=solid
Path=//afs/cern.ch/user/d/dkar/lh2015-qg/Vincia-2001/lhc/hadron/dijet.yoda/MC_LHQG_dijet/log_GA_10_20_Q400_R4
ScaledBy=130.25751587767377
Title=dijet
XLabel=
YLabel=
# xlow	 xhigh	 val	 errminus	 errplus
-1.500000e+01	-1.497000e+01	0.000000e+00	0.000000e+00	0.000000e+00
-1.497000e+01	-1.494000e+01	0.000000e+00	0.000000e+00	0.000000e+00
-1.494000e+01	-1.491000e+01	0.000000e+00	0.000000e+00	0.000000e+00
-1.491000e+01	-1.488000e+01	0.000000e+00	0.000000e+00	0.000000e+00
-1.488000e+01	-1.485000e+01	0.000000e+00	0.000000e+00	0.000000e+00
-1.485000e+01	-1.482000e+01	0.000000e+00	0.000000e+00	0.000000e+00
-1.482000e+01	-1.479000e+01	0.000000e+00	0.000000e+00	0.000000e+00
-1.479000e+01	-1.476000e+01	0.000000e+00	0.000000e+00	0.000000e+00
-1.476000e+01	-1.473000e+01	0.000000e+00	0.000000e+00	0.000000e+00
-1.473000e+01	-1.470000e+01	0.000000e+00	0.000000e+00	0.000000e+00
-1.470000e+01	-1.467000e+01	0.000000e+00	0.000000e+00	0.000000e+00
-1.467000e+01	-1.464000e+01	0.000000e+00	0.000000e+00	0.000000e+00
-1.464000e+01	-1.461000e+01	0.000000e+00	0.000000e+00	0.000000e+00
-1.461000e+01	-1.458000e+01	0.000000e+00	0.000000e+00	0.000000e+00
-1.458000e+01	-1.455000e+01	0.000000e+00	0.000000e+00	0.000000e+00
-1.455000e+01	-1.452000e+01	0.000000e+00	0.000000e+00	0.000000e+00
-1.452000e+01	-1.449000e+01	0.000000e+00	0.000000e+00	0.000000e+00
-1.449000e+01	-1.446000e+01	0.000000e+00	0.000000e+00	0.000000e+00
-1.446000e+01	-1.443000e+01	0.000000e+00	0.000000e+00	0.000000e+00
-1.443000e+01	-1.440000e+01	0.000000e+00	0.000000e+00	0.000000e+00
-1.440000e+01	-1.437000e+01	0.000000e+00	0.000000e+00	0.000000e+00
-1.437000e+01	-1.434000e+01	0.000000e+00	0.000000e+00	0.000000e+00
-1.434000e+01	-1.431000e+01	0.000000e+00	0.000000e+00	0.000000e+00
-1.431000e+01	-1.428000e+01	0.000000e+00	0.000000e+00	0.000000e+00
-1.428000e+01	-1.425000e+01	0.000000e+00	0.000000e+00	0.000000e+00
-1.425000e+01	-1.422000e+01	0.000000e+00	0.000000e+00	0.000000e+00
-1.422000e+01	-1.419000e+01	0.000000e+00	0.000000e+00	0.000000e+00
-1.419000e+01	-1.416000e+01	0.000000e+00	0.000000e+00	0.000000e+00
-1.416000e+01	-1.413000e+01	0.000000e+00	0.000000e+00	0.000000e+00
-1.413000e+01	-1.410000e+01	0.000000e+00	0.000000e+00	0.000000e+00
-1.410000e+01	-1.407000e+01	0.000000e+00	0.000000e+00	0.000000e+00
-1.407000e+01	-1.404000e+01	0.000000e+00	0.000000e+00	0.000000e+00
-1.404000e+01	-1.401000e+01	0.000000e+00	0.000000e+00	0.000000e+00
-1.401000e+01	-1.398000e+01	0.000000e+00	0.000000e+00	0.000000e+00
-1.398000e+01	-1.395000e+01	0.000000e+00	0.000000e+00	0.000000e+00
-1.395000e+01	-1.392000e+01	0.000000e+00	0.000000e+00	0.000000e+00
-1.392000e+01	-1.389000e+01	0.000000e+00	0.000000e+00	0.000000e+00
-1.389000e+01	-1.386000e+01	0.000000e+00	0.000000e+00	0.000000e+00
-1.386000e+01	-1.383000e+01	0.000000e+00	0.000000e+00	0.000000e+00
-1.383000e+01	-1.380000e+01	0.000000e+00	0.000000e+00	0.000000e+00
-1.380000e+01	-1.377000e+01	0.000000e+00	0.000000e+00	0.000000e+00
-1.377000e+01	-1.374000e+01	0.000000e+00	0.000000e+00	0.000000e+00
-1.374000e+01	-1.371000e+01	0.000000e+00	0.000000e+00	0.000000e+00
-1.371000e+01	-1.368000e+01	0.000000e+00	0.000000e+00	0.000000e+00
-1.368000e+01	-1.365000e+01	0.000000e+00	0.000000e+00	0.000000e+00
-1.365000e+01	-1.362000e+01	0.000000e+00	0.000000e+00	0.000000e+00
-1.362000e+01	-1.359000e+01	0.000000e+00	0.000000e+00	0.000000e+00
-1.359000e+01	-1.356000e+01	0.000000e+00	0.000000e+00	0.000000e+00
-1.356000e+01	-1.353000e+01	0.000000e+00	0.000000e+00	0.000000e+00
-1.353000e+01	-1.350000e+01	0.000000e+00	0.000000e+00	0.000000e+00
-1.350000e+01	-1.347000e+01	0.000000e+00	0.000000e+00	0.000000e+00
-1.347000e+01	-1.344000e+01	0.000000e+00	0.000000e+00	0.000000e+00
-1.344000e+01	-1.341000e+01	0.000000e+00	0.000000e+00	0.000000e+00
-1.341000e+01	-1.338000e+01	0.000000e+00	0.000000e+00	0.000000e+00
-1.338000e+01	-1.335000e+01	0.000000e+00	0.000000e+00	0.000000e+00
-1.335000e+01	-1.332000e+01	0.000000e+00	0.000000e+00	0.000000e+00
-1.332000e+01	-1.329000e+01	0.000000e+00	0.000000e+00	0.000000e+00
-1.329000e+01	-1.326000e+01	0.000000e+00	0.000000e+00	0.000000e+00
-1.326000e+01	-1.323000e+01	0.000000e+00	0.000000e+00	0.000000e+00
-1.323000e+01	-1.320000e+01	0.000000e+00	0.000000e+00	0.000000e+00
-1.320000e+01	-1.317000e+01	0.000000e+00	0.000000e+00	0.000000e+00
-1.317000e+01	-1.314000e+01	0.000000e+00	0.000000e+00	0.000000e+00
-1.314000e+01	-1.311000e+01	0.000000e+00	0.000000e+00	0.000000e+00
-1.311000e+01	-1.308000e+01	0.000000e+00	0.000000e+00	0.000000e+00
-1.308000e+01	-1.305000e+01	0.000000e+00	0.000000e+00	0.000000e+00
-1.305000e+01	-1.302000e+01	0.000000e+00	0.000000e+00	0.000000e+00
-1.302000e+01	-1.299000e+01	0.000000e+00	0.000000e+00	0.000000e+00
-1.299000e+01	-1.296000e+01	0.000000e+00	0.000000e+00	0.000000e+00
-1.296000e+01	-1.293000e+01	0.000000e+00	0.000000e+00	0.000000e+00
-1.293000e+01	-1.290000e+01	0.000000e+00	0.000000e+00	0.000000e+00
-1.290000e+01	-1.287000e+01	0.000000e+00	0.000000e+00	0.000000e+00
-1.287000e+01	-1.284000e+01	0.000000e+00	0.000000e+00	0.000000e+00
-1.284000e+01	-1.281000e+01	0.000000e+00	0.000000e+00	0.000000e+00
-1.281000e+01	-1.278000e+01	0.000000e+00	0.000000e+00	0.000000e+00
-1.278000e+01	-1.275000e+01	0.000000e+00	0.000000e+00	0.000000e+00
-1.275000e+01	-1.272000e+01	0.000000e+00	0.000000e+00	0.000000e+00
-1.272000e+01	-1.269000e+01	0.000000e+00	0.000000e+00	0.000000e+00
-1.269000e+01	-1.266000e+01	0.000000e+00	0.000000e+00	0.000000e+00
-1.266000e+01	-1.263000e+01	0.000000e+00	0.000000e+00	0.000000e+00
-1.263000e+01	-1.260000e+01	0.000000e+00	0.000000e+00	0.000000e+00
-1.260000e+01	-1.257000e+01	0.000000e+00	0.000000e+00	0.000000e+00
-1.257000e+01	-1.254000e+01	0.000000e+00	0.000000e+00	0.000000e+00
-1.254000e+01	-1.251000e+01	0.000000e+00	0.000000e+00	0.000000e+00
-1.251000e+01	-1.248000e+01	0.000000e+00	0.000000e+00	0.000000e+00
-1.248000e+01	-1.245000e+01	0.000000e+00	0.000000e+00	0.000000e+00
-1.245000e+01	-1.242000e+01	0.000000e+00	0.000000e+00	0.000000e+00
-1.242000e+01	-1.239000e+01	0.000000e+00	0.000000e+00	0.000000e+00
-1.239000e+01	-1.236000e+01	0.000000e+00	0.000000e+00	0.000000e+00
-1.236000e+01	-1.233000e+01	0.000000e+00	0.000000e+00	0.000000e+00
-1.233000e+01	-1.230000e+01	0.000000e+00	0.000000e+00	0.000000e+00
-1.230000e+01	-1.227000e+01	0.000000e+00	0.000000e+00	0.000000e+00
-1.227000e+01	-1.224000e+01	0.000000e+00	0.000000e+00	0.000000e+00
-1.224000e+01	-1.221000e+01	0.000000e+00	0.000000e+00	0.000000e+00
-1.221000e+01	-1.218000e+01	0.000000e+00	0.000000e+00	0.000000e+00
-1.218000e+01	-1.215000e+01	0.000000e+00	0.000000e+00	0.000000e+00
-1.215000e+01	-1.212000e+01	0.000000e+00	0.000000e+00	0.000000e+00
-1.212000e+01	-1.209000e+01	0.000000e+00	0.000000e+00	0.000000e+00
-1.209000e+01	-1.206000e+01	0.000000e+00	0.000000e+00	0.000000e+00
-1.206000e+01	-1.203000e+01	0.000000e+00	0.000000e+00	0.000000e+00
-1.203000e+01	-1.200000e+01	0.000000e+00	0.000000e+00	0.000000e+00
-1.200000e+01	-1.197000e+01	0.000000e+00	0.000000e+00	0.000000e+00
-1.197000e+01	-1.194000e+01	0.000000e+00	0.000000e+00	0.000000e+00
-1.194000e+01	-1.191000e+01	0.000000e+00	0.000000e+00	0.000000e+00
-1.191000e+01	-1.188000e+01	0.000000e+00	0.000000e+00	0.000000e+00
-1.188000e+01	-1.185000e+01	0.000000e+00	0.000000e+00	0.000000e+00
-1.185000e+01	-1.182000e+01	0.000000e+00	0.000000e+00	0.000000e+00
-1.182000e+01	-1.179000e+01	0.000000e+00	0.000000e+00	0.000000e+00
-1.179000e+01	-1.176000e+01	0.000000e+00	0.000000e+00	0.000000e+00
-1.176000e+01	-1.173000e+01	0.000000e+00	0.000000e+00	0.000000e+00
-1.173000e+01	-1.170000e+01	0.000000e+00	0.000000e+00	0.000000e+00
-1.170000e+01	-1.167000e+01	0.000000e+00	0.000000e+00	0.000000e+00
-1.167000e+01	-1.164000e+01	0.000000e+00	0.000000e+00	0.000000e+00
-1.164000e+01	-1.161000e+01	0.000000e+00	0.000000e+00	0.000000e+00
-1.161000e+01	-1.158000e+01	0.000000e+00	0.000000e+00	0.000000e+00
-1.158000e+01	-1.155000e+01	0.000000e+00	0.000000e+00	0.000000e+00
-1.155000e+01	-1.152000e+01	0.000000e+00	0.000000e+00	0.000000e+00
-1.152000e+01	-1.149000e+01	0.000000e+00	0.000000e+00	0.000000e+00
-1.149000e+01	-1.146000e+01	0.000000e+00	0.000000e+00	0.000000e+00
-1.146000e+01	-1.143000e+01	0.000000e+00	0.000000e+00	0.000000e+00
-1.143000e+01	-1.140000e+01	0.000000e+00	0.000000e+00	0.000000e+00
-1.140000e+01	-1.137000e+01	0.000000e+00	0.000000e+00	0.000000e+00
-1.137000e+01	-1.134000e+01	0.000000e+00	0.000000e+00	0.000000e+00
-1.134000e+01	-1.131000e+01	0.000000e+00	0.000000e+00	0.000000e+00
-1.131000e+01	-1.128000e+01	0.000000e+00	0.000000e+00	0.000000e+00
-1.128000e+01	-1.125000e+01	0.000000e+00	0.000000e+00	0.000000e+00
-1.125000e+01	-1.122000e+01	0.000000e+00	0.000000e+00	0.000000e+00
-1.122000e+01	-1.119000e+01	0.000000e+00	0.000000e+00	0.000000e+00
-1.119000e+01	-1.116000e+01	0.000000e+00	0.000000e+00	0.000000e+00
-1.116000e+01	-1.113000e+01	0.000000e+00	0.000000e+00	0.000000e+00
-1.113000e+01	-1.110000e+01	0.000000e+00	0.000000e+00	0.000000e+00
-1.110000e+01	-1.107000e+01	0.000000e+00	0.000000e+00	0.000000e+00
-1.107000e+01	-1.104000e+01	0.000000e+00	0.000000e+00	0.000000e+00
-1.104000e+01	-1.101000e+01	0.000000e+00	0.000000e+00	0.000000e+00
-1.101000e+01	-1.098000e+01	0.000000e+00	0.000000e+00	0.000000e+00
-1.098000e+01	-1.095000e+01	0.000000e+00	0.000000e+00	0.000000e+00
-1.095000e+01	-1.092000e+01	0.000000e+00	0.000000e+00	0.000000e+00
-1.092000e+01	-1.089000e+01	0.000000e+00	0.000000e+00	0.000000e+00
-1.089000e+01	-1.086000e+01	0.000000e+00	0.000000e+00	0.000000e+00
-1.086000e+01	-1.083000e+01	0.000000e+00	0.000000e+00	0.000000e+00
-1.083000e+01	-1.080000e+01	0.000000e+00	0.000000e+00	0.000000e+00
-1.080000e+01	-1.077000e+01	0.000000e+00	0.000000e+00	0.000000e+00
-1.077000e+01	-1.074000e+01	0.000000e+00	0.000000e+00	0.000000e+00
-1.074000e+01	-1.071000e+01	0.000000e+00	0.000000e+00	0.000000e+00
-1.071000e+01	-1.068000e+01	0.000000e+00	0.000000e+00	0.000000e+00
-1.068000e+01	-1.065000e+01	0.000000e+00	0.000000e+00	0.000000e+00
-1.065000e+01	-1.062000e+01	0.000000e+00	0.000000e+00	0.000000e+00
-1.062000e+01	-1.059000e+01	0.000000e+00	0.000000e+00	0.000000e+00
-1.059000e+01	-1.056000e+01	0.000000e+00	0.000000e+00	0.000000e+00
-1.056000e+01	-1.053000e+01	0.000000e+00	0.000000e+00	0.000000e+00
-1.053000e+01	-1.050000e+01	0.000000e+00	0.000000e+00	0.000000e+00
-1.050000e+01	-1.047000e+01	0.000000e+00	0.000000e+00	0.000000e+00
-1.047000e+01	-1.044000e+01	0.000000e+00	0.000000e+00	0.000000e+00
-1.044000e+01	-1.041000e+01	0.000000e+00	0.000000e+00	0.000000e+00
-1.041000e+01	-1.038000e+01	0.000000e+00	0.000000e+00	0.000000e+00
-1.038000e+01	-1.035000e+01	0.000000e+00	0.000000e+00	0.000000e+00
-1.035000e+01	-1.032000e+01	0.000000e+00	0.000000e+00	0.000000e+00
-1.032000e+01	-1.029000e+01	0.000000e+00	0.000000e+00	0.000000e+00
-1.029000e+01	-1.026000e+01	0.000000e+00	0.000000e+00	0.000000e+00
-1.026000e+01	-1.023000e+01	0.000000e+00	0.000000e+00	0.000000e+00
-1.023000e+01	-1.020000e+01	0.000000e+00	0.000000e+00	0.000000e+00
-1.020000e+01	-1.017000e+01	0.000000e+00	0.000000e+00	0.000000e+00
-1.017000e+01	-1.014000e+01	0.000000e+00	0.000000e+00	0.000000e+00
-1.014000e+01	-1.011000e+01	0.000000e+00	0.000000e+00	0.000000e+00
-1.011000e+01	-1.008000e+01	0.000000e+00	0.000000e+00	0.000000e+00
-1.008000e+01	-1.005000e+01	4.400157e-04	4.400158e-04	4.400158e-04
-1.005000e+01	-1.002000e+01	0.000000e+00	0.000000e+00	0.000000e+00
-1.002000e+01	-9.990000e+00	0.000000e+00	0.000000e+00	0.000000e+00
-9.990000e+00	-9.960000e+00	0.000000e+00	0.000000e+00	0.000000e+00
-9.960000e+00	-9.930000e+00	0.000000e+00	0.000000e+00	0.000000e+00
-9.930000e+00	-9.900000e+00	0.000000e+00	0.000000e+00	0.000000e+00
-9.900000e+00	-9.870000e+00	0.000000e+00	0.000000e+00	0.000000e+00
-9.870000e+00	-9.840000e+00	0.000000e+00	0.000000e+00	0.000000e+00
-9.840000e+00	-9.810000e+00	0.000000e+00	0.000000e+00	0.000000e+00
-9.810000e+00	-9.780000e+00	0.000000e+00	0.000000e+00	0.000000e+00
-9.780000e+00	-9.750000e+00	0.000000e+00	0.000000e+00	0.000000e+00
-9.750000e+00	-9.720000e+00	0.000000e+00	0.000000e+00	0.000000e+00
-9.720000e+00	-9.690000e+00	0.000000e+00	0.000000e+00	0.000000e+00
-9.690000e+00	-9.660000e+00	0.000000e+00	0.000000e+00	0.000000e+00
-9.660000e+00	-9.630000e+00	0.000000e+00	0.000000e+00	0.000000e+00
-9.630000e+00	-9.600000e+00	0.000000e+00	0.000000e+00	0.000000e+00
-9.600000e+00	-9.570000e+00	0.000000e+00	0.000000e+00	0.000000e+00
-9.570000e+00	-9.540000e+00	0.000000e+00	0.000000e+00	0.000000e+00
-9.540000e+00	-9.510000e+00	0.000000e+00	0.000000e+00	0.000000e+00
-9.510000e+00	-9.480000e+00	0.000000e+00	0.000000e+00	0.000000e+00
-9.480000e+00	-9.450000e+00	0.000000e+00	0.000000e+00	0.000000e+00
-9.450000e+00	-9.420000e+00	0.000000e+00	0.000000e+00	0.000000e+00
-9.420000e+00	-9.390000e+00	0.000000e+00	0.000000e+00	0.000000e+00
-9.390000e+00	-9.360000e+00	0.000000e+00	0.000000e+00	0.000000e+00
-9.360000e+00	-9.330000e+00	0.000000e+00	0.000000e+00	0.000000e+00
-9.330000e+00	-9.300000e+00	0.000000e+00	0.000000e+00	0.000000e+00
-9.300000e+00	-9.270000e+00	0.000000e+00	0.000000e+00	0.000000e+00
-9.270000e+00	-9.240000e+00	0.000000e+00	0.000000e+00	0.000000e+00
-9.240000e+00	-9.210000e+00	0.000000e+00	0.000000e+00	0.000000e+00
-9.210000e+00	-9.180000e+00	0.000000e+00	0.000000e+00	0.000000e+00
-9.180000e+00	-9.150000e+00	0.000000e+00	0.000000e+00	0.000000e+00
-9.150000e+00	-9.120000e+00	0.000000e+00	0.000000e+00	0.000000e+00
-9.120000e+00	-9.090000e+00	0.000000e+00	0.000000e+00	0.000000e+00
-9.090000e+00	-9.060000e+00	0.000000e+00	0.000000e+00	0.000000e+00
-9.060000e+00	-9.030000e+00	0.000000e+00	0.000000e+00	0.000000e+00
-9.030000e+00	-9.000000e+00	0.000000e+00	0.000000e+00	0.000000e+00
-9.000000e+00	-8.970000e+00	0.000000e+00	0.000000e+00	0.000000e+00
-8.970000e+00	-8.940000e+00	0.000000e+00	0.000000e+00	0.000000e+00
-8.940000e+00	-8.910000e+00	0.000000e+00	0.000000e+00	0.000000e+00
-8.910000e+00	-8.880000e+00	0.000000e+00	0.000000e+00	0.000000e+00
-8.880000e+00	-8.850000e+00	2.953223e-06	2.953223e-06	2.953223e-06
-8.850000e+00	-8.820000e+00	0.000000e+00	0.000000e+00	0.000000e+00
-8.820000e+00	-8.790000e+00	0.000000e+00	0.000000e+00	0.000000e+00
-8.790000e+00	-8.760000e+00	0.000000e+00	0.000000e+00	0.000000e+00
-8.760000e+00	-8.730000e+00	0.000000e+00	0.000000e+00	0.000000e+00
-8.730000e+00	-8.700000e+00	0.000000e+00	0.000000e+00	0.000000e+00
-8.700000e+00	-8.670000e+00	0.000000e+00	0.000000e+00	0.000000e+00
-8.670000e+00	-8.640000e+00	0.000000e+00	0.000000e+00	0.000000e+00
-8.640000e+00	-8.610000e+00	0.000000e+00	0.000000e+00	0.000000e+00
-8.610000e+00	-8.580000e+00	0.000000e+00	0.000000e+00	0.000000e+00
-8.580000e+00	-8.550000e+00	0.000000e+00	0.000000e+00	0.000000e+00
-8.550000e+00	-8.520000e+00	0.000000e+00	0.000000e+00	0.000000e+00
-8.520000e+00	-8.490000e+00	0.000000e+00	0.000000e+00	0.000000e+00
-8.490000e+00	-8.460000e+00	0.000000e+00	0.000000e+00	0.000000e+00
-8.460000e+00	-8.430000e+00	0.000000e+00	0.000000e+00	0.000000e+00
-8.430000e+00	-8.400000e+00	0.000000e+00	0.000000e+00	0.000000e+00
-8.400000e+00	-8.370000e+00	6.360900e-06	6.360901e-06	6.360901e-06
-8.370000e+00	-8.340000e+00	0.000000e+00	0.000000e+00	0.000000e+00
-8.340000e+00	-8.310000e+00	8.475810e-04	8.475810e-04	8.475810e-04
-8.310000e+00	-8.280000e+00	0.000000e+00	0.000000e+00	0.000000e+00
-8.280000e+00	-8.250000e+00	9.741087e-04	9.741087e-04	9.741087e-04
-8.250000e+00	-8.220000e+00	0.000000e+00	0.000000e+00	0.000000e+00
-8.220000e+00	-8.190000e+00	0.000000e+00	0.000000e+00	0.000000e+00
-8.190000e+00	-8.160000e+00	5.623350e-06	3.981345e-06	3.981345e-06
-8.160000e+00	-8.130000e+00	0.000000e+00	0.000000e+00	0.000000e+00
-8.130000e+00	-8.100000e+00	1.403146e-05	1.403146e-05	1.403146e-05
-8.100000e+00	-8.070000e+00	0.000000e+00	0.000000e+00	0.000000e+00
-8.070000e+00	-8.040000e+00	7.113853e-06	7.113853e-06	7.113853e-06
-8.040000e+00	-8.010000e+00	0.000000e+00	0.000000e+00	0.000000e+00
-8.010000e+00	-7.980000e+00	0.000000e+00	0.000000e+00	0.000000e+00
-7.980000e+00	-7.950000e+00	0.000000e+00	0.000000e+00	0.000000e+00
-7.950000e+00	-7.920000e+00	0.000000e+00	0.000000e+00	0.000000e+00
-7.920000e+00	-7.890000e+00	1.405491e-05	1.405491e-05	1.405491e-05
-7.890000e+00	-7.860000e+00	0.000000e+00	0.000000e+00	0.000000e+00
-7.860000e+00	-7.830000e+00	2.702899e-04	2.702899e-04	2.702899e-04
-7.830000e+00	-7.800000e+00	0.000000e+00	0.000000e+00	0.000000e+00
-7.800000e+00	-7.770000e+00	2.317803e-05	2.317803e-05	2.317803e-05
-7.770000e+00	-7.740000e+00	1.305347e-05	1.305347e-05	1.305347e-05
-7.740000e+00	-7.710000e+00	0.000000e+00	0.000000e+00	0.000000e+00
-7.710000e+00	-7.680000e+00	0.000000e+00	0.000000e+00	0.000000e+00
-7.680000e+00	-7.650000e+00	3.537060e-05	3.537061e-05	3.537061e-05
-7.650000e+00	-7.620000e+00	1.048561e-03	9.788884e-04	9.788884e-04
-7.620000e+00	-7.590000e+00	3.480440e-04	3.480439e-04	3.480439e-04
-7.590000e+00	-7.560000e+00	1.121310e-05	1.121310e-05	1.121310e-05
-7.560000e+00	-7.530000e+00	7.329767e-06	5.677180e-06	5.677180e-06
-7.530000e+00	-7.500000e+00	1.864527e-05	1.351015e-05	1.351015e-05
-7.500000e+00	-7.470000e+00	2.662442e-04	2.662442e-04	2.662442e-04
-7.470000e+00	-7.440000e+00	1.038503e-04	5.653414e-05	5.653414e-05
-7.440000e+00	-7.410000e+00	3.469463e-04	2.732515e-04	2.732515e-04
-7.410000e+00	-7.380000e+00	2.645561e-05	2.307481e-05	2.307481e-05
-7.380000e+00	-7.350000e+00	1.211325e-04	1.110204e-04	1.110204e-04
-7.350000e+00	-7.320000e+00	6.028640e-04	2.966536e-04	2.966536e-04
-7.320000e+00	-7.290000e+00	1.024187e-05	7.332387e-06	7.332387e-06
-7.290000e+00	-7.260000e+00	2.966705e-04	2.560757e-04	2.560757e-04
-7.260000e+00	-7.230000e+00	2.112577e-05	1.494870e-05	1.494870e-05
-7.230000e+00	-7.200000e+00	2.345645e-04	1.053697e-04	1.053697e-04
-7.200000e+00	-7.170000e+00	8.957953e-04	6.050817e-04	6.050817e-04
-7.170000e+00	-7.140000e+00	1.133706e-03	9.602622e-04	9.602622e-04
-7.140000e+00	-7.110000e+00	2.453229e-04	1.326487e-04	1.326487e-04
-7.110000e+00	-7.080000e+00	3.948653e-04	3.837053e-04	3.837053e-04
-7.080000e+00	-7.050000e+00	1.596371e-03	1.275111e-03	1.275111e-03
-7.050000e+00	-7.020000e+00	5.137817e-04	2.659090e-04	2.659090e-04
-7.020000e+00	-6.990000e+00	1.001849e-03	6.082598e-04	6.082598e-04
-6.990000e+00	-6.960000e+00	2.906842e-04	1.527178e-04	1.527178e-04
-6.960000e+00	-6.930000e+00	7.942013e-04	6.855492e-04	6.855492e-04
-6.930000e+00	-6.900000e+00	5.402473e-04	2.847063e-04	2.847063e-04
-6.900000e+00	-6.870000e+00	4.838370e-04	2.117764e-04	2.117764e-04
-6.870000e+00	-6.840000e+00	2.736442e-03	1.161487e-03	1.161487e-03
-6.840000e+00	-6.810000e+00	5.792093e-04	2.913795e-04	2.913795e-04
-6.810000e+00	-6.780000e+00	2.447521e-03	1.409127e-03	1.409127e-03
-6.780000e+00	-6.750000e+00	2.560057e-03	1.602474e-03	1.602474e-03
-6.750000e+00	-6.720000e+00	3.226562e-03	1.478157e-03	1.478157e-03
-6.720000e+00	-6.690000e+00	1.424493e-03	5.678468e-04	5.678468e-04
-6.690000e+00	-6.660000e+00	2.077208e-03	7.589398e-04	7.589398e-04
-6.660000e+00	-6.630000e+00	2.697908e-03	1.197292e-03	1.197292e-03
-6.630000e+00	-6.600000e+00	3.195479e-03	1.466595e-03	1.466595e-03
-6.600000e+00	-6.570000e+00	2.574564e-03	1.025702e-03	1.025702e-03
-6.570000e+00	-6.540000e+00	2.984267e-02	2.663802e-02	2.663802e-02
-6.540000e+00	-6.510000e+00	2.450116e-03	1.201364e-03	1.201364e-03
-6.510000e+00	-6.480000e+00	2.450001e-03	1.282215e-03	1.282215e-03
-6.480000e+00	-6.450000e+00	3.425490e-03	1.209722e-03	1.209722e-03
-6.450000e+00	-6.420000e+00	2.197777e-03	7.802147e-04	7.802147e-04
-6.420000e+00	-6.390000e+00	2.404497e-03	6.408272e-04	6.408272e-04
-6.390000e+00	-6.360000e+00	2.849584e-03	8.540338e-04	8.540338e-04
-6.360000e+00	-6.330000e+00	4.697330e-03	1.505715e-03	1.505715e-03
-6.330000e+00	-6.300000e+00	5.147713e-03	1.637158e-03	1.637158e-03
-6.300000e+00	-6.270000e+00	5.655390e-03	2.070559e-03	2.070559e-03
-6.270000e+00	-6.240000e+00	7.086860e-03	1.710196e-03	1.710196e-03
-6.240000e+00	-6.210000e+00	1.006997e-02	2.626767e-03	2.626767e-03
-6.210000e+00	-6.180000e+00	6.976547e-03	1.901709e-03	1.901709e-03
-6.180000e+00	-6.150000e+00	4.592570e-03	1.460729e-03	1.460729e-03
-6.150000e+00	-6.120000e+00	1.215773e-02	2.921893e-03	2.921893e-03
-6.120000e+00	-6.090000e+00	1.027116e-02	3.052861e-03	3.052861e-03
-6.090000e+00	-6.060000e+00	1.766716e-02	4.331007e-03	4.331007e-03
-6.060000e+00	-6.030000e+00	1.160489e-02	2.439743e-03	2.439743e-03
-6.030000e+00	-6.000000e+00	9.942660e-03	2.252164e-03	2.252164e-03
-6.000000e+00	-5.970000e+00	8.187413e-03	2.467439e-03	2.467439e-03
-5.970000e+00	-5.940000e+00	1.338716e-02	2.948694e-03	2.948694e-03
-5.940000e+00	-5.910000e+00	1.250954e-02	2.957064e-03	2.957064e-03
-5.910000e+00	-5.880000e+00	1.454643e-02	2.785670e-03	2.785670e-03
-5.880000e+00	-5.850000e+00	1.743055e-02	3.034075e-03	3.034075e-03
-5.850000e+00	-5.820000e+00	1.485952e-02	2.855267e-03	2.855267e-03
-5.820000e+00	-5.790000e+00	2.104943e-02	3.590407e-03	3.590407e-03
-5.790000e+00	-5.760000e+00	1.888848e-02	3.407787e-03	3.407787e-03
-5.760000e+00	-5.730000e+00	2.259420e-02	3.362314e-03	3.362314e-03
-5.730000e+00	-5.700000e+00	2.998840e-02	4.098721e-03	4.098721e-03
-5.700000e+00	-5.670000e+00	2.915101e-02	4.460884e-03	4.460884e-03
-5.670000e+00	-5.640000e+00	3.151316e-02	4.701475e-03	4.701475e-03
-5.640000e+00	-5.610000e+00	3.620547e-02	4.476993e-03	4.476993e-03
-5.610000e+00	-5.580000e+00	3.086425e-02	4.670594e-03	4.670594e-03
-5.580000e+00	-5.550000e+00	3.130279e-02	4.583192e-03	4.583192e-03
-5.550000e+00	-5.520000e+00	3.590473e-02	4.345438e-03	4.345438e-03
-5.520000e+00	-5.490000e+00	4.372100e-02	5.584296e-03	5.584296e-03
-5.490000e+00	-5.460000e+00	4.227347e-02	5.107665e-03	5.107665e-03
-5.460000e+00	-5.430000e+00	4.981180e-02	5.816274e-03	5.816274e-03
-5.430000e+00	-5.400000e+00	5.277393e-02	5.863828e-03	5.863828e-03
-5.400000e+00	-5.370000e+00	5.689050e-02	6.354778e-03	6.354778e-03
-5.370000e+00	-5.340000e+00	6.037493e-02	6.567394e-03	6.567394e-03
-5.340000e+00	-5.310000e+00	5.566587e-02	5.569722e-03	5.569722e-03
-5.310000e+00	-5.280000e+00	6.121607e-02	6.450682e-03	6.450682e-03
-5.280000e+00	-5.250000e+00	1.760371e+00	1.706775e+00	1.706775e+00
-5.250000e+00	-5.220000e+00	1.055131e-01	4.306868e-02	4.306868e-02
-5.220000e+00	-5.190000e+00	7.886390e-02	7.284904e-03	7.284904e-03
-5.190000e+00	-5.160000e+00	6.639917e-02	6.784573e-03	6.784573e-03
-5.160000e+00	-5.130000e+00	8.222770e-02	1.050964e-02	1.050964e-02
-5.130000e+00	-5.100000e+00	8.919040e-02	1.119530e-02	1.119530e-02
-5.100000e+00	-5.070000e+00	9.528387e-02	8.628849e-03	8.628849e-03
-5.070000e+00	-5.040000e+00	1.221178e-01	1.449905e-02	1.449905e-02
-5.040000e+00	-5.010000e+00	9.335013e-02	8.410529e-03	8.410529e-03
-5.010000e+00	-4.980000e+00	1.242421e-01	4.207775e-02	4.207775e-02
-4.980000e+00	-4.950000e+00	1.160240e-01	1.141544e-02	1.141544e-02
-4.950000e+00	-4.920000e+00	2.250180e-01	1.127531e-01	1.127531e-01
-4.920000e+00	-4.890000e+00	1.193413e-01	9.943113e-03	9.943113e-03
-4.890000e+00	-4.860000e+00	1.823255e+00	1.706796e+00	1.706796e+00
-4.860000e+00	-4.830000e+00	1.480291e-01	1.703118e-02	1.703118e-02
-4.830000e+00	-4.800000e+00	1.475820e-01	1.285293e-02	1.285293e-02
-4.800000e+00	-4.770000e+00	1.307439e-01	1.019539e-02	1.019539e-02
-4.770000e+00	-4.740000e+00	1.415576e-01	1.132196e-02	1.132196e-02
-4.740000e+00	-4.710000e+00	1.210690e+00	1.057986e+00	1.057986e+00
-4.710000e+00	-4.680000e+00	1.327570e-01	1.004928e-02	1.004928e-02
-4.680000e+00	-4.650000e+00	1.976753e-01	4.629756e-02	4.629756e-02
-4.650000e+00	-4.620000e+00	1.684742e-01	3.660006e-02	3.660006e-02
-4.620000e+00	-4.590000e+00	1.644283e-01	1.150854e-02	1.150854e-02
-4.590000e+00	-4.560000e+00	1.665374e-01	1.125750e-02	1.125750e-02
-4.560000e+00	-4.530000e+00	2.914816e-01	1.080992e-01	1.080992e-01
-4.530000e+00	-4.500000e+00	1.609437e-01	1.134147e-02	1.134147e-02
-4.500000e+00	-4.470000e+00	7.297830e-01	5.560970e-01	5.560970e-01
-4.470000e+00	-4.440000e+00	1.946623e-01	1.976444e-02	1.976444e-02
-4.440000e+00	-4.410000e+00	1.750556e-01	1.186098e-02	1.186098e-02
-4.410000e+00	-4.380000e+00	1.825664e-01	1.291766e-02	1.291766e-02
-4.380000e+00	-4.350000e+00	1.746490e-01	1.163318e-02	1.163318e-02
-4.350000e+00	-4.320000e+00	3.035126e-01	1.063739e-01	1.063739e-01
-4.320000e+00	-4.290000e+00	2.343286e-01	3.436212e-02	3.436212e-02
-4.290000e+00	-4.260000e+00	1.660694e-01	1.152048e-02	1.152048e-02
-4.260000e+00	-4.230000e+00	3.055317e-01	1.321387e-01	1.321387e-01
-4.230000e+00	-4.200000e+00	2.140544e-01	1.582115e-02	1.582115e-02
-4.200000e+00	-4.170000e+00	3.735987e-01	1.662858e-01	1.662858e-01
-4.170000e+00	-4.140000e+00	2.058433e-01	2.861284e-02	2.861284e-02
-4.140000e+00	-4.110000e+00	3.007460e-01	1.130775e-01	1.130775e-01
-4.110000e+00	-4.080000e+00	2.055957e-01	1.492433e-02	1.492433e-02
-4.080000e+00	-4.050000e+00	2.410607e-01	3.028982e-02	3.028982e-02
-4.050000e+00	-4.020000e+00	7.551327e-01	5.561237e-01	5.561237e-01
-4.020000e+00	-3.990000e+00	2.133870e-01	1.564748e-02	1.564748e-02
-3.990000e+00	-3.960000e+00	1.760560e-01	1.183823e-02	1.183823e-02
-3.960000e+00	-3.930000e+00	2.840468e-01	8.340787e-02	8.340787e-02
-3.930000e+00	-3.900000e+00	2.046941e-01	1.739789e-02	1.739789e-02
-3.900000e+00	-3.870000e+00	1.295270e+00	1.058210e+00	1.058210e+00
-3.870000e+00	-3.840000e+00	2.308459e-01	3.740362e-02	3.740362e-02
-3.840000e+00	-3.810000e+00	2.346969e-01	2.877145e-02	2.877145e-02
-3.810000e+00	-3.780000e+00	2.449183e-01	3.054120e-02	3.054120e-02
-3.780000e+00	-3.750000e+00	2.442510e-01	4.677986e-02	4.677986e-02
-3.750000e+00	-3.720000e+00	2.261935e-01	1.353107e-02	1.353107e-02
-3.720000e+00	-3.690000e+00	5.791917e-01	3.727056e-01	3.727056e-01
-3.690000e+00	-3.660000e+00	9.660367e-01	7.154549e-01	7.154549e-01
-3.660000e+00	-3.630000e+00	2.127058e-01	2.189160e-02	2.189160e-02
-3.630000e+00	-3.600000e+00	3.627973e-01	1.412794e-01	1.412794e-01
-3.600000e+00	-3.570000e+00	1.892937e-01	1.479574e-02	1.479574e-02
-3.570000e+00	-3.540000e+00	5.714590e-01	2.422302e-01	2.422302e-01
-3.540000e+00	-3.510000e+00	2.168859e-01	2.950387e-02	2.950387e-02
-3.510000e+00	-3.480000e+00	2.081056e-01	1.608742e-02	1.608742e-02
-3.480000e+00	-3.450000e+00	2.095219e-01	1.391974e-02	1.391974e-02
-3.450000e+00	-3.420000e+00	2.485971e-01	4.315206e-02	4.315206e-02
-3.420000e+00	-3.390000e+00	1.816881e-01	1.257655e-02	1.257655e-02
-3.390000e+00	-3.360000e+00	5.353253e-01	2.412479e-01	2.412479e-01
-3.360000e+00	-3.330000e+00	2.130903e-01	2.863532e-02	2.863532e-02
-3.330000e+00	-3.300000e+00	1.869030e-01	1.487056e-02	1.487056e-02
-3.300000e+00	-3.270000e+00	1.887612e-01	1.327509e-02	1.327509e-02
-3.270000e+00	-3.240000e+00	2.049592e-01	1.460665e-02	1.460665e-02
-3.240000e+00	-3.210000e+00	3.049630e-01	1.096139e-01	1.096139e-01
-3.210000e+00	-3.180000e+00	1.903453e-01	1.468358e-02	1.468358e-02
-3.180000e+00	-3.150000e+00	1.704375e-01	1.164094e-02	1.164094e-02
-3.150000e+00	-3.120000e+00	1.810656e-01	1.723842e-02	1.723842e-02
-3.120000e+00	-3.090000e+00	1.679259e-01	1.196707e-02	1.196707e-02
-3.090000e+00	-3.060000e+00	8.723230e-01	7.138533e-01	7.138533e-01
-3.060000e+00	-3.030000e+00	1.472946e-01	1.197805e-02	1.197805e-02
-3.030000e+00	-3.000000e+00	1.514075e-01	1.115184e-02	1.115184e-02
-3.000000e+00	-2.970000e+00	1.621105e-01	1.294477e-02	1.294477e-02
-2.970000e+00	-2.940000e+00	2.577143e-01	6.935600e-02	6.935600e-02
-2.940000e+00	-2.910000e+00	1.537587e-01	1.330655e-02	1.330655e-02
-2.910000e+00	-2.880000e+00	1.817905e-01	4.310592e-02	4.310592e-02
-2.880000e+00	-2.850000e+00	2.390183e-01	4.234375e-02	4.234375e-02
-2.850000e+00	-2.820000e+00	1.426542e-01	1.443189e-02	1.443189e-02
-2.820000e+00	-2.790000e+00	1.469192e-01	1.179439e-02	1.179439e-02
-2.790000e+00	-2.760000e+00	1.592313e-01	1.198002e-02	1.198002e-02
-2.760000e+00	-2.730000e+00	1.367550e-01	1.105470e-02	1.105470e-02
-2.730000e+00	-2.700000e+00	1.346665e-01	1.135193e-02	1.135193e-02
-2.700000e+00	-2.670000e+00	1.507184e-01	1.329854e-02	1.329854e-02
-2.670000e+00	-2.640000e+00	2.898385e-01	1.519190e-01	1.519190e-01
-2.640000e+00	-2.610000e+00	5.537913e-01	4.202814e-01	4.202814e-01
-2.610000e+00	-2.580000e+00	1.483212e-01	1.226523e-02	1.226523e-02
-2.580000e+00	-2.550000e+00	2.088396e-01	8.280484e-02	8.280484e-02
-2.550000e+00	-2.520000e+00	1.293377e-01	1.065799e-02	1.065799e-02
-2.520000e+00	-2.490000e+00	1.195152e-01	1.010323e-02	1.010323e-02
-2.490000e+00	-2.460000e+00	2.124894e-01	1.073910e-01	1.073910e-01
-2.460000e+00	-2.430000e+00	1.234292e-01	1.022997e-02	1.022997e-02
-2.430000e+00	-2.400000e+00	3.202455e-01	1.993573e-01	1.993573e-01
-2.400000e+00	-2.370000e+00	1.116626e-01	9.596419e-03	9.596419e-03
-2.370000e+00	-2.340000e+00	9.335930e-02	8.511606e-03	8.511606e-03
-2.340000e+00	-2.310000e+00	1.170037e-01	1.666698e-02	1.666698e-02
-2.310000e+00	-2.280000e+00	1.024947e-01	1.047111e-02	1.047111e-02
-2.280000e+00	-2.250000e+00	2.739642e-01	1.668012e-01	1.668012e-01
-2.250000e+00	-2.220000e+00	1.323375e-01	2.318308e-02	2.318308e-02
-2.220000e+00	-2.190000e+00	2.431344e-01	1.308830e-01	1.308830e-01
-2.190000e+00	-2.160000e+00	1.066715e-01	9.689598e-03	9.689598e-03
-2.160000e+00	-2.130000e+00	1.086901e-01	2.052739e-02	2.052739e-02
-2.130000e+00	-2.100000e+00	9.386090e-02	8.643432e-03	8.643432e-03
-2.100000e+00	-2.070000e+00	9.745417e-02	9.597752e-03	9.597752e-03
-2.070000e+00	-2.040000e+00	4.794993e-01	3.721480e-01	3.721480e-01
-2.040000e+00	-2.010000e+00	7.319087e-02	7.578865e-03	7.578865e-03
-2.010000e+00	-1.980000e+00	7.805303e-02	8.482067e-03	8.482067e-03
-1.980000e+00	-1.950000e+00	8.900393e-02	8.827654e-03	8.827654e-03
-1.950000e+00	-1.920000e+00	7.610767e-02	7.497134e-03	7.497134e-03
-1.920000e+00	-1.890000e+00	8.903670e-02	1.228141e-02	1.228141e-02
-1.890000e+00	-1.860000e+00	7.470870e-02	8.125757e-03	8.125757e-03
-1.860000e+00	-1.830000e+00	7.382670e-02	7.630419e-03	7.630419e-03
-1.830000e+00	-1.800000e+00	7.582963e-02	7.880055e-03	7.880055e-03
-1.800000e+00	-1.770000e+00	8.292387e-02	9.256352e-03	9.256352e-03
-1.770000e+00	-1.740000e+00	8.616277e-02	9.384995e-03	9.384995e-03
-1.740000e+00	-1.710000e+00	2.573390e-01	1.873833e-01	1.873833e-01
-1.710000e+00	-1.680000e+00	7.679700e-02	7.798625e-03	7.798625e-03
-1.680000e+00	-1.650000e+00	6.541370e-02	7.274738e-03	7.274738e-03
-1.650000e+00	-1.620000e+00	7.355560e-02	9.335008e-03	9.335008e-03
-1.620000e+00	-1.590000e+00	6.246743e-02	1.378219e-02	1.378219e-02
-1.590000e+00	-1.560000e+00	6.106810e-02	6.916348e-03	6.916348e-03
-1.560000e+00	-1.530000e+00	5.175350e-02	6.432426e-03	6.432426e-03
-1.530000e+00	-1.500000e+00	5.149330e-02	6.459100e-03	6.459100e-03
-1.500000e+00	-1.470000e+00	4.694327e-01	4.201939e-01	4.201939e-01
-1.470000e+00	-1.440000e+00	8.845553e-02	3.161060e-02	3.161060e-02
-1.440000e+00	-1.410000e+00	5.174810e-02	6.474730e-03	6.474730e-03
-1.410000e+00	-1.380000e+00	4.233297e-02	5.664113e-03	5.664113e-03
-1.380000e+00	-1.350000e+00	5.084597e-02	6.205713e-03	6.205713e-03
-1.350000e+00	-1.320000e+00	5.255967e-02	8.241660e-03	8.241660e-03
-1.320000e+00	-1.290000e+00	4.279547e-02	6.262306e-03	6.262306e-03
-1.290000e+00	-1.260000e+00	4.295910e-02	5.833207e-03	5.833207e-03
-1.260000e+00	-1.230000e+00	4.385690e-02	5.763094e-03	5.763094e-03
-1.230000e+00	-1.200000e+00	3.864137e-02	5.697589e-03	5.697589e-03
-1.200000e+00	-1.170000e+00	3.121459e-02	5.435812e-03	5.435812e-03
-1.170000e+00	-1.140000e+00	4.877750e-02	9.476423e-03	9.476423e-03
-1.140000e+00	-1.110000e+00	4.033570e-02	6.908117e-03	6.908117e-03
-1.110000e+00	-1.080000e+00	3.162690e-02	4.679907e-03	4.679907e-03
-1.080000e+00	-1.050000e+00	3.181706e-02	5.198928e-03	5.198928e-03
-1.050000e+00	-1.020000e+00	3.493303e-02	5.565580e-03	5.565580e-03
-1.020000e+00	-9.900000e-01	2.223749e-02	4.424059e-03	4.424059e-03
-9.900000e-01	-9.600000e-01	2.555615e-02	4.666218e-03	4.666218e-03
-9.600000e-01	-9.300000e-01	2.507874e-02	4.645562e-03	4.645562e-03
-9.300000e-01	-9.000000e-01	2.817437e-02	8.765883e-03	8.765883e-03
-9.000000e-01	-8.700000e-01	2.955897e-02	5.335878e-03	5.335878e-03
-8.700000e-01	-8.400000e-01	2.070664e-02	4.002469e-03	4.002469e-03
-8.400000e-01	-8.100000e-01	1.776608e-02	7.950099e-03	7.950099e-03
-8.100000e-01	-7.800000e-01	7.043723e-03	2.302421e-03	2.302421e-03
-7.800000e-01	-7.500000e-01	1.002567e-02	2.752615e-03	2.752615e-03
-7.500000e-01	-7.200000e-01	5.087390e-03	1.369590e-03	1.369590e-03
-7.200000e-01	-6.900000e-01	1.134433e-02	3.088711e-03	3.088711e-03
-6.900000e-01	-6.600000e-01	7.780640e-03	2.599474e-03	2.599474e-03
-6.600000e-01	-6.300000e-01	6.544613e-03	2.480924e-03	2.480924e-03
-6.300000e-01	-6.000000e-01	6.487397e-03	2.238798e-03	2.238798e-03
-6.000000e-01	-5.700000e-01	2.226220e-03	1.069499e-03	1.069499e-03
-5.700000e-01	-5.400000e-01	6.557323e-03	2.845259e-03	2.845259e-03
-5.400000e-01	-5.100000e-01	1.033136e-03	5.982927e-04	5.982927e-04
-5.100000e-01	-4.800000e-01	2.006532e-03	1.355809e-03	1.355809e-03
-4.800000e-01	-4.500000e-01	2.366416e-05	2.366415e-05	2.366415e-05
-4.500000e-01	-4.200000e-01	1.516690e-03	1.080043e-03	1.080043e-03
-4.200000e-01	-3.900000e-01	2.849736e-03	1.997657e-03	1.997657e-03
-3.900000e-01	-3.600000e-01	2.816226e-04	2.816226e-04	2.816226e-04
-3.600000e-01	-3.300000e-01	6.753723e-05	6.753723e-05	6.753723e-05
-3.300000e-01	-3.000000e-01	1.241362e-05	1.241362e-05	1.241362e-05
-3.000000e-01	-2.700000e-01	1.062315e-03	7.757057e-04	7.757057e-04
-2.700000e-01	-2.400000e-01	0.000000e+00	0.000000e+00	0.000000e+00
-2.400000e-01	-2.100000e-01	0.000000e+00	0.000000e+00	0.000000e+00
-2.100000e-01	-1.800000e-01	0.000000e+00	0.000000e+00	0.000000e+00
-1.800000e-01	-1.500000e-01	0.000000e+00	0.000000e+00	0.000000e+00
-1.500000e-01	-1.200000e-01	0.000000e+00	0.000000e+00	0.000000e+00
-1.200000e-01	-9.000000e-02	0.000000e+00	0.000000e+00	0.000000e+00
-9.000000e-02	-6.000000e-02	0.000000e+00	0.000000e+00	0.000000e+00
-6.000000e-02	-3.000000e-02	0.000000e+00	0.000000e+00	0.000000e+00
-3.000000e-02	0.000000e+00	0.000000e+00	0.000000e+00	0.000000e+00
# END HISTO1D

# BEGIN HISTO1D //afs/cern.ch/user/d/dkar/lh2015-qg/Vincia-2001/lhc/hadron/dijet_nobias.yoda/MC_LHQG_dijet/log_GA_10_20_Q400_R4
LineColor=blue
LineStyle=solid
Path=//afs/cern.ch/user/d/dkar/lh2015-qg/Vincia-2001/lhc/hadron/dijet_nobias.yoda/MC_LHQG_dijet/log_GA_10_20_Q400_R4
ScaledBy=0.055555555555555552
Title=dijet_nobias
XLabel=
YLabel=
# xlow	 xhigh	 val	 errminus	 errplus
-1.500000e+01	-1.497000e+01	0.000000e+00	0.000000e+00	0.000000e+00
-1.497000e+01	-1.494000e+01	0.000000e+00	0.000000e+00	0.000000e+00
-1.494000e+01	-1.491000e+01	0.000000e+00	0.000000e+00	0.000000e+00
-1.491000e+01	-1.488000e+01	0.000000e+00	0.000000e+00	0.000000e+00
-1.488000e+01	-1.485000e+01	0.000000e+00	0.000000e+00	0.000000e+00
-1.485000e+01	-1.482000e+01	0.000000e+00	0.000000e+00	0.000000e+00
-1.482000e+01	-1.479000e+01	0.000000e+00	0.000000e+00	0.000000e+00
-1.479000e+01	-1.476000e+01	0.000000e+00	0.000000e+00	0.000000e+00
-1.476000e+01	-1.473000e+01	0.000000e+00	0.000000e+00	0.000000e+00
-1.473000e+01	-1.470000e+01	0.000000e+00	0.000000e+00	0.000000e+00
-1.470000e+01	-1.467000e+01	0.000000e+00	0.000000e+00	0.000000e+00
-1.467000e+01	-1.464000e+01	0.000000e+00	0.000000e+00	0.000000e+00
-1.464000e+01	-1.461000e+01	0.000000e+00	0.000000e+00	0.000000e+00
-1.461000e+01	-1.458000e+01	0.000000e+00	0.000000e+00	0.000000e+00
-1.458000e+01	-1.455000e+01	0.000000e+00	0.000000e+00	0.000000e+00
-1.455000e+01	-1.452000e+01	0.000000e+00	0.000000e+00	0.000000e+00
-1.452000e+01	-1.449000e+01	0.000000e+00	0.000000e+00	0.000000e+00
-1.449000e+01	-1.446000e+01	0.000000e+00	0.000000e+00	0.000000e+00
-1.446000e+01	-1.443000e+01	0.000000e+00	0.000000e+00	0.000000e+00
-1.443000e+01	-1.440000e+01	0.000000e+00	0.000000e+00	0.000000e+00
-1.440000e+01	-1.437000e+01	0.000000e+00	0.000000e+00	0.000000e+00
-1.437000e+01	-1.434000e+01	0.000000e+00	0.000000e+00	0.000000e+00
-1.434000e+01	-1.431000e+01	0.000000e+00	0.000000e+00	0.000000e+00
-1.431000e+01	-1.428000e+01	0.000000e+00	0.000000e+00	0.000000e+00
-1.428000e+01	-1.425000e+01	0.000000e+00	0.000000e+00	0.000000e+00
-1.425000e+01	-1.422000e+01	0.000000e+00	0.000000e+00	0.000000e+00
-1.422000e+01	-1.419000e+01	0.000000e+00	0.000000e+00	0.000000e+00
-1.419000e+01	-1.416000e+01	0.000000e+00	0.000000e+00	0.000000e+00
-1.416000e+01	-1.413000e+01	0.000000e+00	0.000000e+00	0.000000e+00
-1.413000e+01	-1.410000e+01	0.000000e+00	0.000000e+00	0.000000e+00
-1.410000e+01	-1.407000e+01	0.000000e+00	0.000000e+00	0.000000e+00
-1.407000e+01	-1.404000e+01	0.000000e+00	0.000000e+00	0.000000e+00
-1.404000e+01	-1.401000e+01	0.000000e+00	0.000000e+00	0.000000e+00
-1.401000e+01	-1.398000e+01	0.000000e+00	0.000000e+00	0.000000e+00
-1.398000e+01	-1.395000e+01	0.000000e+00	0.000000e+00	0.000000e+00
-1.395000e+01	-1.392000e+01	0.000000e+00	0.000000e+00	0.000000e+00
-1.392000e+01	-1.389000e+01	0.000000e+00	0.000000e+00	0.000000e+00
-1.389000e+01	-1.386000e+01	0.000000e+00	0.000000e+00	0.000000e+00
-1.386000e+01	-1.383000e+01	0.000000e+00	0.000000e+00	0.000000e+00
-1.383000e+01	-1.380000e+01	0.000000e+00	0.000000e+00	0.000000e+00
-1.380000e+01	-1.377000e+01	0.000000e+00	0.000000e+00	0.000000e+00
-1.377000e+01	-1.374000e+01	0.000000e+00	0.000000e+00	0.000000e+00
-1.374000e+01	-1.371000e+01	0.000000e+00	0.000000e+00	0.000000e+00
-1.371000e+01	-1.368000e+01	0.000000e+00	0.000000e+00	0.000000e+00
-1.368000e+01	-1.365000e+01	0.000000e+00	0.000000e+00	0.000000e+00
-1.365000e+01	-1.362000e+01	0.000000e+00	0.000000e+00	0.000000e+00
-1.362000e+01	-1.359000e+01	0.000000e+00	0.000000e+00	0.000000e+00
-1.359000e+01	-1.356000e+01	0.000000e+00	0.000000e+00	0.000000e+00
-1.356000e+01	-1.353000e+01	0.000000e+00	0.000000e+00	0.000000e+00
-1.353000e+01	-1.350000e+01	0.000000e+00	0.000000e+00	0.000000e+00
-1.350000e+01	-1.347000e+01	0.000000e+00	0.000000e+00	0.000000e+00
-1.347000e+01	-1.344000e+01	0.000000e+00	0.000000e+00	0.000000e+00
-1.344000e+01	-1.341000e+01	0.000000e+00	0.000000e+00	0.000000e+00
-1.341000e+01	-1.338000e+01	0.000000e+00	0.000000e+00	0.000000e+00
-1.338000e+01	-1.335000e+01	0.000000e+00	0.000000e+00	0.000000e+00
-1.335000e+01	-1.332000e+01	0.000000e+00	0.000000e+00	0.000000e+00
-1.332000e+01	-1.329000e+01	0.000000e+00	0.000000e+00	0.000000e+00
-1.329000e+01	-1.326000e+01	0.000000e+00	0.000000e+00	0.000000e+00
-1.326000e+01	-1.323000e+01	0.000000e+00	0.000000e+00	0.000000e+00
-1.323000e+01	-1.320000e+01	0.000000e+00	0.000000e+00	0.000000e+00
-1.320000e+01	-1.317000e+01	0.000000e+00	0.000000e+00	0.000000e+00
-1.317000e+01	-1.314000e+01	0.000000e+00	0.000000e+00	0.000000e+00
-1.314000e+01	-1.311000e+01	0.000000e+00	0.000000e+00	0.000000e+00
-1.311000e+01	-1.308000e+01	0.000000e+00	0.000000e+00	0.000000e+00
-1.308000e+01	-1.305000e+01	0.000000e+00	0.000000e+00	0.000000e+00
-1.305000e+01	-1.302000e+01	0.000000e+00	0.000000e+00	0.000000e+00
-1.302000e+01	-1.299000e+01	0.000000e+00	0.000000e+00	0.000000e+00
-1.299000e+01	-1.296000e+01	0.000000e+00	0.000000e+00	0.000000e+00
-1.296000e+01	-1.293000e+01	0.000000e+00	0.000000e+00	0.000000e+00
-1.293000e+01	-1.290000e+01	0.000000e+00	0.000000e+00	0.000000e+00
-1.290000e+01	-1.287000e+01	0.000000e+00	0.000000e+00	0.000000e+00
-1.287000e+01	-1.284000e+01	0.000000e+00	0.000000e+00	0.000000e+00
-1.284000e+01	-1.281000e+01	0.000000e+00	0.000000e+00	0.000000e+00
-1.281000e+01	-1.278000e+01	0.000000e+00	0.000000e+00	0.000000e+00
-1.278000e+01	-1.275000e+01	0.000000e+00	0.000000e+00	0.000000e+00
-1.275000e+01	-1.272000e+01	0.000000e+00	0.000000e+00	0.000000e+00
-1.272000e+01	-1.269000e+01	0.000000e+00	0.000000e+00	0.000000e+00
-1.269000e+01	-1.266000e+01	0.000000e+00	0.000000e+00	0.000000e+00
-1.266000e+01	-1.263000e+01	0.000000e+00	0.000000e+00	0.000000e+00
-1.263000e+01	-1.260000e+01	0.000000e+00	0.000000e+00	0.000000e+00
-1.260000e+01	-1.257000e+01	0.000000e+00	0.000000e+00	0.000000e+00
-1.257000e+01	-1.254000e+01	0.000000e+00	0.000000e+00	0.000000e+00
-1.254000e+01	-1.251000e+01	0.000000e+00	0.000000e+00	0.000000e+00
-1.251000e+01	-1.248000e+01	0.000000e+00	0.000000e+00	0.000000e+00
-1.248000e+01	-1.245000e+01	0.000000e+00	0.000000e+00	0.000000e+00
-1.245000e+01	-1.242000e+01	0.000000e+00	0.000000e+00	0.000000e+00
-1.242000e+01	-1.239000e+01	0.000000e+00	0.000000e+00	0.000000e+00
-1.239000e+01	-1.236000e+01	0.000000e+00	0.000000e+00	0.000000e+00
-1.236000e+01	-1.233000e+01	0.000000e+00	0.000000e+00	0.000000e+00
-1.233000e+01	-1.230000e+01	0.000000e+00	0.000000e+00	0.000000e+00
-1.230000e+01	-1.227000e+01	0.000000e+00	0.000000e+00	0.000000e+00
-1.227000e+01	-1.224000e+01	0.000000e+00	0.000000e+00	0.000000e+00
-1.224000e+01	-1.221000e+01	0.000000e+00	0.000000e+00	0.000000e+00
-1.221000e+01	-1.218000e+01	0.000000e+00	0.000000e+00	0.000000e+00
-1.218000e+01	-1.215000e+01	0.000000e+00	0.000000e+00	0.000000e+00
-1.215000e+01	-1.212000e+01	0.000000e+00	0.000000e+00	0.000000e+00
-1.212000e+01	-1.209000e+01	0.000000e+00	0.000000e+00	0.000000e+00
-1.209000e+01	-1.206000e+01	0.000000e+00	0.000000e+00	0.000000e+00
-1.206000e+01	-1.203000e+01	0.000000e+00	0.000000e+00	0.000000e+00
-1.203000e+01	-1.200000e+01	0.000000e+00	0.000000e+00	0.000000e+00
-1.200000e+01	-1.197000e+01	0.000000e+00	0.000000e+00	0.000000e+00
-1.197000e+01	-1.194000e+01	0.000000e+00	0.000000e+00	0.000000e+00
-1.194000e+01	-1.191000e+01	0.000000e+00	0.000000e+00	0.000000e+00
-1.191000e+01	-1.188000e+01	0.000000e+00	0.000000e+00	0.000000e+00
-1.188000e+01	-1.185000e+01	0.000000e+00	0.000000e+00	0.000000e+00
-1.185000e+01	-1.182000e+01	0.000000e+00	0.000000e+00	0.000000e+00
-1.182000e+01	-1.179000e+01	0.000000e+00	0.000000e+00	0.000000e+00
-1.179000e+01	-1.176000e+01	0.000000e+00	0.000000e+00	0.000000e+00
-1.176000e+01	-1.173000e+01	0.000000e+00	0.000000e+00	0.000000e+00
-1.173000e+01	-1.170000e+01	0.000000e+00	0.000000e+00	0.000000e+00
-1.170000e+01	-1.167000e+01	0.000000e+00	0.000000e+00	0.000000e+00
-1.167000e+01	-1.164000e+01	0.000000e+00	0.000000e+00	0.000000e+00
-1.164000e+01	-1.161000e+01	0.000000e+00	0.000000e+00	0.000000e+00
-1.161000e+01	-1.158000e+01	0.000000e+00	0.000000e+00	0.000000e+00
-1.158000e+01	-1.155000e+01	0.000000e+00	0.000000e+00	0.000000e+00
-1.155000e+01	-1.152000e+01	0.000000e+00	0.000000e+00	0.000000e+00
-1.152000e+01	-1.149000e+01	0.000000e+00	0.000000e+00	0.000000e+00
-1.149000e+01	-1.146000e+01	0.000000e+00	0.000000e+00	0.000000e+00
-1.146000e+01	-1.143000e+01	0.000000e+00	0.000000e+00	0.000000e+00
-1.143000e+01	-1.140000e+01	0.000000e+00	0.000000e+00	0.000000e+00
-1.140000e+01	-1.137000e+01	0.000000e+00	0.000000e+00	0.000000e+00
-1.137000e+01	-1.134000e+01	0.000000e+00	0.000000e+00	0.000000e+00
-1.134000e+01	-1.131000e+01	0.000000e+00	0.000000e+00	0.000000e+00
-1.131000e+01	-1.128000e+01	0.000000e+00	0.000000e+00	0.000000e+00
-1.128000e+01	-1.125000e+01	0.000000e+00	0.000000e+00	0.000000e+00
-1.125000e+01	-1.122000e+01	0.000000e+00	0.000000e+00	0.000000e+00
-1.122000e+01	-1.119000e+01	0.000000e+00	0.000000e+00	0.000000e+00
-1.119000e+01	-1.116000e+01	0.000000e+00	0.000000e+00	0.000000e+00
-1.116000e+01	-1.113000e+01	0.000000e+00	0.000000e+00	0.000000e+00
-1.113000e+01	-1.110000e+01	0.000000e+00	0.000000e+00	0.000000e+00
-1.110000e+01	-1.107000e+01	0.000000e+00	0.000000e+00	0.000000e+00
-1.107000e+01	-1.104000e+01	0.000000e+00	0.000000e+00	0.000000e+00
-1.104000e+01	-1.101000e+01	0.000000e+00	0.000000e+00	0.000000e+00
-1.101000e+01	-1.098000e+01	0.000000e+00	0.000000e+00	0.000000e+00
-1.098000e+01	-1.095000e+01	0.000000e+00	0.000000e+00	0.000000e+00
-1.095000e+01	-1.092000e+01	0.000000e+00	0.000000e+00	0.000000e+00
-1.092000e+01	-1.089000e+01	0.000000e+00	0.000000e+00	0.000000e+00
-1.089000e+01	-1.086000e+01	0.000000e+00	0.000000e+00	0.000000e+00
-1.086000e+01	-1.083000e+01	0.000000e+00	0.000000e+00	0.000000e+00
-1.083000e+01	-1.080000e+01	0.000000e+00	0.000000e+00	0.000000e+00
-1.080000e+01	-1.077000e+01	0.000000e+00	0.000000e+00	0.000000e+00
-1.077000e+01	-1.074000e+01	0.000000e+00	0.000000e+00	0.000000e+00
-1.074000e+01	-1.071000e+01	0.000000e+00	0.000000e+00	0.000000e+00
-1.071000e+01	-1.068000e+01	0.000000e+00	0.000000e+00	0.000000e+00
-1.068000e+01	-1.065000e+01	0.000000e+00	0.000000e+00	0.000000e+00
-1.065000e+01	-1.062000e+01	0.000000e+00	0.000000e+00	0.000000e+00
-1.062000e+01	-1.059000e+01	0.000000e+00	0.000000e+00	0.000000e+00
-1.059000e+01	-1.056000e+01	0.000000e+00	0.000000e+00	0.000000e+00
-1.056000e+01	-1.053000e+01	0.000000e+00	0.000000e+00	0.000000e+00
-1.053000e+01	-1.050000e+01	0.000000e+00	0.000000e+00	0.000000e+00
-1.050000e+01	-1.047000e+01	0.000000e+00	0.000000e+00	0.000000e+00
-1.047000e+01	-1.044000e+01	0.000000e+00	0.000000e+00	0.000000e+00
-1.044000e+01	-1.041000e+01	0.000000e+00	0.000000e+00	0.000000e+00
-1.041000e+01	-1.038000e+01	0.000000e+00	0.000000e+00	0.000000e+00
-1.038000e+01	-1.035000e+01	0.000000e+00	0.000000e+00	0.000000e+00
-1.035000e+01	-1.032000e+01	0.000000e+00	0.000000e+00	0.000000e+00
-1.032000e+01	-1.029000e+01	0.000000e+00	0.000000e+00	0.000000e+00
-1.029000e+01	-1.026000e+01	0.000000e+00	0.000000e+00	0.000000e+00
-1.026000e+01	-1.023000e+01	0.000000e+00	0.000000e+00	0.000000e+00
-1.023000e+01	-1.020000e+01	0.000000e+00	0.000000e+00	0.000000e+00
-1.020000e+01	-1.017000e+01	0.000000e+00	0.000000e+00	0.000000e+00
-1.017000e+01	-1.014000e+01	0.000000e+00	0.000000e+00	0.000000e+00
-1.014000e+01	-1.011000e+01	0.000000e+00	0.000000e+00	0.000000e+00
-1.011000e+01	-1.008000e+01	0.000000e+00	0.000000e+00	0.000000e+00
-1.008000e+01	-1.005000e+01	0.000000e+00	0.000000e+00	0.000000e+00
-1.005000e+01	-1.002000e+01	0.000000e+00	0.000000e+00	0.000000e+00
-1.002000e+01	-9.990000e+00	0.000000e+00	0.000000e+00	0.000000e+00
-9.990000e+00	-9.960000e+00	0.000000e+00	0.000000e+00	0.000000e+00
-9.960000e+00	-9.930000e+00	0.000000e+00	0.000000e+00	0.000000e+00
-9.930000e+00	-9.900000e+00	0.000000e+00	0.000000e+00	0.000000e+00
-9.900000e+00	-9.870000e+00	0.000000e+00	0.000000e+00	0.000000e+00
-9.870000e+00	-9.840000e+00	0.000000e+00	0.000000e+00	0.000000e+00
-9.840000e+00	-9.810000e+00	0.000000e+00	0.000000e+00	0.000000e+00
-9.810000e+00	-9.780000e+00	0.000000e+00	0.000000e+00	0.000000e+00
-9.780000e+00	-9.750000e+00	0.000000e+00	0.000000e+00	0.000000e+00
-9.750000e+00	-9.720000e+00	0.000000e+00	0.000000e+00	0.000000e+00
-9.720000e+00	-9.690000e+00	0.000000e+00	0.000000e+00	0.000000e+00
-9.690000e+00	-9.660000e+00	0.000000e+00	0.000000e+00	0.000000e+00
-9.660000e+00	-9.630000e+00	0.000000e+00	0.000000e+00	0.000000e+00
-9.630000e+00	-9.600000e+00	0.000000e+00	0.000000e+00	0.000000e+00
-9.600000e+00	-9.570000e+00	0.000000e+00	0.000000e+00	0.000000e+00
-9.570000e+00	-9.540000e+00	0.000000e+00	0.000000e+00	0.000000e+00
-9.540000e+00	-9.510000e+00	0.000000e+00	0.000000e+00	0.000000e+00
-9.510000e+00	-9.480000e+00	0.000000e+00	0.000000e+00	0.000000e+00
-9.480000e+00	-9.450000e+00	0.000000e+00	0.000000e+00	0.000000e+00
-9.450000e+00	-9.420000e+00	0.000000e+00	0.000000e+00	0.000000e+00
-9.420000e+00	-9.390000e+00	0.000000e+00	0.000000e+00	0.000000e+00
-9.390000e+00	-9.360000e+00	0.000000e+00	0.000000e+00	0.000000e+00
-9.360000e+00	-9.330000e+00	0.000000e+00	0.000000e+00	0.000000e+00
-9.330000e+00	-9.300000e+00	0.000000e+00	0.000000e+00	0.000000e+00
-9.300000e+00	-9.270000e+00	0.000000e+00	0.000000e+00	0.000000e+00
-9.270000e+00	-9.240000e+00	0.000000e+00	0.000000e+00	0.000000e+00
-9.240000e+00	-9.210000e+00	0.000000e+00	0.000000e+00	0.000000e+00
-9.210000e+00	-9.180000e+00	0.000000e+00	0.000000e+00	0.000000e+00
-9.180000e+00	-9.150000e+00	0.000000e+00	0.000000e+00	0.000000e+00
-9.150000e+00	-9.120000e+00	0.000000e+00	0.000000e+00	0.000000e+00
-9.120000e+00	-9.090000e+00	0.000000e+00	0.000000e+00	0.000000e+00
-9.090000e+00	-9.060000e+00	0.000000e+00	0.000000e+00	0.000000e+00
-9.060000e+00	-9.030000e+00	0.000000e+00	0.000000e+00	0.000000e+00
-9.030000e+00	-9.000000e+00	0.000000e+00	0.000000e+00	0.000000e+00
-9.000000e+00	-8.970000e+00	0.000000e+00	0.000000e+00	0.000000e+00
-8.970000e+00	-8.940000e+00	0.000000e+00	0.000000e+00	0.000000e+00
-8.940000e+00	-8.910000e+00	0.000000e+00	0.000000e+00	0.000000e+00
-8.910000e+00	-8.880000e+00	0.000000e+00	0.000000e+00	0.000000e+00
-8.880000e+00	-8.850000e+00	0.000000e+00	0.000000e+00	0.000000e+00
-8.850000e+00	-8.820000e+00	0.000000e+00	0.000000e+00	0.000000e+00
-8.820000e+00	-8.790000e+00	0.000000e+00	0.000000e+00	0.000000e+00
-8.790000e+00	-8.760000e+00	0.000000e+00	0.000000e+00	0.000000e+00
-8.760000e+00	-8.730000e+00	0.000000e+00	0.000000e+00	0.000000e+00
-8.730000e+00	-8.700000e+00	0.000000e+00	0.000000e+00	0.000000e+00
-8.700000e+00	-8.670000e+00	0.000000e+00	0.000000e+00	0.000000e+00
-8.670000e+00	-8.640000e+00	0.000000e+00	0.000000e+00	0.000000e+00
-8.640000e+00	-8.610000e+00	0.000000e+00	0.000000e+00	0.000000e+00
-8.610000e+00	-8.580000e+00	0.000000e+00	0.000000e+00	0.000000e+00
-8.580000e+00	-8.550000e+00	0.000000e+00	0.000000e+00	0.000000e+00
-8.550000e+00	-8.520000e+00	0.000000e+00	0.000000e+00	0.000000e+00
-8.520000e+00	-8.490000e+00	0.000000e+00	0.000000e+00	0.000000e+00
-8.490000e+00	-8.460000e+00	0.000000e+00	0.000000e+00	0.000000e+00
-8.460000e+00	-8.430000e+00	0.000000e+00	0.000000e+00	0.000000e+00
-8.430000e+00	-8.400000e+00	0.000000e+00	0.000000e+00	0.000000e+00
-8.400000e+00	-8.370000e+00	0.000000e+00	0.000000e+00	0.000000e+00
-8.370000e+00	-8.340000e+00	0.000000e+00	0.000000e+00	0.000000e+00
-8.340000e+00	-8.310000e+00	0.000000e+00	0.000000e+00	0.000000e+00
-8.310000e+00	-8.280000e+00	0.000000e+00	0.000000e+00	0.000000e+00
-8.280000e+00	-8.250000e+00	0.000000e+00	0.000000e+00	0.000000e+00
-8.250000e+00	-8.220000e+00	0.000000e+00	0.000000e+00	0.000000e+00
-8.220000e+00	-8.190000e+00	0.000000e+00	0.000000e+00	0.000000e+00
-8.190000e+00	-8.160000e+00	0.000000e+00	0.000000e+00	0.000000e+00
-8.160000e+00	-8.130000e+00	0.000000e+00	0.000000e+00	0.000000e+00
-8.130000e+00	-8.100000e+00	0.000000e+00	0.000000e+00	0.000000e+00
-8.100000e+00	-8.070000e+00	0.000000e+00	0.000000e+00	0.000000e+00
-8.070000e+00	-8.040000e+00	0.000000e+00	0.000000e+00	0.000000e+00
-8.040000e+00	-8.010000e+00	0.000000e+00	0.000000e+00	0.000000e+00
-8.010000e+00	-7.980000e+00	0.000000e+00	0.000000e+00	0.000000e+00
-7.980000e+00	-7.950000e+00	0.000000e+00	0.000000e+00	0.000000e+00
-7.950000e+00	-7.920000e+00	0.000000e+00	0.000000e+00	0.000000e+00
-7.920000e+00	-7.890000e+00	0.000000e+00	0.000000e+00	0.000000e+00
-7.890000e+00	-7.860000e+00	0.000000e+00	0.000000e+00	0.000000e+00
-7.860000e+00	-7.830000e+00	0.000000e+00	0.000000e+00	0.000000e+00
-7.830000e+00	-7.800000e+00	0.000000e+00	0.000000e+00	0.000000e+00
-7.800000e+00	-7.770000e+00	0.000000e+00	0.000000e+00	0.000000e+00
-7.770000e+00	-7.740000e+00	0.000000e+00	0.000000e+00	0.000000e+00
-7.740000e+00	-7.710000e+00	0.000000e+00	0.000000e+00	0.000000e+00
-7.710000e+00	-7.680000e+00	0.000000e+00	0.000000e+00	0.000000e+00
-7.680000e+00	-7.650000e+00	0.000000e+00	0.000000e+00	0.000000e+00
-7.650000e+00	-7.620000e+00	0.000000e+00	0.000000e+00	0.000000e+00
-7.620000e+00	-7.590000e+00	0.000000e+00	0.000000e+00	0.000000e+00
-7.590000e+00	-7.560000e+00	0.000000e+00	0.000000e+00	0.000000e+00
-7.560000e+00	-7.530000e+00	0.000000e+00	0.000000e+00	0.000000e+00
-7.530000e+00	-7.500000e+00	0.000000e+00	0.000000e+00	0.000000e+00
-7.500000e+00	-7.470000e+00	0.000000e+00	0.000000e+00	0.000000e+00
-7.470000e+00	-7.440000e+00	0.000000e+00	0.000000e+00	0.000000e+00
-7.440000e+00	-7.410000e+00	0.000000e+00	0.000000e+00	0.000000e+00
-7.410000e+00	-7.380000e+00	0.000000e+00	0.000000e+00	0.000000e+00
-7.380000e+00	-7.350000e+00	0.000000e+00	0.000000e+00	0.000000e+00
-7.350000e+00	-7.320000e+00	0.000000e+00	0.000000e+00	0.000000e+00
-7.320000e+00	-7.290000e+00	0.000000e+00	0.000000e+00	0.000000e+00
-7.290000e+00	-7.260000e+00	0.000000e+00	0.000000e+00	0.000000e+00
-7.260000e+00	-7.230000e+00	0.000000e+00	0.000000e+00	0.000000e+00
-7.230000e+00	-7.200000e+00	0.000000e+00	0.000000e+00	0.000000e+00
-7.200000e+00	-7.170000e+00	0.000000e+00	0.000000e+00	0.000000e+00
-7.170000e+00	-7.140000e+00	0.000000e+00	0.000000e+00	0.000000e+00
-7.140000e+00	-7.110000e+00	0.000000e+00	0.000000e+00	0.000000e+00
-7.110000e+00	-7.080000e+00	0.000000e+00	0.000000e+00	0.000000e+00
-7.080000e+00	-7.050000e+00	0.000000e+00	0.000000e+00	0.000000e+00
-7.050000e+00	-7.020000e+00	0.000000e+00	0.000000e+00	0.000000e+00
-7.020000e+00	-6.990000e+00	0.000000e+00	0.000000e+00	0.000000e+00
-6.990000e+00	-6.960000e+00	0.000000e+00	0.000000e+00	0.000000e+00
-6.960000e+00	-6.930000e+00	0.000000e+00	0.000000e+00	0.000000e+00
-6.930000e+00	-6.900000e+00	0.000000e+00	0.000000e+00	0.000000e+00
-6.900000e+00	-6.870000e+00	0.000000e+00	0.000000e+00	0.000000e+00
-6.870000e+00	-6.840000e+00	0.000000e+00	0.000000e+00	0.000000e+00
-6.840000e+00	-6.810000e+00	0.000000e+00	0.000000e+00	0.000000e+00
-6.810000e+00	-6.780000e+00	0.000000e+00	0.000000e+00	0.000000e+00
-6.780000e+00	-6.750000e+00	0.000000e+00	0.000000e+00	0.000000e+00
-6.750000e+00	-6.720000e+00	0.000000e+00	0.000000e+00	0.000000e+00
-6.720000e+00	-6.690000e+00	0.000000e+00	0.000000e+00	0.000000e+00
-6.690000e+00	-6.660000e+00	0.000000e+00	0.000000e+00	0.000000e+00
-6.660000e+00	-6.630000e+00	0.000000e+00	0.000000e+00	0.000000e+00
-6.630000e+00	-6.600000e+00	0.000000e+00	0.000000e+00	0.000000e+00
-6.600000e+00	-6.570000e+00	0.000000e+00	0.000000e+00	0.000000e+00
-6.570000e+00	-6.540000e+00	0.000000e+00	0.000000e+00	0.000000e+00
-6.540000e+00	-6.510000e+00	0.000000e+00	0.000000e+00	0.000000e+00
-6.510000e+00	-6.480000e+00	0.000000e+00	0.000000e+00	0.000000e+00
-6.480000e+00	-6.450000e+00	0.000000e+00	0.000000e+00	0.000000e+00
-6.450000e+00	-6.420000e+00	0.000000e+00	0.000000e+00	0.000000e+00
-6.420000e+00	-6.390000e+00	0.000000e+00	0.000000e+00	0.000000e+00
-6.390000e+00	-6.360000e+00	0.000000e+00	0.000000e+00	0.000000e+00
-6.360000e+00	-6.330000e+00	0.000000e+00	0.000000e+00	0.000000e+00
-6.330000e+00	-6.300000e+00	0.000000e+00	0.000000e+00	0.000000e+00
-6.300000e+00	-6.270000e+00	0.000000e+00	0.000000e+00	0.000000e+00
-6.270000e+00	-6.240000e+00	1.851852e+00	1.851852e+00	1.851852e+00
-6.240000e+00	-6.210000e+00	0.000000e+00	0.000000e+00	0.000000e+00
-6.210000e+00	-6.180000e+00	0.000000e+00	0.000000e+00	0.000000e+00
-6.180000e+00	-6.150000e+00	0.000000e+00	0.000000e+00	0.000000e+00
-6.150000e+00	-6.120000e+00	0.000000e+00	0.000000e+00	0.000000e+00
-6.120000e+00	-6.090000e+00	0.000000e+00	0.000000e+00	0.000000e+00
-6.090000e+00	-6.060000e+00	0.000000e+00	0.000000e+00	0.000000e+00
-6.060000e+00	-6.030000e+00	0.000000e+00	0.000000e+00	0.000000e+00
-6.030000e+00	-6.000000e+00	0.000000e+00	0.000000e+00	0.000000e+00
-6.000000e+00	-5.970000e+00	0.000000e+00	0.000000e+00	0.000000e+00
-5.970000e+00	-5.940000e+00	0.000000e+00	0.000000e+00	0.000000e+00
-5.940000e+00	-5.910000e+00	0.000000e+00	0.000000e+00	0.000000e+00
-5.910000e+00	-5.880000e+00	0.000000e+00	0.000000e+00	0.000000e+00
-5.880000e+00	-5.850000e+00	0.000000e+00	0.000000e+00	0.000000e+00
-5.850000e+00	-5.820000e+00	0.000000e+00	0.000000e+00	0.000000e+00
-5.820000e+00	-5.790000e+00	0.000000e+00	0.000000e+00	0.000000e+00
-5.790000e+00	-5.760000e+00	0.000000e+00	0.000000e+00	0.000000e+00
-5.760000e+00	-5.730000e+00	0.000000e+00	0.000000e+00	0.000000e+00
-5.730000e+00	-5.700000e+00	1.851852e+00	1.851852e+00	1.851852e+00
-5.700000e+00	-5.670000e+00	0.000000e+00	0.000000e+00	0.000000e+00
-5.670000e+00	-5.640000e+00	0.000000e+00	0.000000e+00	0.000000e+00
-5.640000e+00	-5.610000e+00	0.000000e+00	0.000000e+00	0.000000e+00
-5.610000e+00	-5.580000e+00	0.000000e+00	0.000000e+00	0.000000e+00
-5.580000e+00	-5.550000e+00	0.000000e+00	0.000000e+00	0.000000e+00
-5.550000e+00	-5.520000e+00	0.000000e+00	0.000000e+00	0.000000e+00
-5.520000e+00	-5.490000e+00	0.000000e+00	0.000000e+00	0.000000e+00
-5.490000e+00	-5.460000e+00	0.000000e+00	0.000000e+00	0.000000e+00
-5.460000e+00	-5.430000e+00	0.000000e+00	0.000000e+00	0.000000e+00
-5.430000e+00	-5.400000e+00	3.703703e+00	2.618914e+00	2.618914e+00
-5.400000e+00	-5.370000e+00	0.000000e+00	0.000000e+00	0.000000e+00
-5.370000e+00	-5.340000e+00	0.000000e+00	0.000000e+00	0.000000e+00
-5.340000e+00	-5.310000e+00	1.851852e+00	1.851852e+00	1.851852e+00
-5.310000e+00	-5.280000e+00	0.000000e+00	0.000000e+00	0.000000e+00
-5.280000e+00	-5.250000e+00	0.000000e+00	0.000000e+00	0.000000e+00
-5.250000e+00	-5.220000e+00	0.000000e+00	0.000000e+00	0.000000e+00
-5.220000e+00	-5.190000e+00	0.000000e+00	0.000000e+00	0.000000e+00
-5.190000e+00	-5.160000e+00	0.000000e+00	0.000000e+00	0.000000e+00
-5.160000e+00	-5.130000e+00	0.000000e+00	0.000000e+00	0.000000e+00
-5.130000e+00	-5.100000e+00	0.000000e+00	0.000000e+00	0.000000e+00
-5.100000e+00	-5.070000e+00	0.000000e+00	0.000000e+00	0.000000e+00
-5.070000e+00	-5.040000e+00	0.000000e+00	0.000000e+00	0.000000e+00
-5.040000e+00	-5.010000e+00	0.000000e+00	0.000000e+00	0.000000e+00
-5.010000e+00	-4.980000e+00	0.000000e+00	0.000000e+00	0.000000e+00
-4.980000e+00	-4.950000e+00	0.000000e+00	0.000000e+00	0.000000e+00
-4.950000e+00	-4.920000e+00	0.000000e+00	0.000000e+00	0.000000e+00
-4.920000e+00	-4.890000e+00	0.000000e+00	0.000000e+00	0.000000e+00
-4.890000e+00	-4.860000e+00	0.000000e+00	0.000000e+00	0.000000e+00
-4.860000e+00	-4.830000e+00	0.000000e+00	0.000000e+00	0.000000e+00
-4.830000e+00	-4.800000e+00	0.000000e+00	0.000000e+00	0.000000e+00
-4.800000e+00	-4.770000e+00	0.000000e+00	0.000000e+00	0.000000e+00
-4.770000e+00	-4.740000e+00	0.000000e+00	0.000000e+00	0.000000e+00
-4.740000e+00	-4.710000e+00	0.000000e+00	0.000000e+00	0.000000e+00
-4.710000e+00	-4.680000e+00	0.000000e+00	0.000000e+00	0.000000e+00
-4.680000e+00	-4.650000e+00	0.000000e+00	0.000000e+00	0.000000e+00
-4.650000e+00	-4.620000e+00	0.000000e+00	0.000000e+00	0.000000e+00
-4.620000e+00	-4.590000e+00	0.000000e+00	0.000000e+00	0.000000e+00
-4.590000e+00	-4.560000e+00	1.851852e+00	1.851852e+00	1.851852e+00
-4.560000e+00	-4.530000e+00	0.000000e+00	0.000000e+00	0.000000e+00
-4.530000e+00	-4.500000e+00	0.000000e+00	0.000000e+00	0.000000e+00
-4.500000e+00	-4.470000e+00	0.000000e+00	0.000000e+00	0.000000e+00
-4.470000e+00	-4.440000e+00	0.000000e+00	0.000000e+00	0.000000e+00
-4.440000e+00	-4.410000e+00	0.000000e+00	0.000000e+00	0.000000e+00
-4.410000e+00	-4.380000e+00	0.000000e+00	0.000000e+00	0.000000e+00
-4.380000e+00	-4.350000e+00	0.000000e+00	0.000000e+00	0.000000e+00
-4.350000e+00	-4.320000e+00	0.000000e+00	0.000000e+00	0.000000e+00
-4.320000e+00	-4.290000e+00	1.851852e+00	1.851852e+00	1.851852e+00
-4.290000e+00	-4.260000e+00	0.000000e+00	0.000000e+00	0.000000e+00
-4.260000e+00	-4.230000e+00	0.000000e+00	0.000000e+00	0.000000e+00
-4.230000e+00	-4.200000e+00	0.000000e+00	0.000000e+00	0.000000e+00
-4.200000e+00	-4.170000e+00	0.000000e+00	0.000000e+00	0.000000e+00
-4.170000e+00	-4.140000e+00	0.000000e+00	0.000000e+00	0.000000e+00
-4.140000e+00	-4.110000e+00	0.000000e+00	0.000000e+00	0.000000e+00
-4.110000e+00	-4.080000e+00	0.000000e+00	0.000000e+00	0.000000e+00
-4.080000e+00	-4.050000e+00	0.000000e+00	0.000000e+00	0.000000e+00
-4.050000e+00	-4.020000e+00	1.851852e+00	1.851852e+00	1.851852e+00
-4.020000e+00	-3.990000e+00	1.851852e+00	1.851852e+00	1.851852e+00
-3.990000e+00	-3.960000e+00	0.000000e+00	0.000000e+00	0.000000e+00
-3.960000e+00	-3.930000e+00	0.000000e+00	0.000000e+00	0.000000e+00
-3.930000e+00	-3.900000e+00	0.000000e+00	0.000000e+00	0.000000e+00
-3.900000e+00	-3.870000e+00	0.000000e+00	0.000000e+00	0.000000e+00
-3.870000e+00	-3.840000e+00	0.000000e+00	0.000000e+00	0.000000e+00
-3.840000e+00	-3.810000e+00	0.000000e+00	0.000000e+00	0.000000e+00
-3.810000e+00	-3.780000e+00	0.000000e+00	0.000000e+00	0.000000e+00
-3.780000e+00	-3.750000e+00	1.851852e+00	1.851852e+00	1.851852e+00
-3.750000e+00	-3.720000e+00	0.000000e+00	0.000000e+00	0.000000e+00
-3.720000e+00	-3.690000e+00	0.000000e+00	0.000000e+00	0.000000e+00
-3.690000e+00	-3.660000e+00	0.000000e+00	0.000000e+00	0.000000e+00
-3.660000e+00	-3.630000e+00	0.000000e+00	0.000000e+00	0.000000e+00
-3.630000e+00	-3.600000e+00	0.000000e+00	0.000000e+00	0.000000e+00
-3.600000e+00	-3.570000e+00	0.000000e+00	0.000000e+00	0.000000e+00
-3.570000e+00	-3.540000e+00	0.000000e+00	0.000000e+00	0.000000e+00
-3.540000e+00	-3.510000e+00	1.851852e+00	1.851852e+00	1.851852e+00
-3.510000e+00	-3.480000e+00	0.000000e+00	0.000000e+00	0.000000e+00
-3.480000e+00	-3.450000e+00	0.000000e+00	0.000000e+00	0.000000e+00
-3.450000e+00	-3.420000e+00	0.000000e+00	0.000000e+00	0.000000e+00
-3.420000e+00	-3.390000e+00	0.000000e+00	0.000000e+00	0.000000e+00
-3.390000e+00	-3.360000e+00	0.000000e+00	0.000000e+00	0.000000e+00
-3.360000e+00	-3.330000e+00	0.000000e+00	0.000000e+00	0.000000e+00
-3.330000e+00	-3.300000e+00	0.000000e+00	0.000000e+00	0.000000e+00
-3.300000e+00	-3.270000e+00	0.000000e+00	0.000000e+00	0.000000e+00
-3.270000e+00	-3.240000e+00	0.000000e+00	0.000000e+00	0.000000e+00
-3.240000e+00	-3.210000e+00	0.000000e+00	0.000000e+00	0.000000e+00
-3.210000e+00	-3.180000e+00	0.000000e+00	0.000000e+00	0.000000e+00
-3.180000e+00	-3.150000e+00	0.000000e+00	0.000000e+00	0.000000e+00
-3.150000e+00	-3.120000e+00	0.000000e+00	0.000000e+00	0.000000e+00
-3.120000e+00	-3.090000e+00	1.851852e+00	1.851852e+00	1.851852e+00
-3.090000e+00	-3.060000e+00	0.000000e+00	0.000000e+00	0.000000e+00
-3.060000e+00	-3.030000e+00	0.000000e+00	0.000000e+00	0.000000e+00
-3.030000e+00	-3.000000e+00	0.000000e+00	0.000000e+00	0.000000e+00
-3.000000e+00	-2.970000e+00	0.000000e+00	0.000000e+00	0.000000e+00
-2.970000e+00	-2.940000e+00	1.851852e+00	1.851852e+00	1.851852e+00
-2.940000e+00	-2.910000e+00	0.000000e+00	0.000000e+00	0.000000e+00
-2.910000e+00	-2.880000e+00	0.000000e+00	0.000000e+00	0.000000e+00
-2.880000e+00	-2.850000e+00	1.851852e+00	1.851852e+00	1.851852e+00
-2.850000e+00	-2.820000e+00	0.000000e+00	0.000000e+00	0.000000e+00
-2.820000e+00	-2.790000e+00	0.000000e+00	0.000000e+00	0.000000e+00
-2.790000e+00	-2.760000e+00	0.000000e+00	0.000000e+00	0.000000e+00
-2.760000e+00	-2.730000e+00	0.000000e+00	0.000000e+00	0.000000e+00
-2.730000e+00	-2.700000e+00	0.000000e+00	0.000000e+00	0.000000e+00
-2.700000e+00	-2.670000e+00	0.000000e+00	0.000000e+00	0.000000e+00
-2.670000e+00	-2.640000e+00	0.000000e+00	0.000000e+00	0.000000e+00
-2.640000e+00	-2.610000e+00	0.000000e+00	0.000000e+00	0.000000e+00
-2.610000e+00	-2.580000e+00	0.000000e+00	0.000000e+00	0.000000e+00
-2.580000e+00	-2.550000e+00	0.000000e+00	0.000000e+00	0.000000e+00
-2.550000e+00	-2.520000e+00	0.000000e+00	0.000000e+00	0.000000e+00
-2.520000e+00	-2.490000e+00	0.000000e+00	0.000000e+00	0.000000e+00
-2.490000e+00	-2.460000e+00	0.000000e+00	0.000000e+00	0.000000e+00
-2.460000e+00	-2.430000e+00	0.000000e+00	0.000000e+00	0.000000e+00
-2.430000e+00	-2.400000e+00	0.000000e+00	0.000000e+00	0.000000e+00
-2.400000e+00	-2.370000e+00	0.000000e+00	0.000000e+00	0.000000e+00
-2.370000e+00	-2.340000e+00	0.000000e+00	0.000000e+00	0.000000e+00
-2.340000e+00	-2.310000e+00	0.000000e+00	0.000000e+00	0.000000e+00
-2.310000e+00	-2.280000e+00	0.000000e+00	0.000000e+00	0.000000e+00
-2.280000e+00	-2.250000e+00	0.000000e+00	0.000000e+00	0.000000e+00
-2.250000e+00	-2.220000e+00	0.000000e+00	0.000000e+00	0.000000e+00
-2.220000e+00	-2.190000e+00	1.851852e+00	1.851852e+00	1.851852e+00
-2.190000e+00	-2.160000e+00	0.000000e+00	0.000000e+00	0.000000e+00
-2.160000e+00	-2.130000e+00	0.000000e+00	0.000000e+00	0.000000e+00
-2.130000e+00	-2.100000e+00	0.000000e+00	0.000000e+00	0.000000e+00
-2.100000e+00	-2.070000e+00	0.000000e+00	0.000000e+00	0.000000e+00
-2.070000e+00	-2.040000e+00	3.703703e+00	2.618914e+00	2.618914e+00
-2.040000e+00	-2.010000e+00	0.000000e+00	0.000000e+00	0.000000e+00
-2.010000e+00	-1.980000e+00	0.000000e+00	0.000000e+00	0.000000e+00
-1.980000e+00	-1.950000e+00	0.000000e+00	0.000000e+00	0.000000e+00
-1.950000e+00	-1.920000e+00	0.000000e+00	0.000000e+00	0.000000e+00
-1.920000e+00	-1.890000e+00	0.000000e+00	0.000000e+00	0.000000e+00
-1.890000e+00	-1.860000e+00	0.000000e+00	0.000000e+00	0.000000e+00
-1.860000e+00	-1.830000e+00	0.000000e+00	0.000000e+00	0.000000e+00
-1.830000e+00	-1.800000e+00	0.000000e+00	0.000000e+00	0.000000e+00
-1.800000e+00	-1.770000e+00	0.000000e+00	0.000000e+00	0.000000e+00
-1.770000e+00	-1.740000e+00	0.000000e+00	0.000000e+00	0.000000e+00
-1.740000e+00	-1.710000e+00	0.000000e+00	0.000000e+00	0.000000e+00
-1.710000e+00	-1.680000e+00	0.000000e+00	0.000000e+00	0.000000e+00
-1.680000e+00	-1.650000e+00	0.000000e+00	0.000000e+00	0.000000e+00
-1.650000e+00	-1.620000e+00	0.000000e+00	0.000000e+00	0.000000e+00
-1.620000e+00	-1.590000e+00	0.000000e+00	0.000000e+00	0.000000e+00
-1.590000e+00	-1.560000e+00	0.000000e+00	0.000000e+00	0.000000e+00
-1.560000e+00	-1.530000e+00	0.000000e+00	0.000000e+00	0.000000e+00
-1.530000e+00	-1.500000e+00	0.000000e+00	0.000000e+00	0.000000e+00
-1.500000e+00	-1.470000e+00	0.000000e+00	0.000000e+00	0.000000e+00
-1.470000e+00	-1.440000e+00	0.000000e+00	0.000000e+00	0.000000e+00
-1.440000e+00	-1.410000e+00	0.000000e+00	0.000000e+00	0.000000e+00
-1.410000e+00	-1.380000e+00	0.000000e+00	0.000000e+00	0.000000e+00
-1.380000e+00	-1.350000e+00	0.000000e+00	0.000000e+00	0.000000e+00
-1.350000e+00	-1.320000e+00	0.000000e+00	0.000000e+00	0.000000e+00
-1.320000e+00	-1.290000e+00	0.000000e+00	0.000000e+00	0.000000e+00
-1.290000e+00	-1.260000e+00	0.000000e+00	0.000000e+00	0.000000e+00
-1.260000e+00	-1.230000e+00	0.000000e+00	0.000000e+00	0.000000e+00
-1.230000e+00	-1.200000e+00	0.000000e+00	0.000000e+00	0.000000e+00
-1.200000e+00	-1.170000e+00	0.000000e+00	0.000000e+00	0.000000e+00
-1.170000e+00	-1.140000e+00	0.000000e+00	0.000000e+00	0.000000e+00
-1.140000e+00	-1.110000e+00	0.000000e+00	0.000000e+00	0.000000e+00
-1.110000e+00	-1.080000e+00	0.000000e+00	0.000000e+00	0.000000e+00
-1.080000e+00	-1.050000e+00	1.851852e+00	1.851852e+00	1.851852e+00
-1.050000e+00	-1.020000e+00	0.000000e+00	0.000000e+00	0.000000e+00
-1.020000e+00	-9.900000e-01	0.000000e+00	0.000000e+00	0.000000e+00
-9.900000e-01	-9.600000e-01	0.000000e+00	0.000000e+00	0.000000e+00
-9.600000e-01	-9.300000e-01	0.000000e+00	0.000000e+00	0.000000e+00
-9.300000e-01	-9.000000e-01	0.000000e+00	0.000000e+00	0.000000e+00
-9.000000e-01	-8.700000e-01	0.000000e+00	0.000000e+00	0.000000e+00
-8.700000e-01	-8.400000e-01	0.000000e+00	0.000000e+00	0.000000e+00
-8.400000e-01	-8.100000e-01	0.000000e+00	0.000000e+00	0.000000e+00
-8.100000e-01	-7.800000e-01	0.000000e+00	0.000000e+00	0.000000e+00
-7.800000e-01	-7.500000e-01	0.000000e+00	0.000000e+00	0.000000e+00
-7.500000e-01	-7.200000e-01	0.000000e+00	0.000000e+00	0.000000e+00
-7.200000e-01	-6.900000e-01	0.000000e+00	0.000000e+00	0.000000e+00
-6.900000e-01	-6.600000e-01	0.000000e+00	0.000000e+00	0.000000e+00
-6.600000e-01	-6.300000e-01	0.000000e+00	0.000000e+00	0.000000e+00
-6.300000e-01	-6.000000e-01	0.000000e+00	0.000000e+00	0.000000e+00
-6.000000e-01	-5.700000e-01	0.000000e+00	0.000000e+00	0.000000e+00
-5.700000e-01	-5.400000e-01	0.000000e+00	0.000000e+00	0.000000e+00
-5.400000e-01	-5.100000e-01	0.000000e+00	0.000000e+00	0.000000e+00
-5.100000e-01	-4.800000e-01	0.000000e+00	0.000000e+00	0.000000e+00
-4.800000e-01	-4.500000e-01	0.000000e+00	0.000000e+00	0.000000e+00
-4.500000e-01	-4.200000e-01	0.000000e+00	0.000000e+00	0.000000e+00
-4.200000e-01	-3.900000e-01	0.000000e+00	0.000000e+00	0.000000e+00
-3.900000e-01	-3.600000e-01	0.000000e+00	0.000000e+00	0.000000e+00
-3.600000e-01	-3.300000e-01	0.000000e+00	0.000000e+00	0.000000e+00
-3.300000e-01	-3.000000e-01	0.000000e+00	0.000000e+00	0.000000e+00
-3.000000e-01	-2.700000e-01	0.000000e+00	0.000000e+00	0.000000e+00
-2.700000e-01	-2.400000e-01	0.000000e+00	0.000000e+00	0.000000e+00
-2.400000e-01	-2.100000e-01	0.000000e+00	0.000000e+00	0.000000e+00
-2.100000e-01	-1.800000e-01	0.000000e+00	0.000000e+00	0.000000e+00
-1.800000e-01	-1.500000e-01	0.000000e+00	0.000000e+00	0.000000e+00
-1.500000e-01	-1.200000e-01	0.000000e+00	0.000000e+00	0.000000e+00
-1.200000e-01	-9.000000e-02	0.000000e+00	0.000000e+00	0.000000e+00
-9.000000e-02	-6.000000e-02	0.000000e+00	0.000000e+00	0.000000e+00
-6.000000e-02	-3.000000e-02	0.000000e+00	0.000000e+00	0.000000e+00
-3.000000e-02	0.000000e+00	0.000000e+00	0.000000e+00	0.000000e+00
# END HISTO1D

