# BEGIN PLOT
LegendOnly=//afs/cern.ch/user/d/dkar/lh2015-qg/Vincia-2001/lhc/hadron/dijet.yoda/MC_LHQG_dijet/log_GA_10_20_Q200_R4 //afs/cern.ch/user/d/dkar/lh2015-qg/Vincia-2001/lhc/hadron/dijet_nobias.yoda/MC_LHQG_dijet/log_GA_10_20_Q200_R4
DrawOnly=//afs/cern.ch/user/d/dkar/lh2015-qg/Vincia-2001/lhc/hadron/dijet.yoda/MC_LHQG_dijet/log_GA_10_20_Q200_R4 //afs/cern.ch/user/d/dkar/lh2015-qg/Vincia-2001/lhc/hadron/dijet_nobias.yoda/MC_LHQG_dijet/log_GA_10_20_Q200_R4
RatioPlotReference=//afs/cern.ch/user/d/dkar/lh2015-qg/Vincia-2001/lhc/hadron/dijet.yoda/MC_LHQG_dijet/log_GA_10_20_Q200_R4
RatioPlot=1
LogY=1
RatioPlotYLabel=Ratio
Legend=1
# END PLOT

# BEGIN HISTO1D //afs/cern.ch/user/d/dkar/lh2015-qg/Vincia-2001/lhc/hadron/dijet.yoda/MC_LHQG_dijet/log_GA_10_20_Q200_R4
LineColor=red
LineStyle=solid
Path=//afs/cern.ch/user/d/dkar/lh2015-qg/Vincia-2001/lhc/hadron/dijet.yoda/MC_LHQG_dijet/log_GA_10_20_Q200_R4
ScaledBy=8.204906571731339
Title=dijet
XLabel=
YLabel=
# xlow	 xhigh	 val	 errminus	 errplus
-1.500000e+01	-1.497000e+01	0.000000e+00	0.000000e+00	0.000000e+00
-1.497000e+01	-1.494000e+01	0.000000e+00	0.000000e+00	0.000000e+00
-1.494000e+01	-1.491000e+01	0.000000e+00	0.000000e+00	0.000000e+00
-1.491000e+01	-1.488000e+01	0.000000e+00	0.000000e+00	0.000000e+00
-1.488000e+01	-1.485000e+01	0.000000e+00	0.000000e+00	0.000000e+00
-1.485000e+01	-1.482000e+01	0.000000e+00	0.000000e+00	0.000000e+00
-1.482000e+01	-1.479000e+01	0.000000e+00	0.000000e+00	0.000000e+00
-1.479000e+01	-1.476000e+01	0.000000e+00	0.000000e+00	0.000000e+00
-1.476000e+01	-1.473000e+01	0.000000e+00	0.000000e+00	0.000000e+00
-1.473000e+01	-1.470000e+01	0.000000e+00	0.000000e+00	0.000000e+00
-1.470000e+01	-1.467000e+01	0.000000e+00	0.000000e+00	0.000000e+00
-1.467000e+01	-1.464000e+01	0.000000e+00	0.000000e+00	0.000000e+00
-1.464000e+01	-1.461000e+01	0.000000e+00	0.000000e+00	0.000000e+00
-1.461000e+01	-1.458000e+01	0.000000e+00	0.000000e+00	0.000000e+00
-1.458000e+01	-1.455000e+01	0.000000e+00	0.000000e+00	0.000000e+00
-1.455000e+01	-1.452000e+01	0.000000e+00	0.000000e+00	0.000000e+00
-1.452000e+01	-1.449000e+01	0.000000e+00	0.000000e+00	0.000000e+00
-1.449000e+01	-1.446000e+01	0.000000e+00	0.000000e+00	0.000000e+00
-1.446000e+01	-1.443000e+01	0.000000e+00	0.000000e+00	0.000000e+00
-1.443000e+01	-1.440000e+01	0.000000e+00	0.000000e+00	0.000000e+00
-1.440000e+01	-1.437000e+01	0.000000e+00	0.000000e+00	0.000000e+00
-1.437000e+01	-1.434000e+01	0.000000e+00	0.000000e+00	0.000000e+00
-1.434000e+01	-1.431000e+01	0.000000e+00	0.000000e+00	0.000000e+00
-1.431000e+01	-1.428000e+01	0.000000e+00	0.000000e+00	0.000000e+00
-1.428000e+01	-1.425000e+01	0.000000e+00	0.000000e+00	0.000000e+00
-1.425000e+01	-1.422000e+01	0.000000e+00	0.000000e+00	0.000000e+00
-1.422000e+01	-1.419000e+01	0.000000e+00	0.000000e+00	0.000000e+00
-1.419000e+01	-1.416000e+01	0.000000e+00	0.000000e+00	0.000000e+00
-1.416000e+01	-1.413000e+01	0.000000e+00	0.000000e+00	0.000000e+00
-1.413000e+01	-1.410000e+01	0.000000e+00	0.000000e+00	0.000000e+00
-1.410000e+01	-1.407000e+01	0.000000e+00	0.000000e+00	0.000000e+00
-1.407000e+01	-1.404000e+01	0.000000e+00	0.000000e+00	0.000000e+00
-1.404000e+01	-1.401000e+01	0.000000e+00	0.000000e+00	0.000000e+00
-1.401000e+01	-1.398000e+01	0.000000e+00	0.000000e+00	0.000000e+00
-1.398000e+01	-1.395000e+01	0.000000e+00	0.000000e+00	0.000000e+00
-1.395000e+01	-1.392000e+01	0.000000e+00	0.000000e+00	0.000000e+00
-1.392000e+01	-1.389000e+01	0.000000e+00	0.000000e+00	0.000000e+00
-1.389000e+01	-1.386000e+01	0.000000e+00	0.000000e+00	0.000000e+00
-1.386000e+01	-1.383000e+01	0.000000e+00	0.000000e+00	0.000000e+00
-1.383000e+01	-1.380000e+01	0.000000e+00	0.000000e+00	0.000000e+00
-1.380000e+01	-1.377000e+01	0.000000e+00	0.000000e+00	0.000000e+00
-1.377000e+01	-1.374000e+01	0.000000e+00	0.000000e+00	0.000000e+00
-1.374000e+01	-1.371000e+01	0.000000e+00	0.000000e+00	0.000000e+00
-1.371000e+01	-1.368000e+01	0.000000e+00	0.000000e+00	0.000000e+00
-1.368000e+01	-1.365000e+01	0.000000e+00	0.000000e+00	0.000000e+00
-1.365000e+01	-1.362000e+01	0.000000e+00	0.000000e+00	0.000000e+00
-1.362000e+01	-1.359000e+01	0.000000e+00	0.000000e+00	0.000000e+00
-1.359000e+01	-1.356000e+01	0.000000e+00	0.000000e+00	0.000000e+00
-1.356000e+01	-1.353000e+01	0.000000e+00	0.000000e+00	0.000000e+00
-1.353000e+01	-1.350000e+01	0.000000e+00	0.000000e+00	0.000000e+00
-1.350000e+01	-1.347000e+01	0.000000e+00	0.000000e+00	0.000000e+00
-1.347000e+01	-1.344000e+01	0.000000e+00	0.000000e+00	0.000000e+00
-1.344000e+01	-1.341000e+01	0.000000e+00	0.000000e+00	0.000000e+00
-1.341000e+01	-1.338000e+01	0.000000e+00	0.000000e+00	0.000000e+00
-1.338000e+01	-1.335000e+01	0.000000e+00	0.000000e+00	0.000000e+00
-1.335000e+01	-1.332000e+01	0.000000e+00	0.000000e+00	0.000000e+00
-1.332000e+01	-1.329000e+01	0.000000e+00	0.000000e+00	0.000000e+00
-1.329000e+01	-1.326000e+01	0.000000e+00	0.000000e+00	0.000000e+00
-1.326000e+01	-1.323000e+01	0.000000e+00	0.000000e+00	0.000000e+00
-1.323000e+01	-1.320000e+01	0.000000e+00	0.000000e+00	0.000000e+00
-1.320000e+01	-1.317000e+01	0.000000e+00	0.000000e+00	0.000000e+00
-1.317000e+01	-1.314000e+01	0.000000e+00	0.000000e+00	0.000000e+00
-1.314000e+01	-1.311000e+01	0.000000e+00	0.000000e+00	0.000000e+00
-1.311000e+01	-1.308000e+01	0.000000e+00	0.000000e+00	0.000000e+00
-1.308000e+01	-1.305000e+01	0.000000e+00	0.000000e+00	0.000000e+00
-1.305000e+01	-1.302000e+01	0.000000e+00	0.000000e+00	0.000000e+00
-1.302000e+01	-1.299000e+01	0.000000e+00	0.000000e+00	0.000000e+00
-1.299000e+01	-1.296000e+01	0.000000e+00	0.000000e+00	0.000000e+00
-1.296000e+01	-1.293000e+01	0.000000e+00	0.000000e+00	0.000000e+00
-1.293000e+01	-1.290000e+01	0.000000e+00	0.000000e+00	0.000000e+00
-1.290000e+01	-1.287000e+01	0.000000e+00	0.000000e+00	0.000000e+00
-1.287000e+01	-1.284000e+01	0.000000e+00	0.000000e+00	0.000000e+00
-1.284000e+01	-1.281000e+01	0.000000e+00	0.000000e+00	0.000000e+00
-1.281000e+01	-1.278000e+01	0.000000e+00	0.000000e+00	0.000000e+00
-1.278000e+01	-1.275000e+01	0.000000e+00	0.000000e+00	0.000000e+00
-1.275000e+01	-1.272000e+01	0.000000e+00	0.000000e+00	0.000000e+00
-1.272000e+01	-1.269000e+01	0.000000e+00	0.000000e+00	0.000000e+00
-1.269000e+01	-1.266000e+01	0.000000e+00	0.000000e+00	0.000000e+00
-1.266000e+01	-1.263000e+01	0.000000e+00	0.000000e+00	0.000000e+00
-1.263000e+01	-1.260000e+01	0.000000e+00	0.000000e+00	0.000000e+00
-1.260000e+01	-1.257000e+01	0.000000e+00	0.000000e+00	0.000000e+00
-1.257000e+01	-1.254000e+01	0.000000e+00	0.000000e+00	0.000000e+00
-1.254000e+01	-1.251000e+01	0.000000e+00	0.000000e+00	0.000000e+00
-1.251000e+01	-1.248000e+01	0.000000e+00	0.000000e+00	0.000000e+00
-1.248000e+01	-1.245000e+01	0.000000e+00	0.000000e+00	0.000000e+00
-1.245000e+01	-1.242000e+01	0.000000e+00	0.000000e+00	0.000000e+00
-1.242000e+01	-1.239000e+01	0.000000e+00	0.000000e+00	0.000000e+00
-1.239000e+01	-1.236000e+01	0.000000e+00	0.000000e+00	0.000000e+00
-1.236000e+01	-1.233000e+01	0.000000e+00	0.000000e+00	0.000000e+00
-1.233000e+01	-1.230000e+01	0.000000e+00	0.000000e+00	0.000000e+00
-1.230000e+01	-1.227000e+01	0.000000e+00	0.000000e+00	0.000000e+00
-1.227000e+01	-1.224000e+01	0.000000e+00	0.000000e+00	0.000000e+00
-1.224000e+01	-1.221000e+01	0.000000e+00	0.000000e+00	0.000000e+00
-1.221000e+01	-1.218000e+01	0.000000e+00	0.000000e+00	0.000000e+00
-1.218000e+01	-1.215000e+01	0.000000e+00	0.000000e+00	0.000000e+00
-1.215000e+01	-1.212000e+01	0.000000e+00	0.000000e+00	0.000000e+00
-1.212000e+01	-1.209000e+01	0.000000e+00	0.000000e+00	0.000000e+00
-1.209000e+01	-1.206000e+01	0.000000e+00	0.000000e+00	0.000000e+00
-1.206000e+01	-1.203000e+01	0.000000e+00	0.000000e+00	0.000000e+00
-1.203000e+01	-1.200000e+01	0.000000e+00	0.000000e+00	0.000000e+00
-1.200000e+01	-1.197000e+01	0.000000e+00	0.000000e+00	0.000000e+00
-1.197000e+01	-1.194000e+01	0.000000e+00	0.000000e+00	0.000000e+00
-1.194000e+01	-1.191000e+01	0.000000e+00	0.000000e+00	0.000000e+00
-1.191000e+01	-1.188000e+01	0.000000e+00	0.000000e+00	0.000000e+00
-1.188000e+01	-1.185000e+01	0.000000e+00	0.000000e+00	0.000000e+00
-1.185000e+01	-1.182000e+01	0.000000e+00	0.000000e+00	0.000000e+00
-1.182000e+01	-1.179000e+01	0.000000e+00	0.000000e+00	0.000000e+00
-1.179000e+01	-1.176000e+01	0.000000e+00	0.000000e+00	0.000000e+00
-1.176000e+01	-1.173000e+01	0.000000e+00	0.000000e+00	0.000000e+00
-1.173000e+01	-1.170000e+01	0.000000e+00	0.000000e+00	0.000000e+00
-1.170000e+01	-1.167000e+01	0.000000e+00	0.000000e+00	0.000000e+00
-1.167000e+01	-1.164000e+01	0.000000e+00	0.000000e+00	0.000000e+00
-1.164000e+01	-1.161000e+01	0.000000e+00	0.000000e+00	0.000000e+00
-1.161000e+01	-1.158000e+01	0.000000e+00	0.000000e+00	0.000000e+00
-1.158000e+01	-1.155000e+01	0.000000e+00	0.000000e+00	0.000000e+00
-1.155000e+01	-1.152000e+01	0.000000e+00	0.000000e+00	0.000000e+00
-1.152000e+01	-1.149000e+01	0.000000e+00	0.000000e+00	0.000000e+00
-1.149000e+01	-1.146000e+01	0.000000e+00	0.000000e+00	0.000000e+00
-1.146000e+01	-1.143000e+01	0.000000e+00	0.000000e+00	0.000000e+00
-1.143000e+01	-1.140000e+01	0.000000e+00	0.000000e+00	0.000000e+00
-1.140000e+01	-1.137000e+01	0.000000e+00	0.000000e+00	0.000000e+00
-1.137000e+01	-1.134000e+01	0.000000e+00	0.000000e+00	0.000000e+00
-1.134000e+01	-1.131000e+01	0.000000e+00	0.000000e+00	0.000000e+00
-1.131000e+01	-1.128000e+01	0.000000e+00	0.000000e+00	0.000000e+00
-1.128000e+01	-1.125000e+01	0.000000e+00	0.000000e+00	0.000000e+00
-1.125000e+01	-1.122000e+01	0.000000e+00	0.000000e+00	0.000000e+00
-1.122000e+01	-1.119000e+01	0.000000e+00	0.000000e+00	0.000000e+00
-1.119000e+01	-1.116000e+01	0.000000e+00	0.000000e+00	0.000000e+00
-1.116000e+01	-1.113000e+01	0.000000e+00	0.000000e+00	0.000000e+00
-1.113000e+01	-1.110000e+01	0.000000e+00	0.000000e+00	0.000000e+00
-1.110000e+01	-1.107000e+01	0.000000e+00	0.000000e+00	0.000000e+00
-1.107000e+01	-1.104000e+01	0.000000e+00	0.000000e+00	0.000000e+00
-1.104000e+01	-1.101000e+01	0.000000e+00	0.000000e+00	0.000000e+00
-1.101000e+01	-1.098000e+01	0.000000e+00	0.000000e+00	0.000000e+00
-1.098000e+01	-1.095000e+01	0.000000e+00	0.000000e+00	0.000000e+00
-1.095000e+01	-1.092000e+01	0.000000e+00	0.000000e+00	0.000000e+00
-1.092000e+01	-1.089000e+01	0.000000e+00	0.000000e+00	0.000000e+00
-1.089000e+01	-1.086000e+01	0.000000e+00	0.000000e+00	0.000000e+00
-1.086000e+01	-1.083000e+01	0.000000e+00	0.000000e+00	0.000000e+00
-1.083000e+01	-1.080000e+01	0.000000e+00	0.000000e+00	0.000000e+00
-1.080000e+01	-1.077000e+01	0.000000e+00	0.000000e+00	0.000000e+00
-1.077000e+01	-1.074000e+01	0.000000e+00	0.000000e+00	0.000000e+00
-1.074000e+01	-1.071000e+01	0.000000e+00	0.000000e+00	0.000000e+00
-1.071000e+01	-1.068000e+01	0.000000e+00	0.000000e+00	0.000000e+00
-1.068000e+01	-1.065000e+01	0.000000e+00	0.000000e+00	0.000000e+00
-1.065000e+01	-1.062000e+01	0.000000e+00	0.000000e+00	0.000000e+00
-1.062000e+01	-1.059000e+01	0.000000e+00	0.000000e+00	0.000000e+00
-1.059000e+01	-1.056000e+01	0.000000e+00	0.000000e+00	0.000000e+00
-1.056000e+01	-1.053000e+01	0.000000e+00	0.000000e+00	0.000000e+00
-1.053000e+01	-1.050000e+01	0.000000e+00	0.000000e+00	0.000000e+00
-1.050000e+01	-1.047000e+01	0.000000e+00	0.000000e+00	0.000000e+00
-1.047000e+01	-1.044000e+01	0.000000e+00	0.000000e+00	0.000000e+00
-1.044000e+01	-1.041000e+01	0.000000e+00	0.000000e+00	0.000000e+00
-1.041000e+01	-1.038000e+01	0.000000e+00	0.000000e+00	0.000000e+00
-1.038000e+01	-1.035000e+01	0.000000e+00	0.000000e+00	0.000000e+00
-1.035000e+01	-1.032000e+01	0.000000e+00	0.000000e+00	0.000000e+00
-1.032000e+01	-1.029000e+01	0.000000e+00	0.000000e+00	0.000000e+00
-1.029000e+01	-1.026000e+01	0.000000e+00	0.000000e+00	0.000000e+00
-1.026000e+01	-1.023000e+01	0.000000e+00	0.000000e+00	0.000000e+00
-1.023000e+01	-1.020000e+01	0.000000e+00	0.000000e+00	0.000000e+00
-1.020000e+01	-1.017000e+01	0.000000e+00	0.000000e+00	0.000000e+00
-1.017000e+01	-1.014000e+01	0.000000e+00	0.000000e+00	0.000000e+00
-1.014000e+01	-1.011000e+01	0.000000e+00	0.000000e+00	0.000000e+00
-1.011000e+01	-1.008000e+01	0.000000e+00	0.000000e+00	0.000000e+00
-1.008000e+01	-1.005000e+01	2.771654e-05	2.771654e-05	2.771654e-05
-1.005000e+01	-1.002000e+01	0.000000e+00	0.000000e+00	0.000000e+00
-1.002000e+01	-9.990000e+00	0.000000e+00	0.000000e+00	0.000000e+00
-9.990000e+00	-9.960000e+00	0.000000e+00	0.000000e+00	0.000000e+00
-9.960000e+00	-9.930000e+00	0.000000e+00	0.000000e+00	0.000000e+00
-9.930000e+00	-9.900000e+00	0.000000e+00	0.000000e+00	0.000000e+00
-9.900000e+00	-9.870000e+00	0.000000e+00	0.000000e+00	0.000000e+00
-9.870000e+00	-9.840000e+00	0.000000e+00	0.000000e+00	0.000000e+00
-9.840000e+00	-9.810000e+00	0.000000e+00	0.000000e+00	0.000000e+00
-9.810000e+00	-9.780000e+00	0.000000e+00	0.000000e+00	0.000000e+00
-9.780000e+00	-9.750000e+00	0.000000e+00	0.000000e+00	0.000000e+00
-9.750000e+00	-9.720000e+00	0.000000e+00	0.000000e+00	0.000000e+00
-9.720000e+00	-9.690000e+00	0.000000e+00	0.000000e+00	0.000000e+00
-9.690000e+00	-9.660000e+00	0.000000e+00	0.000000e+00	0.000000e+00
-9.660000e+00	-9.630000e+00	0.000000e+00	0.000000e+00	0.000000e+00
-9.630000e+00	-9.600000e+00	0.000000e+00	0.000000e+00	0.000000e+00
-9.600000e+00	-9.570000e+00	0.000000e+00	0.000000e+00	0.000000e+00
-9.570000e+00	-9.540000e+00	0.000000e+00	0.000000e+00	0.000000e+00
-9.540000e+00	-9.510000e+00	0.000000e+00	0.000000e+00	0.000000e+00
-9.510000e+00	-9.480000e+00	0.000000e+00	0.000000e+00	0.000000e+00
-9.480000e+00	-9.450000e+00	0.000000e+00	0.000000e+00	0.000000e+00
-9.450000e+00	-9.420000e+00	0.000000e+00	0.000000e+00	0.000000e+00
-9.420000e+00	-9.390000e+00	0.000000e+00	0.000000e+00	0.000000e+00
-9.390000e+00	-9.360000e+00	0.000000e+00	0.000000e+00	0.000000e+00
-9.360000e+00	-9.330000e+00	0.000000e+00	0.000000e+00	0.000000e+00
-9.330000e+00	-9.300000e+00	0.000000e+00	0.000000e+00	0.000000e+00
-9.300000e+00	-9.270000e+00	0.000000e+00	0.000000e+00	0.000000e+00
-9.270000e+00	-9.240000e+00	0.000000e+00	0.000000e+00	0.000000e+00
-9.240000e+00	-9.210000e+00	0.000000e+00	0.000000e+00	0.000000e+00
-9.210000e+00	-9.180000e+00	0.000000e+00	0.000000e+00	0.000000e+00
-9.180000e+00	-9.150000e+00	0.000000e+00	0.000000e+00	0.000000e+00
-9.150000e+00	-9.120000e+00	0.000000e+00	0.000000e+00	0.000000e+00
-9.120000e+00	-9.090000e+00	0.000000e+00	0.000000e+00	0.000000e+00
-9.090000e+00	-9.060000e+00	0.000000e+00	0.000000e+00	0.000000e+00
-9.060000e+00	-9.030000e+00	0.000000e+00	0.000000e+00	0.000000e+00
-9.030000e+00	-9.000000e+00	0.000000e+00	0.000000e+00	0.000000e+00
-9.000000e+00	-8.970000e+00	0.000000e+00	0.000000e+00	0.000000e+00
-8.970000e+00	-8.940000e+00	0.000000e+00	0.000000e+00	0.000000e+00
-8.940000e+00	-8.910000e+00	0.000000e+00	0.000000e+00	0.000000e+00
-8.910000e+00	-8.880000e+00	0.000000e+00	0.000000e+00	0.000000e+00
-8.880000e+00	-8.850000e+00	1.860232e-07	1.860232e-07	1.860232e-07
-8.850000e+00	-8.820000e+00	0.000000e+00	0.000000e+00	0.000000e+00
-8.820000e+00	-8.790000e+00	0.000000e+00	0.000000e+00	0.000000e+00
-8.790000e+00	-8.760000e+00	0.000000e+00	0.000000e+00	0.000000e+00
-8.760000e+00	-8.730000e+00	0.000000e+00	0.000000e+00	0.000000e+00
-8.730000e+00	-8.700000e+00	0.000000e+00	0.000000e+00	0.000000e+00
-8.700000e+00	-8.670000e+00	0.000000e+00	0.000000e+00	0.000000e+00
-8.670000e+00	-8.640000e+00	0.000000e+00	0.000000e+00	0.000000e+00
-8.640000e+00	-8.610000e+00	0.000000e+00	0.000000e+00	0.000000e+00
-8.610000e+00	-8.580000e+00	0.000000e+00	0.000000e+00	0.000000e+00
-8.580000e+00	-8.550000e+00	0.000000e+00	0.000000e+00	0.000000e+00
-8.550000e+00	-8.520000e+00	0.000000e+00	0.000000e+00	0.000000e+00
-8.520000e+00	-8.490000e+00	0.000000e+00	0.000000e+00	0.000000e+00
-8.490000e+00	-8.460000e+00	0.000000e+00	0.000000e+00	0.000000e+00
-8.460000e+00	-8.430000e+00	0.000000e+00	0.000000e+00	0.000000e+00
-8.430000e+00	-8.400000e+00	0.000000e+00	0.000000e+00	0.000000e+00
-8.400000e+00	-8.370000e+00	4.006723e-07	4.006724e-07	4.006724e-07
-8.370000e+00	-8.340000e+00	0.000000e+00	0.000000e+00	0.000000e+00
-8.340000e+00	-8.310000e+00	5.338903e-05	5.338903e-05	5.338903e-05
-8.310000e+00	-8.280000e+00	0.000000e+00	0.000000e+00	0.000000e+00
-8.280000e+00	-8.250000e+00	6.135900e-05	6.135900e-05	6.135900e-05
-8.250000e+00	-8.220000e+00	0.000000e+00	0.000000e+00	0.000000e+00
-8.220000e+00	-8.190000e+00	0.000000e+00	0.000000e+00	0.000000e+00
-8.190000e+00	-8.160000e+00	3.542143e-07	2.507845e-07	2.507845e-07
-8.160000e+00	-8.130000e+00	0.000000e+00	0.000000e+00	0.000000e+00
-8.130000e+00	-8.100000e+00	8.838403e-07	8.838403e-07	8.838403e-07
-8.100000e+00	-8.070000e+00	0.000000e+00	0.000000e+00	0.000000e+00
-8.070000e+00	-8.040000e+00	4.481010e-07	4.481008e-07	4.481008e-07
-8.040000e+00	-8.010000e+00	0.000000e+00	0.000000e+00	0.000000e+00
-8.010000e+00	-7.980000e+00	0.000000e+00	0.000000e+00	0.000000e+00
-7.980000e+00	-7.950000e+00	0.000000e+00	0.000000e+00	0.000000e+00
-7.950000e+00	-7.920000e+00	0.000000e+00	0.000000e+00	0.000000e+00
-7.920000e+00	-7.890000e+00	8.853170e-07	8.853170e-07	8.853170e-07
-7.890000e+00	-7.860000e+00	0.000000e+00	0.000000e+00	0.000000e+00
-7.860000e+00	-7.830000e+00	1.702553e-05	1.702553e-05	1.702553e-05
-7.830000e+00	-7.800000e+00	0.000000e+00	0.000000e+00	0.000000e+00
-7.800000e+00	-7.770000e+00	1.459981e-06	1.459981e-06	1.459981e-06
-7.770000e+00	-7.740000e+00	8.222367e-07	8.222368e-07	8.222368e-07
-7.740000e+00	-7.710000e+00	0.000000e+00	0.000000e+00	0.000000e+00
-7.710000e+00	-7.680000e+00	0.000000e+00	0.000000e+00	0.000000e+00
-7.680000e+00	-7.650000e+00	2.227990e-06	2.227990e-06	2.227990e-06
-7.650000e+00	-7.620000e+00	6.604873e-05	6.166007e-05	6.166007e-05
-7.620000e+00	-7.590000e+00	2.192325e-05	2.192324e-05	2.192324e-05
-7.590000e+00	-7.560000e+00	6.482433e-04	6.475372e-04	6.475372e-04
-7.560000e+00	-7.530000e+00	4.617010e-07	3.576050e-07	3.576050e-07
-7.530000e+00	-7.500000e+00	1.174464e-06	8.510029e-07	8.510029e-07
-7.500000e+00	-7.470000e+00	1.677069e-05	1.677069e-05	1.677069e-05
-7.470000e+00	-7.440000e+00	1.154171e-03	1.147635e-03	1.147635e-03
-7.440000e+00	-7.410000e+00	2.185411e-05	1.721208e-05	1.721208e-05
-7.410000e+00	-7.380000e+00	1.666436e-06	1.453479e-06	1.453479e-06
-7.380000e+00	-7.350000e+00	7.630123e-06	6.993163e-06	6.993163e-06
-7.350000e+00	-7.320000e+00	3.797433e-05	1.868618e-05	1.868618e-05
-7.320000e+00	-7.290000e+00	6.451343e-07	4.618663e-07	4.618663e-07
-7.290000e+00	-7.260000e+00	1.868724e-05	1.613018e-05	1.613018e-05
-7.260000e+00	-7.230000e+00	1.330710e-06	9.416169e-07	9.416169e-07
-7.230000e+00	-7.200000e+00	1.477519e-05	6.637223e-06	6.637223e-06
-7.200000e+00	-7.170000e+00	5.642603e-05	3.811404e-05	3.811404e-05
-7.170000e+00	-7.140000e+00	7.141200e-05	6.048680e-05	6.048680e-05
-7.140000e+00	-7.110000e+00	1.545287e-05	8.355523e-06	8.355523e-06
-7.110000e+00	-7.080000e+00	2.487253e-05	2.416956e-05	2.416956e-05
-7.080000e+00	-7.050000e+00	1.005552e-04	8.031913e-05	8.031913e-05
-7.050000e+00	-7.020000e+00	3.236305e-05	1.674958e-05	1.674958e-05
-7.020000e+00	-6.990000e+00	6.310633e-05	3.831421e-05	3.831421e-05
-6.990000e+00	-6.960000e+00	1.831017e-05	9.619676e-06	9.619676e-06
-6.960000e+00	-6.930000e+00	5.002663e-05	4.318266e-05	4.318266e-05
-6.930000e+00	-6.900000e+00	2.113386e-04	1.782131e-04	1.782131e-04
-6.900000e+00	-6.870000e+00	1.618046e-04	1.320036e-04	1.320036e-04
-6.870000e+00	-6.840000e+00	1.723682e-04	7.316195e-05	7.316195e-05
-6.840000e+00	-6.810000e+00	2.237515e-04	1.881645e-04	1.881645e-04
-6.810000e+00	-6.780000e+00	3.114939e-04	1.806366e-04	1.806366e-04
-6.780000e+00	-6.750000e+00	1.612577e-04	1.009396e-04	1.009396e-04
-6.750000e+00	-6.720000e+00	2.032408e-04	9.310894e-05	9.310894e-05
-6.720000e+00	-6.690000e+00	5.411650e-04	4.528513e-04	4.528513e-04
-6.690000e+00	-6.660000e+00	3.063833e-04	1.819334e-04	1.819334e-04
-6.660000e+00	-6.630000e+00	2.428353e-04	1.048874e-04	1.048874e-04
-6.630000e+00	-6.600000e+00	2.952983e-04	1.318070e-04	1.318070e-04
-6.600000e+00	-6.570000e+00	7.619257e-04	6.032243e-04	6.032243e-04
-6.570000e+00	-6.540000e+00	1.879787e-03	1.677926e-03	1.677926e-03
-6.540000e+00	-6.510000e+00	8.569583e-04	7.066891e-04	7.066891e-04
-6.510000e+00	-6.480000e+00	5.183167e-04	3.728446e-04	3.728446e-04
-6.480000e+00	-6.450000e+00	2.157712e-04	7.620026e-05	7.620026e-05
-6.450000e+00	-6.420000e+00	7.204197e-04	3.411591e-04	3.411591e-04
-6.420000e+00	-6.390000e+00	3.965407e-04	1.788174e-04	1.788174e-04
-6.390000e+00	-6.360000e+00	1.365557e-03	5.868776e-04	5.868776e-04
-6.360000e+00	-6.330000e+00	1.761772e-03	7.809851e-04	7.809851e-04
-6.330000e+00	-6.300000e+00	3.242538e-04	1.031244e-04	1.031244e-04
-6.300000e+00	-6.270000e+00	8.675403e-04	4.005939e-04	4.005939e-04
-6.270000e+00	-6.240000e+00	2.206817e-03	1.206471e-03	1.206471e-03
-6.240000e+00	-6.210000e+00	1.012128e-03	3.183023e-04	3.183023e-04
-6.210000e+00	-6.180000e+00	1.275119e-03	4.002217e-04	4.002217e-04
-6.180000e+00	-6.150000e+00	6.646600e-04	2.367532e-04	2.367532e-04
-6.150000e+00	-6.120000e+00	1.106373e-03	2.782675e-04	2.782675e-04
-6.120000e+00	-6.090000e+00	2.408249e-03	1.016062e-03	1.016062e-03
-6.090000e+00	-6.060000e+00	2.316923e-03	7.726790e-04	7.726790e-04
-6.060000e+00	-6.030000e+00	2.061404e-03	8.620360e-04	8.620360e-04
-6.030000e+00	-6.000000e+00	2.065514e-03	8.116807e-04	8.116807e-04
-6.000000e+00	-5.970000e+00	2.476364e-03	1.010963e-03	1.010963e-03
-5.970000e+00	-5.940000e+00	3.071092e-03	1.541837e-03	1.541837e-03
-5.940000e+00	-5.910000e+00	9.086377e-03	6.983534e-03	6.983534e-03
-5.910000e+00	-5.880000e+00	2.262684e-03	7.123426e-04	7.123426e-04
-5.880000e+00	-5.850000e+00	5.673153e-03	2.057213e-03	2.057213e-03
-5.850000e+00	-5.820000e+00	3.589907e-03	1.138294e-03	1.138294e-03
-5.820000e+00	-5.790000e+00	2.927276e-03	1.081662e-03	1.081662e-03
-5.790000e+00	-5.760000e+00	6.110713e-03	1.929317e-03	1.929317e-03
-5.760000e+00	-5.730000e+00	6.146863e-03	1.543932e-03	1.543932e-03
-5.730000e+00	-5.700000e+00	6.248857e-03	1.282677e-03	1.282677e-03
-5.700000e+00	-5.670000e+00	9.121673e-03	2.425069e-03	2.425069e-03
-5.670000e+00	-5.640000e+00	7.415167e-03	2.077770e-03	2.077770e-03
-5.640000e+00	-5.610000e+00	9.283890e-03	2.242161e-03	2.242161e-03
-5.610000e+00	-5.580000e+00	8.847283e-03	1.987085e-03	1.987085e-03
-5.580000e+00	-5.550000e+00	5.062913e-03	9.754593e-04	9.754593e-04
-5.550000e+00	-5.520000e+00	7.982527e-03	1.661670e-03	1.661670e-03
-5.520000e+00	-5.490000e+00	1.353427e-02	2.816434e-03	2.816434e-03
-5.490000e+00	-5.460000e+00	1.292154e-02	2.693170e-03	2.693170e-03
-5.460000e+00	-5.430000e+00	8.380633e-03	1.800514e-03	1.800514e-03
-5.430000e+00	-5.400000e+00	1.837450e-02	6.959325e-03	6.959325e-03
-5.400000e+00	-5.370000e+00	1.319435e-02	2.368043e-03	2.368043e-03
-5.370000e+00	-5.340000e+00	2.203901e-02	7.367127e-03	7.367127e-03
-5.340000e+00	-5.310000e+00	1.071417e-02	1.887519e-03	1.887519e-03
-5.310000e+00	-5.280000e+00	1.883386e-02	2.919626e-03	2.919626e-03
-5.280000e+00	-5.250000e+00	1.267000e-01	1.075764e-01	1.075764e-01
-5.250000e+00	-5.220000e+00	1.889233e-02	3.598460e-03	3.598460e-03
-5.220000e+00	-5.190000e+00	2.197252e-02	3.421283e-03	3.421283e-03
-5.190000e+00	-5.160000e+00	1.841025e-02	2.630187e-03	2.630187e-03
-5.160000e+00	-5.130000e+00	2.402602e-02	3.272780e-03	3.272780e-03
-5.130000e+00	-5.100000e+00	3.577057e-02	4.782567e-03	4.782567e-03
-5.100000e+00	-5.070000e+00	2.970993e-02	3.772227e-03	3.772227e-03
-5.070000e+00	-5.040000e+00	3.273056e-02	3.791971e-03	3.791971e-03
-5.040000e+00	-5.010000e+00	2.835989e-02	3.423747e-03	3.423747e-03
-5.010000e+00	-4.980000e+00	3.224333e-02	4.552094e-03	4.552094e-03
-4.980000e+00	-4.950000e+00	3.408813e-01	2.996882e-01	2.996882e-01
-4.950000e+00	-4.920000e+00	3.756473e-02	8.028103e-03	8.028103e-03
-4.920000e+00	-4.890000e+00	4.280583e-02	4.829389e-03	4.829389e-03
-4.890000e+00	-4.860000e+00	1.620492e-01	1.078291e-01	1.078291e-01
-4.860000e+00	-4.830000e+00	6.125527e-02	6.610882e-03	6.610882e-03
-4.830000e+00	-4.800000e+00	4.972460e-02	4.752685e-03	4.752685e-03
-4.800000e+00	-4.770000e+00	6.686687e-02	1.034624e-02	1.034624e-02
-4.770000e+00	-4.740000e+00	6.452077e-02	6.364555e-03	6.364555e-03
-4.740000e+00	-4.710000e+00	1.354813e-01	6.703553e-02	6.703553e-02
-4.710000e+00	-4.680000e+00	2.022995e-01	1.102177e-01	1.102177e-01
-4.680000e+00	-4.650000e+00	2.051409e-01	1.381158e-01	1.381158e-01
-4.650000e+00	-4.620000e+00	7.067393e-02	6.567516e-03	6.567516e-03
-4.620000e+00	-4.590000e+00	1.670211e-01	6.985779e-02	6.985779e-02
-4.590000e+00	-4.560000e+00	8.416030e-02	1.034480e-02	1.034480e-02
-4.560000e+00	-4.530000e+00	1.219155e-01	1.300223e-02	1.300223e-02
-4.530000e+00	-4.500000e+00	9.276263e-02	7.291346e-03	7.291346e-03
-4.500000e+00	-4.470000e+00	1.219592e-01	3.565944e-02	3.565944e-02
-4.470000e+00	-4.440000e+00	2.504280e-01	1.382010e-01	1.382010e-01
-4.440000e+00	-4.410000e+00	1.108337e-01	9.964763e-03	9.964763e-03
-4.410000e+00	-4.380000e+00	1.481022e-01	1.781282e-02	1.781282e-02
-4.380000e+00	-4.350000e+00	1.259186e-01	1.522605e-02	1.522605e-02
-4.350000e+00	-4.320000e+00	4.077610e-01	1.922386e-01	1.922386e-01
-4.320000e+00	-4.290000e+00	1.932005e-01	3.023725e-02	3.023725e-02
-4.290000e+00	-4.260000e+00	1.499977e-01	1.074682e-02	1.074682e-02
-4.260000e+00	-4.230000e+00	2.231921e-01	7.360284e-02	7.360284e-02
-4.230000e+00	-4.200000e+00	1.830621e-01	2.186730e-02	2.186730e-02
-4.200000e+00	-4.170000e+00	1.724725e-01	1.509888e-02	1.509888e-02
-4.170000e+00	-4.140000e+00	2.447390e-01	7.267967e-02	7.267967e-02
-4.140000e+00	-4.110000e+00	1.791093e-01	1.346543e-02	1.346543e-02
-4.110000e+00	-4.080000e+00	1.648550e-01	1.054720e-02	1.054720e-02
-4.080000e+00	-4.050000e+00	3.735873e-01	1.403458e-01	1.403458e-01
-4.050000e+00	-4.020000e+00	2.487737e-01	3.839831e-02	3.839831e-02
-4.020000e+00	-3.990000e+00	1.910941e-01	1.318494e-02	1.318494e-02
-3.990000e+00	-3.960000e+00	2.414265e-01	2.729570e-02	2.729570e-02
-3.960000e+00	-3.930000e+00	2.032683e-01	1.519943e-02	1.519943e-02
-3.930000e+00	-3.900000e+00	2.333544e-01	2.353844e-02	2.353844e-02
-3.900000e+00	-3.870000e+00	2.807173e-01	6.817224e-02	6.817224e-02
-3.870000e+00	-3.840000e+00	2.354274e-01	1.572249e-02	1.572249e-02
-3.840000e+00	-3.810000e+00	3.801020e-01	1.116978e-01	1.116978e-01
-3.810000e+00	-3.780000e+00	2.104062e-01	1.271162e-02	1.271162e-02
-3.780000e+00	-3.750000e+00	2.354232e-01	1.353001e-02	1.353001e-02
-3.750000e+00	-3.720000e+00	3.904493e-01	1.097986e-01	1.097986e-01
-3.720000e+00	-3.690000e+00	2.847387e-01	2.966355e-02	2.966355e-02
-3.690000e+00	-3.660000e+00	4.154230e-01	8.245785e-02	8.245785e-02
-3.660000e+00	-3.630000e+00	3.231628e-01	5.028328e-02	5.028328e-02
-3.630000e+00	-3.600000e+00	2.931882e-01	1.959165e-02	1.959165e-02
-3.600000e+00	-3.570000e+00	2.351057e-01	1.326983e-02	1.326983e-02
-3.570000e+00	-3.540000e+00	3.486960e-01	3.068578e-02	3.068578e-02
-3.540000e+00	-3.510000e+00	2.568059e-01	1.463884e-02	1.463884e-02
-3.510000e+00	-3.480000e+00	5.040827e-01	1.649212e-01	1.649212e-01
-3.480000e+00	-3.450000e+00	5.311293e-01	2.160025e-01	2.160025e-01
-3.450000e+00	-3.420000e+00	3.819347e-01	7.972972e-02	7.972972e-02
-3.420000e+00	-3.390000e+00	5.069853e-01	1.403466e-01	1.403466e-01
-3.390000e+00	-3.360000e+00	3.123387e-01	2.219473e-02	2.219473e-02
-3.360000e+00	-3.330000e+00	3.802350e-01	3.213657e-02	3.213657e-02
-3.330000e+00	-3.300000e+00	3.180152e-01	2.190639e-02	2.190639e-02
-3.300000e+00	-3.270000e+00	7.178830e-01	4.053657e-01	4.053657e-01
-3.270000e+00	-3.240000e+00	5.112930e-01	1.359126e-01	1.359126e-01
-3.240000e+00	-3.210000e+00	4.733440e-01	1.142767e-01	1.142767e-01
-3.210000e+00	-3.180000e+00	3.752337e-01	4.732461e-02	4.732461e-02
-3.180000e+00	-3.150000e+00	2.996316e-01	1.718446e-02	1.718446e-02
-3.150000e+00	-3.120000e+00	4.905770e-01	9.929158e-02	9.929158e-02
-3.120000e+00	-3.090000e+00	3.044121e-01	1.803148e-02	1.803148e-02
-3.090000e+00	-3.060000e+00	3.413587e-01	5.084859e-02	5.084859e-02
-3.060000e+00	-3.030000e+00	7.680633e-01	3.193724e-01	3.193724e-01
-3.030000e+00	-3.000000e+00	3.864290e-01	8.037406e-02	8.037406e-02
-3.000000e+00	-2.970000e+00	7.075483e-01	2.637993e-01	2.637993e-01
-2.970000e+00	-2.940000e+00	5.885303e-01	3.003490e-01	3.003490e-01
-2.940000e+00	-2.910000e+00	4.413287e-01	1.309576e-01	1.309576e-01
-2.910000e+00	-2.880000e+00	4.614583e-01	1.926494e-01	1.926494e-01
-2.880000e+00	-2.850000e+00	3.890510e-01	7.664390e-02	7.664390e-02
-2.850000e+00	-2.820000e+00	4.112613e-01	1.119828e-01	1.119828e-01
-2.820000e+00	-2.790000e+00	3.284354e-01	5.952597e-02	5.952597e-02
-2.790000e+00	-2.760000e+00	3.083674e-01	3.618803e-02	3.618803e-02
-2.760000e+00	-2.730000e+00	2.944263e-01	2.586491e-02	2.586491e-02
-2.730000e+00	-2.700000e+00	2.660050e-01	1.865156e-02	1.865156e-02
-2.700000e+00	-2.670000e+00	2.883641e-01	4.917684e-02	4.917684e-02
-2.670000e+00	-2.640000e+00	2.793230e-01	1.764741e-02	1.764741e-02
-2.640000e+00	-2.610000e+00	4.696430e-01	1.948609e-01	1.948609e-01
-2.610000e+00	-2.580000e+00	2.661196e-01	3.004809e-02	3.004809e-02
-2.580000e+00	-2.550000e+00	2.710394e-01	3.485784e-02	3.485784e-02
-2.550000e+00	-2.520000e+00	2.143521e-01	1.605944e-02	1.605944e-02
-2.520000e+00	-2.490000e+00	1.948239e-01	1.280858e-02	1.280858e-02
-2.490000e+00	-2.460000e+00	2.872372e-01	5.000962e-02	5.000962e-02
-2.460000e+00	-2.430000e+00	2.012376e-01	1.282850e-02	1.282850e-02
-2.430000e+00	-2.400000e+00	2.748159e-01	7.400379e-02	7.400379e-02
-2.400000e+00	-2.370000e+00	2.593548e-01	7.202027e-02	7.202027e-02
-2.370000e+00	-2.340000e+00	4.623147e-01	2.773702e-01	2.773702e-01
-2.340000e+00	-2.310000e+00	2.648130e-01	2.725178e-02	2.725178e-02
-2.310000e+00	-2.280000e+00	3.333840e-01	1.235176e-01	1.235176e-01
-2.280000e+00	-2.250000e+00	2.224999e-01	2.727619e-02	2.727619e-02
-2.250000e+00	-2.220000e+00	1.828233e-01	1.395083e-02	1.395083e-02
-2.220000e+00	-2.190000e+00	1.902843e-01	1.629032e-02	1.629032e-02
-2.190000e+00	-2.160000e+00	1.635933e-01	1.367475e-02	1.367475e-02
-2.160000e+00	-2.130000e+00	1.629743e-01	1.144125e-02	1.144125e-02
-2.130000e+00	-2.100000e+00	1.863208e-01	2.905276e-02	2.905276e-02
-2.100000e+00	-2.070000e+00	1.959733e-01	3.616293e-02	3.616293e-02
-2.070000e+00	-2.040000e+00	3.012982e-01	1.427677e-01	1.427677e-01
-2.040000e+00	-2.010000e+00	1.520268e-01	1.157766e-02	1.157766e-02
-2.010000e+00	-1.980000e+00	3.576907e-01	1.568512e-01	1.568512e-01
-1.980000e+00	-1.950000e+00	1.598899e-01	2.805625e-02	2.805625e-02
-1.950000e+00	-1.920000e+00	1.319943e-01	9.776716e-03	9.776716e-03
-1.920000e+00	-1.890000e+00	1.692008e-01	2.695039e-02	2.695039e-02
-1.890000e+00	-1.860000e+00	1.674838e-01	2.652239e-02	2.652239e-02
-1.860000e+00	-1.830000e+00	1.364633e-01	1.479090e-02	1.479090e-02
-1.830000e+00	-1.800000e+00	1.161887e-01	1.047764e-02	1.047764e-02
-1.800000e+00	-1.770000e+00	1.501300e-01	3.445980e-02	3.445980e-02
-1.770000e+00	-1.740000e+00	5.473067e-01	4.046237e-01	4.046237e-01
-1.740000e+00	-1.710000e+00	1.738059e-01	5.506082e-02	5.506082e-02
-1.710000e+00	-1.680000e+00	2.355897e-01	1.080056e-01	1.080056e-01
-1.680000e+00	-1.650000e+00	1.911386e-01	4.288555e-02	4.288555e-02
-1.650000e+00	-1.620000e+00	1.566252e-01	5.119380e-02	5.119380e-02
-1.620000e+00	-1.590000e+00	9.818177e-02	1.123672e-02	1.123672e-02
-1.590000e+00	-1.560000e+00	1.242928e-01	1.369050e-02	1.369050e-02
-1.560000e+00	-1.530000e+00	1.041083e-01	1.353382e-02	1.353382e-02
-1.530000e+00	-1.500000e+00	2.695134e-01	1.826019e-01	1.826019e-01
-1.500000e+00	-1.470000e+00	1.701671e-01	5.105883e-02	5.105883e-02
-1.470000e+00	-1.440000e+00	7.948873e-02	8.020427e-03	8.020427e-03
-1.440000e+00	-1.410000e+00	6.952100e-02	7.468039e-03	7.468039e-03
-1.410000e+00	-1.380000e+00	2.669979e-01	1.827645e-01	1.827645e-01
-1.380000e+00	-1.350000e+00	8.573070e-02	1.324586e-02	1.324586e-02
-1.350000e+00	-1.320000e+00	6.279987e-02	6.487459e-03	6.487459e-03
-1.320000e+00	-1.290000e+00	1.091750e-01	4.743966e-02	4.743966e-02
-1.290000e+00	-1.260000e+00	8.186400e-02	1.360788e-02	1.360788e-02
-1.260000e+00	-1.230000e+00	7.132517e-02	7.735577e-03	7.735577e-03
-1.230000e+00	-1.200000e+00	5.429817e-02	5.927596e-03	5.927596e-03
-1.200000e+00	-1.170000e+00	8.961477e-02	2.794336e-02	2.794336e-02
-1.170000e+00	-1.140000e+00	5.886313e-02	6.467265e-03	6.467265e-03
-1.140000e+00	-1.110000e+00	7.039743e-02	1.449465e-02	1.449465e-02
-1.110000e+00	-1.080000e+00	4.214880e-02	5.492543e-03	5.492543e-03
-1.080000e+00	-1.050000e+00	6.459880e-02	7.821422e-03	7.821422e-03
-1.050000e+00	-1.020000e+00	3.891127e-02	5.043224e-03	5.043224e-03
-1.020000e+00	-9.900000e-01	5.467457e-02	1.648073e-02	1.648073e-02
-9.900000e-01	-9.600000e-01	4.612083e-02	8.845320e-03	8.845320e-03
-9.600000e-01	-9.300000e-01	3.333817e-02	6.022844e-03	6.022844e-03
-9.300000e-01	-9.000000e-01	3.877597e-02	6.656607e-03	6.656607e-03
-9.000000e-01	-8.700000e-01	3.429247e-02	5.204496e-03	5.204496e-03
-8.700000e-01	-8.400000e-01	2.456752e-02	4.018593e-03	4.018593e-03
-8.400000e-01	-8.100000e-01	2.939028e-02	4.777901e-03	4.777901e-03
-8.100000e-01	-7.800000e-01	2.091469e-02	4.203454e-03	4.203454e-03
-7.800000e-01	-7.500000e-01	2.632869e-02	6.739856e-03	6.739856e-03
-7.500000e-01	-7.200000e-01	1.577779e-02	3.583922e-03	3.583922e-03
-7.200000e-01	-6.900000e-01	1.943507e-02	3.771971e-03	3.771971e-03
-6.900000e-01	-6.600000e-01	1.417340e-02	2.965622e-03	2.965622e-03
-6.600000e-01	-6.300000e-01	1.062070e-02	2.864164e-03	2.864164e-03
-6.300000e-01	-6.000000e-01	5.431367e-03	1.602010e-03	1.602010e-03
-6.000000e-01	-5.700000e-01	6.512410e-03	1.889802e-03	1.889802e-03
-5.700000e-01	-5.400000e-01	9.438607e-03	3.197238e-03	3.197238e-03
-5.400000e-01	-5.100000e-01	7.293587e-03	2.207866e-03	2.207866e-03
-5.100000e-01	-4.800000e-01	1.479198e-02	9.040425e-03	9.040425e-03
-4.800000e-01	-4.500000e-01	2.450739e-03	1.213472e-03	1.213472e-03
-4.500000e-01	-4.200000e-01	2.697429e-03	1.262105e-03	1.262105e-03
-4.200000e-01	-3.900000e-01	2.336534e-03	1.082048e-03	1.082048e-03
-3.900000e-01	-3.600000e-01	2.457365e-03	1.550086e-03	1.550086e-03
-3.600000e-01	-3.300000e-01	2.265215e-03	1.211781e-03	1.211781e-03
-3.300000e-01	-3.000000e-01	1.455541e-03	9.568056e-04	9.568056e-04
-3.000000e-01	-2.700000e-01	1.303376e-03	9.278194e-04	9.278194e-04
-2.700000e-01	-2.400000e-01	2.712921e-04	2.712921e-04	2.712921e-04
-2.400000e-01	-2.100000e-01	6.293267e-04	6.293265e-04	6.293265e-04
-2.100000e-01	-1.800000e-01	0.000000e+00	0.000000e+00	0.000000e+00
-1.800000e-01	-1.500000e-01	2.369218e-04	2.369218e-04	2.369218e-04
-1.500000e-01	-1.200000e-01	6.409253e-04	5.051618e-04	5.051618e-04
-1.200000e-01	-9.000000e-02	9.737220e-04	9.737220e-04	9.737220e-04
-9.000000e-02	-6.000000e-02	0.000000e+00	0.000000e+00	0.000000e+00
-6.000000e-02	-3.000000e-02	0.000000e+00	0.000000e+00	0.000000e+00
-3.000000e-02	0.000000e+00	0.000000e+00	0.000000e+00	0.000000e+00
# END HISTO1D

# BEGIN HISTO1D //afs/cern.ch/user/d/dkar/lh2015-qg/Vincia-2001/lhc/hadron/dijet_nobias.yoda/MC_LHQG_dijet/log_GA_10_20_Q200_R4
LineColor=blue
LineStyle=solid
Path=//afs/cern.ch/user/d/dkar/lh2015-qg/Vincia-2001/lhc/hadron/dijet_nobias.yoda/MC_LHQG_dijet/log_GA_10_20_Q200_R4
ScaledBy=0.0037593984962406013
Title=dijet_nobias
XLabel=
YLabel=
# xlow	 xhigh	 val	 errminus	 errplus
-1.500000e+01	-1.497000e+01	0.000000e+00	0.000000e+00	0.000000e+00
-1.497000e+01	-1.494000e+01	0.000000e+00	0.000000e+00	0.000000e+00
-1.494000e+01	-1.491000e+01	0.000000e+00	0.000000e+00	0.000000e+00
-1.491000e+01	-1.488000e+01	0.000000e+00	0.000000e+00	0.000000e+00
-1.488000e+01	-1.485000e+01	0.000000e+00	0.000000e+00	0.000000e+00
-1.485000e+01	-1.482000e+01	0.000000e+00	0.000000e+00	0.000000e+00
-1.482000e+01	-1.479000e+01	0.000000e+00	0.000000e+00	0.000000e+00
-1.479000e+01	-1.476000e+01	0.000000e+00	0.000000e+00	0.000000e+00
-1.476000e+01	-1.473000e+01	0.000000e+00	0.000000e+00	0.000000e+00
-1.473000e+01	-1.470000e+01	0.000000e+00	0.000000e+00	0.000000e+00
-1.470000e+01	-1.467000e+01	0.000000e+00	0.000000e+00	0.000000e+00
-1.467000e+01	-1.464000e+01	0.000000e+00	0.000000e+00	0.000000e+00
-1.464000e+01	-1.461000e+01	0.000000e+00	0.000000e+00	0.000000e+00
-1.461000e+01	-1.458000e+01	0.000000e+00	0.000000e+00	0.000000e+00
-1.458000e+01	-1.455000e+01	0.000000e+00	0.000000e+00	0.000000e+00
-1.455000e+01	-1.452000e+01	0.000000e+00	0.000000e+00	0.000000e+00
-1.452000e+01	-1.449000e+01	0.000000e+00	0.000000e+00	0.000000e+00
-1.449000e+01	-1.446000e+01	0.000000e+00	0.000000e+00	0.000000e+00
-1.446000e+01	-1.443000e+01	0.000000e+00	0.000000e+00	0.000000e+00
-1.443000e+01	-1.440000e+01	0.000000e+00	0.000000e+00	0.000000e+00
-1.440000e+01	-1.437000e+01	0.000000e+00	0.000000e+00	0.000000e+00
-1.437000e+01	-1.434000e+01	0.000000e+00	0.000000e+00	0.000000e+00
-1.434000e+01	-1.431000e+01	0.000000e+00	0.000000e+00	0.000000e+00
-1.431000e+01	-1.428000e+01	0.000000e+00	0.000000e+00	0.000000e+00
-1.428000e+01	-1.425000e+01	0.000000e+00	0.000000e+00	0.000000e+00
-1.425000e+01	-1.422000e+01	0.000000e+00	0.000000e+00	0.000000e+00
-1.422000e+01	-1.419000e+01	0.000000e+00	0.000000e+00	0.000000e+00
-1.419000e+01	-1.416000e+01	0.000000e+00	0.000000e+00	0.000000e+00
-1.416000e+01	-1.413000e+01	0.000000e+00	0.000000e+00	0.000000e+00
-1.413000e+01	-1.410000e+01	0.000000e+00	0.000000e+00	0.000000e+00
-1.410000e+01	-1.407000e+01	0.000000e+00	0.000000e+00	0.000000e+00
-1.407000e+01	-1.404000e+01	0.000000e+00	0.000000e+00	0.000000e+00
-1.404000e+01	-1.401000e+01	0.000000e+00	0.000000e+00	0.000000e+00
-1.401000e+01	-1.398000e+01	0.000000e+00	0.000000e+00	0.000000e+00
-1.398000e+01	-1.395000e+01	0.000000e+00	0.000000e+00	0.000000e+00
-1.395000e+01	-1.392000e+01	0.000000e+00	0.000000e+00	0.000000e+00
-1.392000e+01	-1.389000e+01	0.000000e+00	0.000000e+00	0.000000e+00
-1.389000e+01	-1.386000e+01	0.000000e+00	0.000000e+00	0.000000e+00
-1.386000e+01	-1.383000e+01	0.000000e+00	0.000000e+00	0.000000e+00
-1.383000e+01	-1.380000e+01	0.000000e+00	0.000000e+00	0.000000e+00
-1.380000e+01	-1.377000e+01	0.000000e+00	0.000000e+00	0.000000e+00
-1.377000e+01	-1.374000e+01	0.000000e+00	0.000000e+00	0.000000e+00
-1.374000e+01	-1.371000e+01	0.000000e+00	0.000000e+00	0.000000e+00
-1.371000e+01	-1.368000e+01	0.000000e+00	0.000000e+00	0.000000e+00
-1.368000e+01	-1.365000e+01	0.000000e+00	0.000000e+00	0.000000e+00
-1.365000e+01	-1.362000e+01	0.000000e+00	0.000000e+00	0.000000e+00
-1.362000e+01	-1.359000e+01	0.000000e+00	0.000000e+00	0.000000e+00
-1.359000e+01	-1.356000e+01	0.000000e+00	0.000000e+00	0.000000e+00
-1.356000e+01	-1.353000e+01	0.000000e+00	0.000000e+00	0.000000e+00
-1.353000e+01	-1.350000e+01	0.000000e+00	0.000000e+00	0.000000e+00
-1.350000e+01	-1.347000e+01	0.000000e+00	0.000000e+00	0.000000e+00
-1.347000e+01	-1.344000e+01	0.000000e+00	0.000000e+00	0.000000e+00
-1.344000e+01	-1.341000e+01	0.000000e+00	0.000000e+00	0.000000e+00
-1.341000e+01	-1.338000e+01	0.000000e+00	0.000000e+00	0.000000e+00
-1.338000e+01	-1.335000e+01	0.000000e+00	0.000000e+00	0.000000e+00
-1.335000e+01	-1.332000e+01	0.000000e+00	0.000000e+00	0.000000e+00
-1.332000e+01	-1.329000e+01	0.000000e+00	0.000000e+00	0.000000e+00
-1.329000e+01	-1.326000e+01	0.000000e+00	0.000000e+00	0.000000e+00
-1.326000e+01	-1.323000e+01	0.000000e+00	0.000000e+00	0.000000e+00
-1.323000e+01	-1.320000e+01	0.000000e+00	0.000000e+00	0.000000e+00
-1.320000e+01	-1.317000e+01	0.000000e+00	0.000000e+00	0.000000e+00
-1.317000e+01	-1.314000e+01	0.000000e+00	0.000000e+00	0.000000e+00
-1.314000e+01	-1.311000e+01	0.000000e+00	0.000000e+00	0.000000e+00
-1.311000e+01	-1.308000e+01	0.000000e+00	0.000000e+00	0.000000e+00
-1.308000e+01	-1.305000e+01	0.000000e+00	0.000000e+00	0.000000e+00
-1.305000e+01	-1.302000e+01	0.000000e+00	0.000000e+00	0.000000e+00
-1.302000e+01	-1.299000e+01	0.000000e+00	0.000000e+00	0.000000e+00
-1.299000e+01	-1.296000e+01	0.000000e+00	0.000000e+00	0.000000e+00
-1.296000e+01	-1.293000e+01	0.000000e+00	0.000000e+00	0.000000e+00
-1.293000e+01	-1.290000e+01	0.000000e+00	0.000000e+00	0.000000e+00
-1.290000e+01	-1.287000e+01	0.000000e+00	0.000000e+00	0.000000e+00
-1.287000e+01	-1.284000e+01	0.000000e+00	0.000000e+00	0.000000e+00
-1.284000e+01	-1.281000e+01	0.000000e+00	0.000000e+00	0.000000e+00
-1.281000e+01	-1.278000e+01	0.000000e+00	0.000000e+00	0.000000e+00
-1.278000e+01	-1.275000e+01	0.000000e+00	0.000000e+00	0.000000e+00
-1.275000e+01	-1.272000e+01	0.000000e+00	0.000000e+00	0.000000e+00
-1.272000e+01	-1.269000e+01	0.000000e+00	0.000000e+00	0.000000e+00
-1.269000e+01	-1.266000e+01	0.000000e+00	0.000000e+00	0.000000e+00
-1.266000e+01	-1.263000e+01	0.000000e+00	0.000000e+00	0.000000e+00
-1.263000e+01	-1.260000e+01	0.000000e+00	0.000000e+00	0.000000e+00
-1.260000e+01	-1.257000e+01	0.000000e+00	0.000000e+00	0.000000e+00
-1.257000e+01	-1.254000e+01	0.000000e+00	0.000000e+00	0.000000e+00
-1.254000e+01	-1.251000e+01	0.000000e+00	0.000000e+00	0.000000e+00
-1.251000e+01	-1.248000e+01	0.000000e+00	0.000000e+00	0.000000e+00
-1.248000e+01	-1.245000e+01	0.000000e+00	0.000000e+00	0.000000e+00
-1.245000e+01	-1.242000e+01	0.000000e+00	0.000000e+00	0.000000e+00
-1.242000e+01	-1.239000e+01	0.000000e+00	0.000000e+00	0.000000e+00
-1.239000e+01	-1.236000e+01	0.000000e+00	0.000000e+00	0.000000e+00
-1.236000e+01	-1.233000e+01	0.000000e+00	0.000000e+00	0.000000e+00
-1.233000e+01	-1.230000e+01	0.000000e+00	0.000000e+00	0.000000e+00
-1.230000e+01	-1.227000e+01	0.000000e+00	0.000000e+00	0.000000e+00
-1.227000e+01	-1.224000e+01	0.000000e+00	0.000000e+00	0.000000e+00
-1.224000e+01	-1.221000e+01	0.000000e+00	0.000000e+00	0.000000e+00
-1.221000e+01	-1.218000e+01	0.000000e+00	0.000000e+00	0.000000e+00
-1.218000e+01	-1.215000e+01	0.000000e+00	0.000000e+00	0.000000e+00
-1.215000e+01	-1.212000e+01	0.000000e+00	0.000000e+00	0.000000e+00
-1.212000e+01	-1.209000e+01	0.000000e+00	0.000000e+00	0.000000e+00
-1.209000e+01	-1.206000e+01	0.000000e+00	0.000000e+00	0.000000e+00
-1.206000e+01	-1.203000e+01	0.000000e+00	0.000000e+00	0.000000e+00
-1.203000e+01	-1.200000e+01	0.000000e+00	0.000000e+00	0.000000e+00
-1.200000e+01	-1.197000e+01	0.000000e+00	0.000000e+00	0.000000e+00
-1.197000e+01	-1.194000e+01	0.000000e+00	0.000000e+00	0.000000e+00
-1.194000e+01	-1.191000e+01	0.000000e+00	0.000000e+00	0.000000e+00
-1.191000e+01	-1.188000e+01	0.000000e+00	0.000000e+00	0.000000e+00
-1.188000e+01	-1.185000e+01	0.000000e+00	0.000000e+00	0.000000e+00
-1.185000e+01	-1.182000e+01	0.000000e+00	0.000000e+00	0.000000e+00
-1.182000e+01	-1.179000e+01	0.000000e+00	0.000000e+00	0.000000e+00
-1.179000e+01	-1.176000e+01	0.000000e+00	0.000000e+00	0.000000e+00
-1.176000e+01	-1.173000e+01	0.000000e+00	0.000000e+00	0.000000e+00
-1.173000e+01	-1.170000e+01	0.000000e+00	0.000000e+00	0.000000e+00
-1.170000e+01	-1.167000e+01	0.000000e+00	0.000000e+00	0.000000e+00
-1.167000e+01	-1.164000e+01	0.000000e+00	0.000000e+00	0.000000e+00
-1.164000e+01	-1.161000e+01	0.000000e+00	0.000000e+00	0.000000e+00
-1.161000e+01	-1.158000e+01	0.000000e+00	0.000000e+00	0.000000e+00
-1.158000e+01	-1.155000e+01	0.000000e+00	0.000000e+00	0.000000e+00
-1.155000e+01	-1.152000e+01	0.000000e+00	0.000000e+00	0.000000e+00
-1.152000e+01	-1.149000e+01	0.000000e+00	0.000000e+00	0.000000e+00
-1.149000e+01	-1.146000e+01	0.000000e+00	0.000000e+00	0.000000e+00
-1.146000e+01	-1.143000e+01	0.000000e+00	0.000000e+00	0.000000e+00
-1.143000e+01	-1.140000e+01	0.000000e+00	0.000000e+00	0.000000e+00
-1.140000e+01	-1.137000e+01	0.000000e+00	0.000000e+00	0.000000e+00
-1.137000e+01	-1.134000e+01	0.000000e+00	0.000000e+00	0.000000e+00
-1.134000e+01	-1.131000e+01	0.000000e+00	0.000000e+00	0.000000e+00
-1.131000e+01	-1.128000e+01	0.000000e+00	0.000000e+00	0.000000e+00
-1.128000e+01	-1.125000e+01	0.000000e+00	0.000000e+00	0.000000e+00
-1.125000e+01	-1.122000e+01	0.000000e+00	0.000000e+00	0.000000e+00
-1.122000e+01	-1.119000e+01	0.000000e+00	0.000000e+00	0.000000e+00
-1.119000e+01	-1.116000e+01	0.000000e+00	0.000000e+00	0.000000e+00
-1.116000e+01	-1.113000e+01	0.000000e+00	0.000000e+00	0.000000e+00
-1.113000e+01	-1.110000e+01	0.000000e+00	0.000000e+00	0.000000e+00
-1.110000e+01	-1.107000e+01	0.000000e+00	0.000000e+00	0.000000e+00
-1.107000e+01	-1.104000e+01	0.000000e+00	0.000000e+00	0.000000e+00
-1.104000e+01	-1.101000e+01	0.000000e+00	0.000000e+00	0.000000e+00
-1.101000e+01	-1.098000e+01	0.000000e+00	0.000000e+00	0.000000e+00
-1.098000e+01	-1.095000e+01	0.000000e+00	0.000000e+00	0.000000e+00
-1.095000e+01	-1.092000e+01	0.000000e+00	0.000000e+00	0.000000e+00
-1.092000e+01	-1.089000e+01	0.000000e+00	0.000000e+00	0.000000e+00
-1.089000e+01	-1.086000e+01	0.000000e+00	0.000000e+00	0.000000e+00
-1.086000e+01	-1.083000e+01	0.000000e+00	0.000000e+00	0.000000e+00
-1.083000e+01	-1.080000e+01	0.000000e+00	0.000000e+00	0.000000e+00
-1.080000e+01	-1.077000e+01	0.000000e+00	0.000000e+00	0.000000e+00
-1.077000e+01	-1.074000e+01	0.000000e+00	0.000000e+00	0.000000e+00
-1.074000e+01	-1.071000e+01	0.000000e+00	0.000000e+00	0.000000e+00
-1.071000e+01	-1.068000e+01	0.000000e+00	0.000000e+00	0.000000e+00
-1.068000e+01	-1.065000e+01	0.000000e+00	0.000000e+00	0.000000e+00
-1.065000e+01	-1.062000e+01	0.000000e+00	0.000000e+00	0.000000e+00
-1.062000e+01	-1.059000e+01	0.000000e+00	0.000000e+00	0.000000e+00
-1.059000e+01	-1.056000e+01	0.000000e+00	0.000000e+00	0.000000e+00
-1.056000e+01	-1.053000e+01	0.000000e+00	0.000000e+00	0.000000e+00
-1.053000e+01	-1.050000e+01	0.000000e+00	0.000000e+00	0.000000e+00
-1.050000e+01	-1.047000e+01	0.000000e+00	0.000000e+00	0.000000e+00
-1.047000e+01	-1.044000e+01	0.000000e+00	0.000000e+00	0.000000e+00
-1.044000e+01	-1.041000e+01	0.000000e+00	0.000000e+00	0.000000e+00
-1.041000e+01	-1.038000e+01	0.000000e+00	0.000000e+00	0.000000e+00
-1.038000e+01	-1.035000e+01	0.000000e+00	0.000000e+00	0.000000e+00
-1.035000e+01	-1.032000e+01	0.000000e+00	0.000000e+00	0.000000e+00
-1.032000e+01	-1.029000e+01	0.000000e+00	0.000000e+00	0.000000e+00
-1.029000e+01	-1.026000e+01	0.000000e+00	0.000000e+00	0.000000e+00
-1.026000e+01	-1.023000e+01	0.000000e+00	0.000000e+00	0.000000e+00
-1.023000e+01	-1.020000e+01	0.000000e+00	0.000000e+00	0.000000e+00
-1.020000e+01	-1.017000e+01	0.000000e+00	0.000000e+00	0.000000e+00
-1.017000e+01	-1.014000e+01	0.000000e+00	0.000000e+00	0.000000e+00
-1.014000e+01	-1.011000e+01	0.000000e+00	0.000000e+00	0.000000e+00
-1.011000e+01	-1.008000e+01	0.000000e+00	0.000000e+00	0.000000e+00
-1.008000e+01	-1.005000e+01	0.000000e+00	0.000000e+00	0.000000e+00
-1.005000e+01	-1.002000e+01	0.000000e+00	0.000000e+00	0.000000e+00
-1.002000e+01	-9.990000e+00	0.000000e+00	0.000000e+00	0.000000e+00
-9.990000e+00	-9.960000e+00	0.000000e+00	0.000000e+00	0.000000e+00
-9.960000e+00	-9.930000e+00	0.000000e+00	0.000000e+00	0.000000e+00
-9.930000e+00	-9.900000e+00	0.000000e+00	0.000000e+00	0.000000e+00
-9.900000e+00	-9.870000e+00	0.000000e+00	0.000000e+00	0.000000e+00
-9.870000e+00	-9.840000e+00	0.000000e+00	0.000000e+00	0.000000e+00
-9.840000e+00	-9.810000e+00	0.000000e+00	0.000000e+00	0.000000e+00
-9.810000e+00	-9.780000e+00	0.000000e+00	0.000000e+00	0.000000e+00
-9.780000e+00	-9.750000e+00	0.000000e+00	0.000000e+00	0.000000e+00
-9.750000e+00	-9.720000e+00	0.000000e+00	0.000000e+00	0.000000e+00
-9.720000e+00	-9.690000e+00	0.000000e+00	0.000000e+00	0.000000e+00
-9.690000e+00	-9.660000e+00	0.000000e+00	0.000000e+00	0.000000e+00
-9.660000e+00	-9.630000e+00	0.000000e+00	0.000000e+00	0.000000e+00
-9.630000e+00	-9.600000e+00	0.000000e+00	0.000000e+00	0.000000e+00
-9.600000e+00	-9.570000e+00	0.000000e+00	0.000000e+00	0.000000e+00
-9.570000e+00	-9.540000e+00	0.000000e+00	0.000000e+00	0.000000e+00
-9.540000e+00	-9.510000e+00	0.000000e+00	0.000000e+00	0.000000e+00
-9.510000e+00	-9.480000e+00	0.000000e+00	0.000000e+00	0.000000e+00
-9.480000e+00	-9.450000e+00	0.000000e+00	0.000000e+00	0.000000e+00
-9.450000e+00	-9.420000e+00	0.000000e+00	0.000000e+00	0.000000e+00
-9.420000e+00	-9.390000e+00	0.000000e+00	0.000000e+00	0.000000e+00
-9.390000e+00	-9.360000e+00	0.000000e+00	0.000000e+00	0.000000e+00
-9.360000e+00	-9.330000e+00	0.000000e+00	0.000000e+00	0.000000e+00
-9.330000e+00	-9.300000e+00	0.000000e+00	0.000000e+00	0.000000e+00
-9.300000e+00	-9.270000e+00	0.000000e+00	0.000000e+00	0.000000e+00
-9.270000e+00	-9.240000e+00	0.000000e+00	0.000000e+00	0.000000e+00
-9.240000e+00	-9.210000e+00	0.000000e+00	0.000000e+00	0.000000e+00
-9.210000e+00	-9.180000e+00	0.000000e+00	0.000000e+00	0.000000e+00
-9.180000e+00	-9.150000e+00	0.000000e+00	0.000000e+00	0.000000e+00
-9.150000e+00	-9.120000e+00	0.000000e+00	0.000000e+00	0.000000e+00
-9.120000e+00	-9.090000e+00	0.000000e+00	0.000000e+00	0.000000e+00
-9.090000e+00	-9.060000e+00	0.000000e+00	0.000000e+00	0.000000e+00
-9.060000e+00	-9.030000e+00	0.000000e+00	0.000000e+00	0.000000e+00
-9.030000e+00	-9.000000e+00	0.000000e+00	0.000000e+00	0.000000e+00
-9.000000e+00	-8.970000e+00	0.000000e+00	0.000000e+00	0.000000e+00
-8.970000e+00	-8.940000e+00	0.000000e+00	0.000000e+00	0.000000e+00
-8.940000e+00	-8.910000e+00	0.000000e+00	0.000000e+00	0.000000e+00
-8.910000e+00	-8.880000e+00	0.000000e+00	0.000000e+00	0.000000e+00
-8.880000e+00	-8.850000e+00	0.000000e+00	0.000000e+00	0.000000e+00
-8.850000e+00	-8.820000e+00	0.000000e+00	0.000000e+00	0.000000e+00
-8.820000e+00	-8.790000e+00	0.000000e+00	0.000000e+00	0.000000e+00
-8.790000e+00	-8.760000e+00	0.000000e+00	0.000000e+00	0.000000e+00
-8.760000e+00	-8.730000e+00	0.000000e+00	0.000000e+00	0.000000e+00
-8.730000e+00	-8.700000e+00	0.000000e+00	0.000000e+00	0.000000e+00
-8.700000e+00	-8.670000e+00	0.000000e+00	0.000000e+00	0.000000e+00
-8.670000e+00	-8.640000e+00	0.000000e+00	0.000000e+00	0.000000e+00
-8.640000e+00	-8.610000e+00	0.000000e+00	0.000000e+00	0.000000e+00
-8.610000e+00	-8.580000e+00	0.000000e+00	0.000000e+00	0.000000e+00
-8.580000e+00	-8.550000e+00	0.000000e+00	0.000000e+00	0.000000e+00
-8.550000e+00	-8.520000e+00	0.000000e+00	0.000000e+00	0.000000e+00
-8.520000e+00	-8.490000e+00	0.000000e+00	0.000000e+00	0.000000e+00
-8.490000e+00	-8.460000e+00	0.000000e+00	0.000000e+00	0.000000e+00
-8.460000e+00	-8.430000e+00	0.000000e+00	0.000000e+00	0.000000e+00
-8.430000e+00	-8.400000e+00	0.000000e+00	0.000000e+00	0.000000e+00
-8.400000e+00	-8.370000e+00	0.000000e+00	0.000000e+00	0.000000e+00
-8.370000e+00	-8.340000e+00	0.000000e+00	0.000000e+00	0.000000e+00
-8.340000e+00	-8.310000e+00	0.000000e+00	0.000000e+00	0.000000e+00
-8.310000e+00	-8.280000e+00	0.000000e+00	0.000000e+00	0.000000e+00
-8.280000e+00	-8.250000e+00	0.000000e+00	0.000000e+00	0.000000e+00
-8.250000e+00	-8.220000e+00	0.000000e+00	0.000000e+00	0.000000e+00
-8.220000e+00	-8.190000e+00	0.000000e+00	0.000000e+00	0.000000e+00
-8.190000e+00	-8.160000e+00	0.000000e+00	0.000000e+00	0.000000e+00
-8.160000e+00	-8.130000e+00	0.000000e+00	0.000000e+00	0.000000e+00
-8.130000e+00	-8.100000e+00	0.000000e+00	0.000000e+00	0.000000e+00
-8.100000e+00	-8.070000e+00	0.000000e+00	0.000000e+00	0.000000e+00
-8.070000e+00	-8.040000e+00	0.000000e+00	0.000000e+00	0.000000e+00
-8.040000e+00	-8.010000e+00	0.000000e+00	0.000000e+00	0.000000e+00
-8.010000e+00	-7.980000e+00	0.000000e+00	0.000000e+00	0.000000e+00
-7.980000e+00	-7.950000e+00	0.000000e+00	0.000000e+00	0.000000e+00
-7.950000e+00	-7.920000e+00	0.000000e+00	0.000000e+00	0.000000e+00
-7.920000e+00	-7.890000e+00	0.000000e+00	0.000000e+00	0.000000e+00
-7.890000e+00	-7.860000e+00	0.000000e+00	0.000000e+00	0.000000e+00
-7.860000e+00	-7.830000e+00	0.000000e+00	0.000000e+00	0.000000e+00
-7.830000e+00	-7.800000e+00	0.000000e+00	0.000000e+00	0.000000e+00
-7.800000e+00	-7.770000e+00	0.000000e+00	0.000000e+00	0.000000e+00
-7.770000e+00	-7.740000e+00	0.000000e+00	0.000000e+00	0.000000e+00
-7.740000e+00	-7.710000e+00	0.000000e+00	0.000000e+00	0.000000e+00
-7.710000e+00	-7.680000e+00	0.000000e+00	0.000000e+00	0.000000e+00
-7.680000e+00	-7.650000e+00	0.000000e+00	0.000000e+00	0.000000e+00
-7.650000e+00	-7.620000e+00	0.000000e+00	0.000000e+00	0.000000e+00
-7.620000e+00	-7.590000e+00	0.000000e+00	0.000000e+00	0.000000e+00
-7.590000e+00	-7.560000e+00	0.000000e+00	0.000000e+00	0.000000e+00
-7.560000e+00	-7.530000e+00	0.000000e+00	0.000000e+00	0.000000e+00
-7.530000e+00	-7.500000e+00	0.000000e+00	0.000000e+00	0.000000e+00
-7.500000e+00	-7.470000e+00	0.000000e+00	0.000000e+00	0.000000e+00
-7.470000e+00	-7.440000e+00	0.000000e+00	0.000000e+00	0.000000e+00
-7.440000e+00	-7.410000e+00	0.000000e+00	0.000000e+00	0.000000e+00
-7.410000e+00	-7.380000e+00	0.000000e+00	0.000000e+00	0.000000e+00
-7.380000e+00	-7.350000e+00	0.000000e+00	0.000000e+00	0.000000e+00
-7.350000e+00	-7.320000e+00	0.000000e+00	0.000000e+00	0.000000e+00
-7.320000e+00	-7.290000e+00	0.000000e+00	0.000000e+00	0.000000e+00
-7.290000e+00	-7.260000e+00	0.000000e+00	0.000000e+00	0.000000e+00
-7.260000e+00	-7.230000e+00	0.000000e+00	0.000000e+00	0.000000e+00
-7.230000e+00	-7.200000e+00	0.000000e+00	0.000000e+00	0.000000e+00
-7.200000e+00	-7.170000e+00	0.000000e+00	0.000000e+00	0.000000e+00
-7.170000e+00	-7.140000e+00	0.000000e+00	0.000000e+00	0.000000e+00
-7.140000e+00	-7.110000e+00	0.000000e+00	0.000000e+00	0.000000e+00
-7.110000e+00	-7.080000e+00	0.000000e+00	0.000000e+00	0.000000e+00
-7.080000e+00	-7.050000e+00	0.000000e+00	0.000000e+00	0.000000e+00
-7.050000e+00	-7.020000e+00	0.000000e+00	0.000000e+00	0.000000e+00
-7.020000e+00	-6.990000e+00	0.000000e+00	0.000000e+00	0.000000e+00
-6.990000e+00	-6.960000e+00	0.000000e+00	0.000000e+00	0.000000e+00
-6.960000e+00	-6.930000e+00	0.000000e+00	0.000000e+00	0.000000e+00
-6.930000e+00	-6.900000e+00	0.000000e+00	0.000000e+00	0.000000e+00
-6.900000e+00	-6.870000e+00	0.000000e+00	0.000000e+00	0.000000e+00
-6.870000e+00	-6.840000e+00	0.000000e+00	0.000000e+00	0.000000e+00
-6.840000e+00	-6.810000e+00	0.000000e+00	0.000000e+00	0.000000e+00
-6.810000e+00	-6.780000e+00	0.000000e+00	0.000000e+00	0.000000e+00
-6.780000e+00	-6.750000e+00	0.000000e+00	0.000000e+00	0.000000e+00
-6.750000e+00	-6.720000e+00	0.000000e+00	0.000000e+00	0.000000e+00
-6.720000e+00	-6.690000e+00	0.000000e+00	0.000000e+00	0.000000e+00
-6.690000e+00	-6.660000e+00	0.000000e+00	0.000000e+00	0.000000e+00
-6.660000e+00	-6.630000e+00	0.000000e+00	0.000000e+00	0.000000e+00
-6.630000e+00	-6.600000e+00	0.000000e+00	0.000000e+00	0.000000e+00
-6.600000e+00	-6.570000e+00	0.000000e+00	0.000000e+00	0.000000e+00
-6.570000e+00	-6.540000e+00	0.000000e+00	0.000000e+00	0.000000e+00
-6.540000e+00	-6.510000e+00	0.000000e+00	0.000000e+00	0.000000e+00
-6.510000e+00	-6.480000e+00	0.000000e+00	0.000000e+00	0.000000e+00
-6.480000e+00	-6.450000e+00	0.000000e+00	0.000000e+00	0.000000e+00
-6.450000e+00	-6.420000e+00	0.000000e+00	0.000000e+00	0.000000e+00
-6.420000e+00	-6.390000e+00	0.000000e+00	0.000000e+00	0.000000e+00
-6.390000e+00	-6.360000e+00	0.000000e+00	0.000000e+00	0.000000e+00
-6.360000e+00	-6.330000e+00	0.000000e+00	0.000000e+00	0.000000e+00
-6.330000e+00	-6.300000e+00	0.000000e+00	0.000000e+00	0.000000e+00
-6.300000e+00	-6.270000e+00	0.000000e+00	0.000000e+00	0.000000e+00
-6.270000e+00	-6.240000e+00	1.253133e-01	1.253133e-01	1.253133e-01
-6.240000e+00	-6.210000e+00	0.000000e+00	0.000000e+00	0.000000e+00
-6.210000e+00	-6.180000e+00	0.000000e+00	0.000000e+00	0.000000e+00
-6.180000e+00	-6.150000e+00	0.000000e+00	0.000000e+00	0.000000e+00
-6.150000e+00	-6.120000e+00	0.000000e+00	0.000000e+00	0.000000e+00
-6.120000e+00	-6.090000e+00	0.000000e+00	0.000000e+00	0.000000e+00
-6.090000e+00	-6.060000e+00	0.000000e+00	0.000000e+00	0.000000e+00
-6.060000e+00	-6.030000e+00	0.000000e+00	0.000000e+00	0.000000e+00
-6.030000e+00	-6.000000e+00	0.000000e+00	0.000000e+00	0.000000e+00
-6.000000e+00	-5.970000e+00	0.000000e+00	0.000000e+00	0.000000e+00
-5.970000e+00	-5.940000e+00	0.000000e+00	0.000000e+00	0.000000e+00
-5.940000e+00	-5.910000e+00	0.000000e+00	0.000000e+00	0.000000e+00
-5.910000e+00	-5.880000e+00	0.000000e+00	0.000000e+00	0.000000e+00
-5.880000e+00	-5.850000e+00	0.000000e+00	0.000000e+00	0.000000e+00
-5.850000e+00	-5.820000e+00	0.000000e+00	0.000000e+00	0.000000e+00
-5.820000e+00	-5.790000e+00	0.000000e+00	0.000000e+00	0.000000e+00
-5.790000e+00	-5.760000e+00	0.000000e+00	0.000000e+00	0.000000e+00
-5.760000e+00	-5.730000e+00	0.000000e+00	0.000000e+00	0.000000e+00
-5.730000e+00	-5.700000e+00	1.253133e-01	1.253133e-01	1.253133e-01
-5.700000e+00	-5.670000e+00	0.000000e+00	0.000000e+00	0.000000e+00
-5.670000e+00	-5.640000e+00	0.000000e+00	0.000000e+00	0.000000e+00
-5.640000e+00	-5.610000e+00	0.000000e+00	0.000000e+00	0.000000e+00
-5.610000e+00	-5.580000e+00	1.253133e-01	1.253133e-01	1.253133e-01
-5.580000e+00	-5.550000e+00	0.000000e+00	0.000000e+00	0.000000e+00
-5.550000e+00	-5.520000e+00	0.000000e+00	0.000000e+00	0.000000e+00
-5.520000e+00	-5.490000e+00	0.000000e+00	0.000000e+00	0.000000e+00
-5.490000e+00	-5.460000e+00	0.000000e+00	0.000000e+00	0.000000e+00
-5.460000e+00	-5.430000e+00	0.000000e+00	0.000000e+00	0.000000e+00
-5.430000e+00	-5.400000e+00	2.506266e-01	1.772197e-01	1.772197e-01
-5.400000e+00	-5.370000e+00	0.000000e+00	0.000000e+00	0.000000e+00
-5.370000e+00	-5.340000e+00	0.000000e+00	0.000000e+00	0.000000e+00
-5.340000e+00	-5.310000e+00	2.506266e-01	1.772197e-01	1.772197e-01
-5.310000e+00	-5.280000e+00	0.000000e+00	0.000000e+00	0.000000e+00
-5.280000e+00	-5.250000e+00	0.000000e+00	0.000000e+00	0.000000e+00
-5.250000e+00	-5.220000e+00	0.000000e+00	0.000000e+00	0.000000e+00
-5.220000e+00	-5.190000e+00	0.000000e+00	0.000000e+00	0.000000e+00
-5.190000e+00	-5.160000e+00	0.000000e+00	0.000000e+00	0.000000e+00
-5.160000e+00	-5.130000e+00	0.000000e+00	0.000000e+00	0.000000e+00
-5.130000e+00	-5.100000e+00	0.000000e+00	0.000000e+00	0.000000e+00
-5.100000e+00	-5.070000e+00	1.253133e-01	1.253133e-01	1.253133e-01
-5.070000e+00	-5.040000e+00	0.000000e+00	0.000000e+00	0.000000e+00
-5.040000e+00	-5.010000e+00	0.000000e+00	0.000000e+00	0.000000e+00
-5.010000e+00	-4.980000e+00	1.253133e-01	1.253133e-01	1.253133e-01
-4.980000e+00	-4.950000e+00	0.000000e+00	0.000000e+00	0.000000e+00
-4.950000e+00	-4.920000e+00	1.253133e-01	1.253133e-01	1.253133e-01
-4.920000e+00	-4.890000e+00	2.506266e-01	1.772197e-01	1.772197e-01
-4.890000e+00	-4.860000e+00	0.000000e+00	0.000000e+00	0.000000e+00
-4.860000e+00	-4.830000e+00	0.000000e+00	0.000000e+00	0.000000e+00
-4.830000e+00	-4.800000e+00	2.506266e-01	1.772197e-01	1.772197e-01
-4.800000e+00	-4.770000e+00	1.253133e-01	1.253133e-01	1.253133e-01
-4.770000e+00	-4.740000e+00	0.000000e+00	0.000000e+00	0.000000e+00
-4.740000e+00	-4.710000e+00	2.506266e-01	1.772197e-01	1.772197e-01
-4.710000e+00	-4.680000e+00	1.253133e-01	1.253133e-01	1.253133e-01
-4.680000e+00	-4.650000e+00	1.253133e-01	1.253133e-01	1.253133e-01
-4.650000e+00	-4.620000e+00	0.000000e+00	0.000000e+00	0.000000e+00
-4.620000e+00	-4.590000e+00	1.253133e-01	1.253133e-01	1.253133e-01
-4.590000e+00	-4.560000e+00	1.253133e-01	1.253133e-01	1.253133e-01
-4.560000e+00	-4.530000e+00	1.253133e-01	1.253133e-01	1.253133e-01
-4.530000e+00	-4.500000e+00	0.000000e+00	0.000000e+00	0.000000e+00
-4.500000e+00	-4.470000e+00	0.000000e+00	0.000000e+00	0.000000e+00
-4.470000e+00	-4.440000e+00	2.506266e-01	1.772197e-01	1.772197e-01
-4.440000e+00	-4.410000e+00	3.759400e-01	2.170490e-01	2.170490e-01
-4.410000e+00	-4.380000e+00	2.506266e-01	1.772197e-01	1.772197e-01
-4.380000e+00	-4.350000e+00	2.506266e-01	1.772197e-01	1.772197e-01
-4.350000e+00	-4.320000e+00	0.000000e+00	0.000000e+00	0.000000e+00
-4.320000e+00	-4.290000e+00	2.506266e-01	1.772197e-01	1.772197e-01
-4.290000e+00	-4.260000e+00	1.253133e-01	1.253133e-01	1.253133e-01
-4.260000e+00	-4.230000e+00	1.253133e-01	1.253133e-01	1.253133e-01
-4.230000e+00	-4.200000e+00	0.000000e+00	0.000000e+00	0.000000e+00
-4.200000e+00	-4.170000e+00	3.759400e-01	2.170490e-01	2.170490e-01
-4.170000e+00	-4.140000e+00	2.506266e-01	1.772197e-01	1.772197e-01
-4.140000e+00	-4.110000e+00	3.759400e-01	2.170490e-01	2.170490e-01
-4.110000e+00	-4.080000e+00	1.253133e-01	1.253133e-01	1.253133e-01
-4.080000e+00	-4.050000e+00	2.506266e-01	1.772197e-01	1.772197e-01
-4.050000e+00	-4.020000e+00	2.506266e-01	1.772197e-01	1.772197e-01
-4.020000e+00	-3.990000e+00	1.253133e-01	1.253133e-01	1.253133e-01
-3.990000e+00	-3.960000e+00	1.253133e-01	1.253133e-01	1.253133e-01
-3.960000e+00	-3.930000e+00	3.759400e-01	2.170490e-01	2.170490e-01
-3.930000e+00	-3.900000e+00	2.506266e-01	1.772197e-01	1.772197e-01
-3.900000e+00	-3.870000e+00	1.253133e-01	1.253133e-01	1.253133e-01
-3.870000e+00	-3.840000e+00	5.012530e-01	2.506266e-01	2.506266e-01
-3.840000e+00	-3.810000e+00	2.506266e-01	1.772197e-01	1.772197e-01
-3.810000e+00	-3.780000e+00	7.518797e-01	3.069536e-01	3.069536e-01
-3.780000e+00	-3.750000e+00	3.759400e-01	2.170490e-01	2.170490e-01
-3.750000e+00	-3.720000e+00	1.253133e-01	1.253133e-01	1.253133e-01
-3.720000e+00	-3.690000e+00	3.759400e-01	2.170490e-01	2.170490e-01
-3.690000e+00	-3.660000e+00	2.506266e-01	1.772197e-01	1.772197e-01
-3.660000e+00	-3.630000e+00	3.759400e-01	2.170490e-01	2.170490e-01
-3.630000e+00	-3.600000e+00	5.012530e-01	2.506266e-01	2.506266e-01
-3.600000e+00	-3.570000e+00	6.265663e-01	2.802090e-01	2.802090e-01
-3.570000e+00	-3.540000e+00	5.012530e-01	2.506266e-01	2.506266e-01
-3.540000e+00	-3.510000e+00	5.012530e-01	2.506266e-01	2.506266e-01
-3.510000e+00	-3.480000e+00	0.000000e+00	0.000000e+00	0.000000e+00
-3.480000e+00	-3.450000e+00	3.759400e-01	2.170490e-01	2.170490e-01
-3.450000e+00	-3.420000e+00	3.759400e-01	2.170490e-01	2.170490e-01
-3.420000e+00	-3.390000e+00	3.759400e-01	2.170490e-01	2.170490e-01
-3.390000e+00	-3.360000e+00	3.759400e-01	2.170490e-01	2.170490e-01
-3.360000e+00	-3.330000e+00	2.506266e-01	1.772197e-01	1.772197e-01
-3.330000e+00	-3.300000e+00	6.265663e-01	2.802090e-01	2.802090e-01
-3.300000e+00	-3.270000e+00	1.253133e-01	1.253133e-01	1.253133e-01
-3.270000e+00	-3.240000e+00	8.771930e-01	3.315478e-01	3.315478e-01
-3.240000e+00	-3.210000e+00	1.253133e-01	1.253133e-01	1.253133e-01
-3.210000e+00	-3.180000e+00	6.265663e-01	2.802090e-01	2.802090e-01
-3.180000e+00	-3.150000e+00	2.506266e-01	1.772197e-01	1.772197e-01
-3.150000e+00	-3.120000e+00	0.000000e+00	0.000000e+00	0.000000e+00
-3.120000e+00	-3.090000e+00	3.759400e-01	2.170490e-01	2.170490e-01
-3.090000e+00	-3.060000e+00	3.759400e-01	2.170490e-01	2.170490e-01
-3.060000e+00	-3.030000e+00	2.506266e-01	1.772197e-01	1.772197e-01
-3.030000e+00	-3.000000e+00	6.265663e-01	2.802090e-01	2.802090e-01
-3.000000e+00	-2.970000e+00	2.506266e-01	1.772197e-01	1.772197e-01
-2.970000e+00	-2.940000e+00	5.012530e-01	2.506266e-01	2.506266e-01
-2.940000e+00	-2.910000e+00	3.759400e-01	2.170490e-01	2.170490e-01
-2.910000e+00	-2.880000e+00	3.759400e-01	2.170490e-01	2.170490e-01
-2.880000e+00	-2.850000e+00	3.759400e-01	2.170490e-01	2.170490e-01
-2.850000e+00	-2.820000e+00	2.506266e-01	1.772197e-01	1.772197e-01
-2.820000e+00	-2.790000e+00	1.253133e-01	1.253133e-01	1.253133e-01
-2.790000e+00	-2.760000e+00	6.265663e-01	2.802090e-01	2.802090e-01
-2.760000e+00	-2.730000e+00	1.253133e-01	1.253133e-01	1.253133e-01
-2.730000e+00	-2.700000e+00	2.506266e-01	1.772197e-01	1.772197e-01
-2.700000e+00	-2.670000e+00	3.759400e-01	2.170490e-01	2.170490e-01
-2.670000e+00	-2.640000e+00	5.012530e-01	2.506266e-01	2.506266e-01
-2.640000e+00	-2.610000e+00	6.265663e-01	2.802090e-01	2.802090e-01
-2.610000e+00	-2.580000e+00	7.518797e-01	3.069536e-01	3.069536e-01
-2.580000e+00	-2.550000e+00	1.253133e-01	1.253133e-01	1.253133e-01
-2.550000e+00	-2.520000e+00	1.253133e-01	1.253133e-01	1.253133e-01
-2.520000e+00	-2.490000e+00	3.759400e-01	2.170490e-01	2.170490e-01
-2.490000e+00	-2.460000e+00	1.253133e-01	1.253133e-01	1.253133e-01
-2.460000e+00	-2.430000e+00	3.759400e-01	2.170490e-01	2.170490e-01
-2.430000e+00	-2.400000e+00	2.506266e-01	1.772197e-01	1.772197e-01
-2.400000e+00	-2.370000e+00	6.265663e-01	2.802090e-01	2.802090e-01
-2.370000e+00	-2.340000e+00	1.253133e-01	1.253133e-01	1.253133e-01
-2.340000e+00	-2.310000e+00	5.012530e-01	2.506266e-01	2.506266e-01
-2.310000e+00	-2.280000e+00	1.253133e-01	1.253133e-01	1.253133e-01
-2.280000e+00	-2.250000e+00	3.759400e-01	2.170490e-01	2.170490e-01
-2.250000e+00	-2.220000e+00	1.253133e-01	1.253133e-01	1.253133e-01
-2.220000e+00	-2.190000e+00	2.506266e-01	1.772197e-01	1.772197e-01
-2.190000e+00	-2.160000e+00	2.506266e-01	1.772197e-01	1.772197e-01
-2.160000e+00	-2.130000e+00	1.253133e-01	1.253133e-01	1.253133e-01
-2.130000e+00	-2.100000e+00	3.759400e-01	2.170490e-01	2.170490e-01
-2.100000e+00	-2.070000e+00	0.000000e+00	0.000000e+00	0.000000e+00
-2.070000e+00	-2.040000e+00	5.012530e-01	2.506266e-01	2.506266e-01
-2.040000e+00	-2.010000e+00	6.265663e-01	2.802090e-01	2.802090e-01
-2.010000e+00	-1.980000e+00	2.506266e-01	1.772197e-01	1.772197e-01
-1.980000e+00	-1.950000e+00	1.253133e-01	1.253133e-01	1.253133e-01
-1.950000e+00	-1.920000e+00	1.253133e-01	1.253133e-01	1.253133e-01
-1.920000e+00	-1.890000e+00	2.506266e-01	1.772197e-01	1.772197e-01
-1.890000e+00	-1.860000e+00	1.253133e-01	1.253133e-01	1.253133e-01
-1.860000e+00	-1.830000e+00	3.759400e-01	2.170490e-01	2.170490e-01
-1.830000e+00	-1.800000e+00	0.000000e+00	0.000000e+00	0.000000e+00
-1.800000e+00	-1.770000e+00	1.253133e-01	1.253133e-01	1.253133e-01
-1.770000e+00	-1.740000e+00	2.506266e-01	1.772197e-01	1.772197e-01
-1.740000e+00	-1.710000e+00	0.000000e+00	0.000000e+00	0.000000e+00
-1.710000e+00	-1.680000e+00	3.759400e-01	2.170490e-01	2.170490e-01
-1.680000e+00	-1.650000e+00	2.506266e-01	1.772197e-01	1.772197e-01
-1.650000e+00	-1.620000e+00	1.253133e-01	1.253133e-01	1.253133e-01
-1.620000e+00	-1.590000e+00	1.253133e-01	1.253133e-01	1.253133e-01
-1.590000e+00	-1.560000e+00	0.000000e+00	0.000000e+00	0.000000e+00
-1.560000e+00	-1.530000e+00	0.000000e+00	0.000000e+00	0.000000e+00
-1.530000e+00	-1.500000e+00	0.000000e+00	0.000000e+00	0.000000e+00
-1.500000e+00	-1.470000e+00	0.000000e+00	0.000000e+00	0.000000e+00
-1.470000e+00	-1.440000e+00	0.000000e+00	0.000000e+00	0.000000e+00
-1.440000e+00	-1.410000e+00	2.506266e-01	1.772197e-01	1.772197e-01
-1.410000e+00	-1.380000e+00	1.253133e-01	1.253133e-01	1.253133e-01
-1.380000e+00	-1.350000e+00	1.253133e-01	1.253133e-01	1.253133e-01
-1.350000e+00	-1.320000e+00	0.000000e+00	0.000000e+00	0.000000e+00
-1.320000e+00	-1.290000e+00	0.000000e+00	0.000000e+00	0.000000e+00
-1.290000e+00	-1.260000e+00	0.000000e+00	0.000000e+00	0.000000e+00
-1.260000e+00	-1.230000e+00	0.000000e+00	0.000000e+00	0.000000e+00
-1.230000e+00	-1.200000e+00	1.253133e-01	1.253133e-01	1.253133e-01
-1.200000e+00	-1.170000e+00	1.253133e-01	1.253133e-01	1.253133e-01
-1.170000e+00	-1.140000e+00	0.000000e+00	0.000000e+00	0.000000e+00
-1.140000e+00	-1.110000e+00	1.253133e-01	1.253133e-01	1.253133e-01
-1.110000e+00	-1.080000e+00	0.000000e+00	0.000000e+00	0.000000e+00
-1.080000e+00	-1.050000e+00	1.253133e-01	1.253133e-01	1.253133e-01
-1.050000e+00	-1.020000e+00	1.253133e-01	1.253133e-01	1.253133e-01
-1.020000e+00	-9.900000e-01	1.253133e-01	1.253133e-01	1.253133e-01
-9.900000e-01	-9.600000e-01	0.000000e+00	0.000000e+00	0.000000e+00
-9.600000e-01	-9.300000e-01	0.000000e+00	0.000000e+00	0.000000e+00
-9.300000e-01	-9.000000e-01	0.000000e+00	0.000000e+00	0.000000e+00
-9.000000e-01	-8.700000e-01	2.506266e-01	1.772197e-01	1.772197e-01
-8.700000e-01	-8.400000e-01	0.000000e+00	0.000000e+00	0.000000e+00
-8.400000e-01	-8.100000e-01	0.000000e+00	0.000000e+00	0.000000e+00
-8.100000e-01	-7.800000e-01	0.000000e+00	0.000000e+00	0.000000e+00
-7.800000e-01	-7.500000e-01	1.253133e-01	1.253133e-01	1.253133e-01
-7.500000e-01	-7.200000e-01	1.253133e-01	1.253133e-01	1.253133e-01
-7.200000e-01	-6.900000e-01	0.000000e+00	0.000000e+00	0.000000e+00
-6.900000e-01	-6.600000e-01	0.000000e+00	0.000000e+00	0.000000e+00
-6.600000e-01	-6.300000e-01	0.000000e+00	0.000000e+00	0.000000e+00
-6.300000e-01	-6.000000e-01	0.000000e+00	0.000000e+00	0.000000e+00
-6.000000e-01	-5.700000e-01	0.000000e+00	0.000000e+00	0.000000e+00
-5.700000e-01	-5.400000e-01	0.000000e+00	0.000000e+00	0.000000e+00
-5.400000e-01	-5.100000e-01	0.000000e+00	0.000000e+00	0.000000e+00
-5.100000e-01	-4.800000e-01	0.000000e+00	0.000000e+00	0.000000e+00
-4.800000e-01	-4.500000e-01	0.000000e+00	0.000000e+00	0.000000e+00
-4.500000e-01	-4.200000e-01	0.000000e+00	0.000000e+00	0.000000e+00
-4.200000e-01	-3.900000e-01	0.000000e+00	0.000000e+00	0.000000e+00
-3.900000e-01	-3.600000e-01	0.000000e+00	0.000000e+00	0.000000e+00
-3.600000e-01	-3.300000e-01	0.000000e+00	0.000000e+00	0.000000e+00
-3.300000e-01	-3.000000e-01	0.000000e+00	0.000000e+00	0.000000e+00
-3.000000e-01	-2.700000e-01	0.000000e+00	0.000000e+00	0.000000e+00
-2.700000e-01	-2.400000e-01	0.000000e+00	0.000000e+00	0.000000e+00
-2.400000e-01	-2.100000e-01	0.000000e+00	0.000000e+00	0.000000e+00
-2.100000e-01	-1.800000e-01	0.000000e+00	0.000000e+00	0.000000e+00
-1.800000e-01	-1.500000e-01	0.000000e+00	0.000000e+00	0.000000e+00
-1.500000e-01	-1.200000e-01	0.000000e+00	0.000000e+00	0.000000e+00
-1.200000e-01	-9.000000e-02	0.000000e+00	0.000000e+00	0.000000e+00
-9.000000e-02	-6.000000e-02	0.000000e+00	0.000000e+00	0.000000e+00
-6.000000e-02	-3.000000e-02	0.000000e+00	0.000000e+00	0.000000e+00
-3.000000e-02	0.000000e+00	0.000000e+00	0.000000e+00	0.000000e+00
# END HISTO1D

