# BEGIN PLOT
LegendOnly=//afs/cern.ch/user/d/dkar/lh2015-qg/Vincia-2001/lhc/hadron/dijet.yoda/MC_LHQG_dijet/mMDT_GA_20_00_Q200_R8 //afs/cern.ch/user/d/dkar/lh2015-qg/Vincia-2001/lhc/hadron/dijet_nobias.yoda/MC_LHQG_dijet/mMDT_GA_20_00_Q200_R8
DrawOnly=//afs/cern.ch/user/d/dkar/lh2015-qg/Vincia-2001/lhc/hadron/dijet.yoda/MC_LHQG_dijet/mMDT_GA_20_00_Q200_R8 //afs/cern.ch/user/d/dkar/lh2015-qg/Vincia-2001/lhc/hadron/dijet_nobias.yoda/MC_LHQG_dijet/mMDT_GA_20_00_Q200_R8
RatioPlotReference=//afs/cern.ch/user/d/dkar/lh2015-qg/Vincia-2001/lhc/hadron/dijet.yoda/MC_LHQG_dijet/mMDT_GA_20_00_Q200_R8
RatioPlot=1
LogY=1
RatioPlotYLabel=Ratio
Legend=1
# END PLOT

# BEGIN HISTO1D //afs/cern.ch/user/d/dkar/lh2015-qg/Vincia-2001/lhc/hadron/dijet.yoda/MC_LHQG_dijet/mMDT_GA_20_00_Q200_R8
LineColor=red
LineStyle=solid
Path=//afs/cern.ch/user/d/dkar/lh2015-qg/Vincia-2001/lhc/hadron/dijet.yoda/MC_LHQG_dijet/mMDT_GA_20_00_Q200_R8
ScaledBy=5.0914180862722374
Title=dijet
XLabel=
YLabel=
# xlow	 xhigh	 val	 errminus	 errplus
0.000000e+00	2.000000e-03	0.000000e+00	0.000000e+00	0.000000e+00
2.000000e-03	4.000000e-03	0.000000e+00	0.000000e+00	0.000000e+00
4.000000e-03	6.000000e-03	0.000000e+00	0.000000e+00	0.000000e+00
6.000000e-03	8.000000e-03	0.000000e+00	0.000000e+00	0.000000e+00
8.000000e-03	1.000000e-02	0.000000e+00	0.000000e+00	0.000000e+00
1.000000e-02	1.200000e-02	0.000000e+00	0.000000e+00	0.000000e+00
1.200000e-02	1.400000e-02	2.702918e-04	2.670270e-04	2.670270e-04
1.400000e-02	1.600000e-02	6.990270e-03	5.760195e-03	5.760195e-03
1.600000e-02	1.800000e-02	9.382680e-03	4.507822e-03	4.507822e-03
1.800000e-02	2.000000e-02	2.046843e-01	1.116302e-01	1.116302e-01
2.000000e-02	2.200000e-02	1.632200e-01	3.649606e-02	3.649606e-02
2.200000e-02	2.400000e-02	3.311621e-01	4.305778e-02	4.305778e-02
2.400000e-02	2.600000e-02	6.543560e-01	7.718418e-02	7.718418e-02
2.600000e-02	2.800000e-02	1.185813e+00	1.282619e-01	1.282619e-01
2.800000e-02	3.000000e-02	1.612890e+00	1.516780e-01	1.516780e-01
3.000000e-02	3.200000e-02	3.166916e+00	7.551402e-01	7.551402e-01
3.200000e-02	3.400000e-02	3.456455e+00	4.822560e-01	4.822560e-01
3.400000e-02	3.600000e-02	3.299113e+00	2.459089e-01	2.459089e-01
3.600000e-02	3.800000e-02	6.113945e+00	1.308721e+00	1.308721e+00
3.800000e-02	4.000000e-02	6.264100e+00	1.715405e+00	1.715405e+00
4.000000e-02	4.200000e-02	5.252020e+00	4.817625e-01	4.817625e-01
4.200000e-02	4.400000e-02	5.764790e+00	4.070019e-01	4.070019e-01
4.400000e-02	4.600000e-02	6.599450e+00	1.019086e+00	1.019086e+00
4.600000e-02	4.800000e-02	7.637750e+00	1.573512e+00	1.573512e+00
4.800000e-02	5.000000e-02	8.737110e+00	1.651603e+00	1.651603e+00
5.000000e-02	5.200000e-02	6.635375e+00	5.461854e-01	5.461854e-01
5.200000e-02	5.400000e-02	6.827970e+00	6.114845e-01	6.114845e-01
5.400000e-02	5.600000e-02	1.019756e+01	2.608547e+00	2.608547e+00
5.600000e-02	5.800000e-02	8.487135e+00	1.522311e+00	1.522311e+00
5.800000e-02	6.000000e-02	5.979045e+00	3.172717e-01	3.172717e-01
6.000000e-02	6.200000e-02	9.405290e+00	1.825601e+00	1.825601e+00
6.200000e-02	6.400000e-02	7.389480e+00	9.256558e-01	9.256558e-01
6.400000e-02	6.600000e-02	8.040160e+00	1.071852e+00	1.071852e+00
6.600000e-02	6.800000e-02	5.891750e+00	3.191702e-01	3.191702e-01
6.800000e-02	7.000000e-02	6.795420e+00	1.123467e+00	1.123467e+00
7.000000e-02	7.200000e-02	1.052148e+01	3.046322e+00	3.046322e+00
7.200000e-02	7.400000e-02	6.451935e+00	1.172379e+00	1.172379e+00
7.400000e-02	7.600000e-02	6.459545e+00	1.010972e+00	1.010972e+00
7.600000e-02	7.800000e-02	8.688910e+00	2.325997e+00	2.325997e+00
7.800000e-02	8.000000e-02	5.840870e+00	7.005475e-01	7.005475e-01
8.000000e-02	8.200000e-02	1.118523e+01	3.908874e+00	3.908874e+00
8.200000e-02	8.400000e-02	5.424895e+00	3.879421e-01	3.879421e-01
8.400000e-02	8.600000e-02	7.354480e+00	1.874743e+00	1.874743e+00
8.600000e-02	8.800000e-02	4.605571e+00	2.388236e-01	2.388236e-01
8.800000e-02	9.000000e-02	5.683720e+00	6.438616e-01	6.438616e-01
9.000000e-02	9.200000e-02	7.068420e+00	1.449400e+00	1.449400e+00
9.200000e-02	9.400000e-02	5.089665e+00	5.205007e-01	5.205007e-01
9.400000e-02	9.600000e-02	6.883525e+00	1.322358e+00	1.322358e+00
9.600000e-02	9.800000e-02	8.338355e+00	3.775348e+00	3.775348e+00
9.800000e-02	1.000000e-01	5.935220e+00	1.235046e+00	1.235046e+00
1.000000e-01	1.020000e-01	4.885343e+00	8.025045e-01	8.025045e-01
1.020000e-01	1.040000e-01	4.314968e+00	3.300305e-01	3.300305e-01
1.040000e-01	1.060000e-01	8.789695e+00	2.406666e+00	2.406666e+00
1.060000e-01	1.080000e-01	3.979750e+00	2.869149e-01	2.869149e-01
1.080000e-01	1.100000e-01	5.098135e+00	8.748916e-01	8.748916e-01
1.100000e-01	1.120000e-01	5.319220e+00	2.013699e+00	2.013699e+00
1.120000e-01	1.140000e-01	4.142846e+00	5.296933e-01	5.296933e-01
1.140000e-01	1.160000e-01	3.837174e+00	3.182409e-01	3.182409e-01
1.160000e-01	1.180000e-01	3.344619e+00	1.800702e-01	1.800702e-01
1.180000e-01	1.200000e-01	5.847595e+00	1.466925e+00	1.466925e+00
1.200000e-01	1.220000e-01	3.491361e+00	2.952941e-01	2.952941e-01
1.220000e-01	1.240000e-01	4.023330e+00	6.367704e-01	6.367704e-01
1.240000e-01	1.260000e-01	3.236749e+00	3.027765e-01	3.027765e-01
1.260000e-01	1.280000e-01	6.093270e+00	2.808078e+00	2.808078e+00
1.280000e-01	1.300000e-01	3.524523e+00	4.845599e-01	4.845599e-01
1.300000e-01	1.320000e-01	6.597185e+00	2.841718e+00	2.841718e+00
1.320000e-01	1.340000e-01	3.090191e+00	2.976002e-01	2.976002e-01
1.340000e-01	1.360000e-01	3.488301e+00	7.428604e-01	7.428604e-01
1.360000e-01	1.380000e-01	3.124986e+00	3.441912e-01	3.441912e-01
1.380000e-01	1.400000e-01	2.931385e+00	2.054640e-01	2.054640e-01
1.400000e-01	1.420000e-01	2.674272e+00	1.911114e-01	1.911114e-01
1.420000e-01	1.440000e-01	2.655348e+00	1.555968e-01	1.555968e-01
1.440000e-01	1.460000e-01	3.082554e+00	4.469568e-01	4.469568e-01
1.460000e-01	1.480000e-01	2.812261e+00	3.120194e-01	3.120194e-01
1.480000e-01	1.500000e-01	2.409267e+00	1.702108e-01	1.702108e-01
1.500000e-01	1.520000e-01	2.498114e+00	2.539793e-01	2.539793e-01
1.520000e-01	1.540000e-01	2.658605e+00	2.137579e-01	2.137579e-01
1.540000e-01	1.560000e-01	2.209036e+00	2.097581e-01	2.097581e-01
1.560000e-01	1.580000e-01	2.535482e+00	1.938158e-01	1.938158e-01
1.580000e-01	1.600000e-01	2.041717e+00	1.534300e-01	1.534300e-01
1.600000e-01	1.620000e-01	2.549743e+00	4.706978e-01	4.706978e-01
1.620000e-01	1.640000e-01	1.866252e+00	1.701208e-01	1.701208e-01
1.640000e-01	1.660000e-01	4.707392e+00	2.587061e+00	2.587061e+00
1.660000e-01	1.680000e-01	2.121440e+00	1.590385e-01	1.590385e-01
1.680000e-01	1.700000e-01	2.105458e+00	1.554446e-01	1.554446e-01
1.700000e-01	1.720000e-01	2.091034e+00	2.461281e-01	2.461281e-01
1.720000e-01	1.740000e-01	2.503036e+00	5.693902e-01	5.693902e-01
1.740000e-01	1.760000e-01	4.434789e+00	1.985381e+00	1.985381e+00
1.760000e-01	1.780000e-01	4.735788e+00	2.607954e+00	2.607954e+00
1.780000e-01	1.800000e-01	1.735833e+00	1.683957e-01	1.683957e-01
1.800000e-01	1.820000e-01	1.693630e+00	1.248563e-01	1.248563e-01
1.820000e-01	1.840000e-01	1.699872e+00	1.727618e-01	1.727618e-01
1.840000e-01	1.860000e-01	1.782450e+00	1.389061e-01	1.389061e-01
1.860000e-01	1.880000e-01	2.415568e+00	1.028906e+00	1.028906e+00
1.880000e-01	1.900000e-01	1.673647e+00	1.518699e-01	1.518699e-01
1.900000e-01	1.920000e-01	1.993134e+00	2.841739e-01	2.841739e-01
1.920000e-01	1.940000e-01	2.035570e+00	6.699459e-01	6.699459e-01
1.940000e-01	1.960000e-01	1.760778e+00	1.757249e-01	1.757249e-01
1.960000e-01	1.980000e-01	2.013584e+00	4.540434e-01	4.540434e-01
1.980000e-01	2.000000e-01	2.711511e+00	1.292525e+00	1.292525e+00
2.000000e-01	2.020000e-01	1.298448e+00	1.046764e-01	1.046764e-01
2.020000e-01	2.040000e-01	1.578627e+00	1.271179e-01	1.271179e-01
2.040000e-01	2.060000e-01	1.686115e+00	2.130544e-01	2.130544e-01
2.060000e-01	2.080000e-01	1.293044e+00	1.363979e-01	1.363979e-01
2.080000e-01	2.100000e-01	1.209936e+00	1.156567e-01	1.156567e-01
2.100000e-01	2.120000e-01	1.418708e+00	2.045731e-01	2.045731e-01
2.120000e-01	2.140000e-01	1.361249e+00	1.386201e-01	1.386201e-01
2.140000e-01	2.160000e-01	1.147198e+00	1.041034e-01	1.041034e-01
2.160000e-01	2.180000e-01	1.187918e+00	1.192243e-01	1.192243e-01
2.180000e-01	2.200000e-01	2.030712e+00	1.005225e+00	1.005225e+00
2.200000e-01	2.220000e-01	1.136658e+00	1.151917e-01	1.151917e-01
2.220000e-01	2.240000e-01	1.109157e+00	1.286765e-01	1.286765e-01
2.240000e-01	2.260000e-01	3.248019e+00	1.574138e+00	1.574138e+00
2.260000e-01	2.280000e-01	1.087659e+00	1.397497e-01	1.397497e-01
2.280000e-01	2.300000e-01	1.101486e+00	1.290725e-01	1.290725e-01
2.300000e-01	2.320000e-01	9.238560e-01	9.209187e-02	9.209187e-02
2.320000e-01	2.340000e-01	9.996805e-01	9.996198e-02	9.996198e-02
2.340000e-01	2.360000e-01	1.453858e+00	5.522905e-01	5.522905e-01
2.360000e-01	2.380000e-01	1.197574e+00	1.500319e-01	1.500319e-01
2.380000e-01	2.400000e-01	2.240753e+00	1.224461e+00	1.224461e+00
2.400000e-01	2.420000e-01	1.726254e+00	6.557534e-01	6.557534e-01
2.420000e-01	2.440000e-01	8.236985e-01	8.392526e-02	8.392526e-02
2.440000e-01	2.460000e-01	2.124689e+00	1.307374e+00	1.307374e+00
2.460000e-01	2.480000e-01	8.910780e-01	9.298224e-02	9.298224e-02
2.480000e-01	2.500000e-01	7.564125e-01	8.388580e-02	8.388580e-02
2.500000e-01	2.520000e-01	9.190215e-01	1.006551e-01	1.006551e-01
2.520000e-01	2.540000e-01	8.397015e-01	8.954964e-02	8.954964e-02
2.540000e-01	2.560000e-01	8.230350e-01	8.765647e-02	8.765647e-02
2.560000e-01	2.580000e-01	2.433770e+00	1.437253e+00	1.437253e+00
2.580000e-01	2.600000e-01	7.663555e-01	1.238192e-01	1.238192e-01
2.600000e-01	2.620000e-01	9.817885e-01	2.619186e-01	2.619186e-01
2.620000e-01	2.640000e-01	6.271515e-01	6.746827e-02	6.746827e-02
2.640000e-01	2.660000e-01	7.365000e-01	7.696699e-02	7.696699e-02
2.660000e-01	2.680000e-01	6.847305e-01	7.621781e-02	7.621781e-02
2.680000e-01	2.700000e-01	5.350065e-01	6.237960e-02	6.237960e-02
2.700000e-01	2.720000e-01	6.385035e-01	7.752225e-02	7.752225e-02
2.720000e-01	2.740000e-01	2.201625e+00	1.114366e+00	1.114366e+00
2.740000e-01	2.760000e-01	7.229295e-01	9.917622e-02	9.917622e-02
2.760000e-01	2.780000e-01	1.275948e+00	5.891708e-01	5.891708e-01
2.780000e-01	2.800000e-01	9.557140e-01	2.260129e-01	2.260129e-01
2.800000e-01	2.820000e-01	2.287455e+00	1.789732e+00	1.789732e+00
2.820000e-01	2.840000e-01	7.862250e-01	1.406967e-01	1.406967e-01
2.840000e-01	2.860000e-01	4.845435e-01	6.349982e-02	6.349982e-02
2.860000e-01	2.880000e-01	5.238420e-01	7.346317e-02	7.346317e-02
2.880000e-01	2.900000e-01	4.778937e-01	6.299579e-02	6.299579e-02
2.900000e-01	2.920000e-01	5.536440e-01	6.662907e-02	6.662907e-02
2.920000e-01	2.940000e-01	7.102410e-01	2.390833e-01	2.390833e-01
2.940000e-01	2.960000e-01	5.410505e-01	1.145507e-01	1.145507e-01
2.960000e-01	2.980000e-01	4.812616e-01	5.956889e-02	5.956889e-02
2.980000e-01	3.000000e-01	3.732654e-01	5.307744e-02	5.307744e-02
3.000000e-01	3.020000e-01	1.061066e+00	4.626137e-01	4.626137e-01
3.020000e-01	3.040000e-01	4.276064e-01	6.107978e-02	6.107978e-02
3.040000e-01	3.060000e-01	4.477312e-01	6.560206e-02	6.560206e-02
3.060000e-01	3.080000e-01	6.512785e-01	1.316840e-01	1.316840e-01
3.080000e-01	3.100000e-01	3.868445e-01	5.735131e-02	5.735131e-02
3.100000e-01	3.120000e-01	4.675278e-01	7.055268e-02	7.055268e-02
3.120000e-01	3.140000e-01	3.582686e-01	5.347268e-02	5.347268e-02
3.140000e-01	3.160000e-01	7.726640e-01	3.320213e-01	3.320213e-01
3.160000e-01	3.180000e-01	4.061528e-01	6.785998e-02	6.785998e-02
3.180000e-01	3.200000e-01	2.518166e-01	3.897729e-02	3.897729e-02
3.200000e-01	3.220000e-01	3.557784e-01	5.331630e-02	5.331630e-02
3.220000e-01	3.240000e-01	3.453847e-01	5.351184e-02	5.351184e-02
3.240000e-01	3.260000e-01	2.705685e-01	4.144253e-02	4.144253e-02
3.260000e-01	3.280000e-01	3.634454e-01	7.143175e-02	7.143175e-02
3.280000e-01	3.300000e-01	2.803671e-01	4.527572e-02	4.527572e-02
3.300000e-01	3.320000e-01	3.659799e-01	5.562956e-02	5.562956e-02
3.320000e-01	3.340000e-01	3.344593e-01	5.458319e-02	5.458319e-02
3.340000e-01	3.360000e-01	6.128815e-01	2.073525e-01	2.073525e-01
3.360000e-01	3.380000e-01	3.619134e-01	5.451507e-02	5.451507e-02
3.380000e-01	3.400000e-01	3.002370e-01	5.067911e-02	5.067911e-02
3.400000e-01	3.420000e-01	4.890821e-01	1.823056e-01	1.823056e-01
3.420000e-01	3.440000e-01	3.226087e-01	5.311629e-02	5.311629e-02
3.440000e-01	3.460000e-01	2.446815e-01	4.204960e-02	4.204960e-02
3.460000e-01	3.480000e-01	2.938309e-01	5.541493e-02	5.541493e-02
3.480000e-01	3.500000e-01	3.457485e-01	6.688346e-02	6.688346e-02
3.500000e-01	3.520000e-01	3.932690e-01	6.121505e-02	6.121505e-02
3.520000e-01	3.540000e-01	3.458328e-01	8.037867e-02	8.037867e-02
3.540000e-01	3.560000e-01	3.956382e-01	1.265294e-01	1.265294e-01
3.560000e-01	3.580000e-01	4.323266e-01	1.412835e-01	1.412835e-01
3.580000e-01	3.600000e-01	2.413929e-01	3.846827e-02	3.846827e-02
3.600000e-01	3.620000e-01	1.350673e+00	1.002160e+00	1.002160e+00
3.620000e-01	3.640000e-01	1.921205e-01	3.583306e-02	3.583306e-02
3.640000e-01	3.660000e-01	4.420163e-01	1.528294e-01	1.528294e-01
3.660000e-01	3.680000e-01	2.935376e-01	5.376532e-02	5.376532e-02
3.680000e-01	3.700000e-01	2.393930e-01	5.034650e-02	5.034650e-02
3.700000e-01	3.720000e-01	2.856494e-01	5.217507e-02	5.217507e-02
3.720000e-01	3.740000e-01	3.530843e-01	5.482388e-02	5.482388e-02
3.740000e-01	3.760000e-01	2.628012e-01	5.711576e-02	5.711576e-02
3.760000e-01	3.780000e-01	2.451517e-01	5.766182e-02	5.766182e-02
3.780000e-01	3.800000e-01	2.771330e-01	5.231085e-02	5.231085e-02
3.800000e-01	3.820000e-01	1.958005e-01	3.701764e-02	3.701764e-02
3.820000e-01	3.840000e-01	2.586560e-01	4.857471e-02	4.857471e-02
3.840000e-01	3.860000e-01	9.476100e-01	6.695532e-01	6.695532e-01
3.860000e-01	3.880000e-01	1.852971e-01	3.835984e-02	3.835984e-02
3.880000e-01	3.900000e-01	2.122243e-01	5.936975e-02	5.936975e-02
3.900000e-01	3.920000e-01	2.615922e-01	4.736474e-02	4.736474e-02
3.920000e-01	3.940000e-01	1.874592e-01	3.638860e-02	3.638860e-02
3.940000e-01	3.960000e-01	1.600898e-01	3.543105e-02	3.543105e-02
3.960000e-01	3.980000e-01	1.585188e-01	3.440001e-02	3.440001e-02
3.980000e-01	4.000000e-01	2.432409e-01	4.286797e-02	4.286797e-02
4.000000e-01	4.020000e-01	1.479675e-01	3.729014e-02	3.729014e-02
4.020000e-01	4.040000e-01	2.002941e-01	4.305773e-02	4.305773e-02
4.040000e-01	4.060000e-01	1.540813e-01	3.156546e-02	3.156546e-02
4.060000e-01	4.080000e-01	2.692169e+00	2.559768e+00	2.559768e+00
4.080000e-01	4.100000e-01	1.830397e-01	4.245627e-02	4.245627e-02
4.100000e-01	4.120000e-01	1.832365e-01	4.011734e-02	4.011734e-02
4.120000e-01	4.140000e-01	2.659964e-01	5.675289e-02	5.675289e-02
4.140000e-01	4.160000e-01	1.818794e-01	4.127343e-02	4.127343e-02
4.160000e-01	4.180000e-01	1.464816e-01	3.517232e-02	3.517232e-02
4.180000e-01	4.200000e-01	1.179845e-01	2.794516e-02	2.794516e-02
4.200000e-01	4.220000e-01	1.531785e-01	3.487270e-02	3.487270e-02
4.220000e-01	4.240000e-01	1.693730e-01	3.382360e-02	3.382360e-02
4.240000e-01	4.260000e-01	2.022962e-01	4.308154e-02	4.308154e-02
4.260000e-01	4.280000e-01	2.153971e-01	4.635407e-02	4.635407e-02
4.280000e-01	4.300000e-01	1.184691e-01	3.245282e-02	3.245282e-02
4.300000e-01	4.320000e-01	1.030199e-01	2.381299e-02	2.381299e-02
4.320000e-01	4.340000e-01	1.882366e-01	4.347582e-02	4.347582e-02
4.340000e-01	4.360000e-01	1.573682e-01	3.704708e-02	3.704708e-02
4.360000e-01	4.380000e-01	2.621648e-01	1.169672e-01	1.169672e-01
4.380000e-01	4.400000e-01	1.004907e-01	2.444736e-02	2.444736e-02
4.400000e-01	4.420000e-01	9.248005e-02	2.508940e-02	2.508940e-02
4.420000e-01	4.440000e-01	9.058395e-02	2.877543e-02	2.877543e-02
4.440000e-01	4.460000e-01	1.174424e-01	3.575413e-02	3.575413e-02
4.460000e-01	4.480000e-01	1.604286e-01	3.606984e-02	3.606984e-02
4.480000e-01	4.500000e-01	1.718673e-01	8.189664e-02	8.189664e-02
4.500000e-01	4.520000e-01	1.528485e-01	4.660757e-02	4.660757e-02
4.520000e-01	4.540000e-01	1.020896e-01	2.548881e-02	2.548881e-02
4.540000e-01	4.560000e-01	1.648125e-01	3.777036e-02	3.777036e-02
4.560000e-01	4.580000e-01	1.048231e-01	3.585856e-02	3.585856e-02
4.580000e-01	4.600000e-01	9.615595e-02	2.469340e-02	2.469340e-02
4.600000e-01	4.620000e-01	1.643238e-01	6.018235e-02	6.018235e-02
4.620000e-01	4.640000e-01	1.753001e-01	5.878367e-02	5.878367e-02
4.640000e-01	4.660000e-01	6.678600e-02	2.244298e-02	2.244298e-02
4.660000e-01	4.680000e-01	7.746495e-02	2.346835e-02	2.346835e-02
4.680000e-01	4.700000e-01	7.306995e-02	2.254504e-02	2.254504e-02
4.700000e-01	4.720000e-01	1.279392e+00	1.220286e+00	1.220286e+00
4.720000e-01	4.740000e-01	2.363090e-01	1.342904e-01	1.342904e-01
4.740000e-01	4.760000e-01	1.412438e-01	4.888942e-02	4.888942e-02
4.760000e-01	4.780000e-01	1.394454e-01	3.401586e-02	3.401586e-02
4.780000e-01	4.800000e-01	7.586120e-02	2.440908e-02	2.440908e-02
4.800000e-01	4.820000e-01	1.262774e-01	3.993973e-02	3.993973e-02
4.820000e-01	4.840000e-01	9.211865e-02	2.902418e-02	2.902418e-02
4.840000e-01	4.860000e-01	8.175945e-02	2.687931e-02	2.687931e-02
4.860000e-01	4.880000e-01	6.078955e-02	2.364810e-02	2.364810e-02
4.880000e-01	4.900000e-01	5.581040e-02	1.855963e-02	1.855963e-02
4.900000e-01	4.920000e-01	4.972217e-02	2.195865e-02	2.195865e-02
4.920000e-01	4.940000e-01	1.852454e-01	9.397516e-02	9.397516e-02
4.940000e-01	4.960000e-01	8.878340e-02	2.579345e-02	2.579345e-02
4.960000e-01	4.980000e-01	1.201405e-01	4.653889e-02	4.653889e-02
4.980000e-01	5.000000e-01	7.751840e-02	2.485061e-02	2.485061e-02
5.000000e-01	5.020000e-01	2.710668e-01	4.665019e-02	4.665019e-02
5.020000e-01	5.040000e-01	1.709824e-01	3.788814e-02	3.788814e-02
5.040000e-01	5.060000e-01	1.301606e-01	3.299847e-02	3.299847e-02
5.060000e-01	5.080000e-01	9.649085e-02	3.010519e-02	3.010519e-02
5.080000e-01	5.100000e-01	9.570210e-02	2.875992e-02	2.875992e-02
5.100000e-01	5.120000e-01	6.643555e-02	1.821716e-02	1.821716e-02
5.120000e-01	5.140000e-01	6.664630e-02	2.343418e-02	2.343418e-02
5.140000e-01	5.160000e-01	1.028706e-01	2.787360e-02	2.787360e-02
5.160000e-01	5.180000e-01	6.544385e-02	2.126054e-02	2.126054e-02
5.180000e-01	5.200000e-01	9.626885e-02	3.044509e-02	3.044509e-02
5.200000e-01	5.220000e-01	1.067202e+00	1.000879e+00	1.000879e+00
5.220000e-01	5.240000e-01	7.299005e-02	2.857222e-02	2.857222e-02
5.240000e-01	5.260000e-01	5.259025e-02	1.947749e-02	1.947749e-02
5.260000e-01	5.280000e-01	8.139770e-02	2.605774e-02	2.605774e-02
5.280000e-01	5.300000e-01	3.804249e-02	1.253675e-02	1.253675e-02
5.300000e-01	5.320000e-01	9.451775e-02	3.093725e-02	3.093725e-02
5.320000e-01	5.340000e-01	4.733166e-02	1.834526e-02	1.834526e-02
5.340000e-01	5.360000e-01	9.387120e-02	3.492061e-02	3.492061e-02
5.360000e-01	5.380000e-01	6.251880e-02	2.292312e-02	2.292312e-02
5.380000e-01	5.400000e-01	7.313050e-02	2.255623e-02	2.255623e-02
5.400000e-01	5.420000e-01	5.377295e-02	1.956836e-02	1.956836e-02
5.420000e-01	5.440000e-01	4.694116e-02	1.481883e-02	1.481883e-02
5.440000e-01	5.460000e-01	4.918042e-02	2.483679e-02	2.483679e-02
5.460000e-01	5.480000e-01	1.049881e-01	4.462534e-02	4.462534e-02
5.480000e-01	5.500000e-01	4.901197e-02	2.570066e-02	2.570066e-02
5.500000e-01	5.520000e-01	8.841460e-02	3.441887e-02	3.441887e-02
5.520000e-01	5.540000e-01	8.325210e-02	3.016183e-02	3.016183e-02
5.540000e-01	5.560000e-01	8.912070e-02	3.109699e-02	3.109699e-02
5.560000e-01	5.580000e-01	5.677715e-02	2.505958e-02	2.505958e-02
5.580000e-01	5.600000e-01	4.461993e-02	1.910900e-02	1.910900e-02
5.600000e-01	5.620000e-01	4.321107e-02	1.737824e-02	1.737824e-02
5.620000e-01	5.640000e-01	2.256928e-02	7.468874e-03	7.468874e-03
5.640000e-01	5.660000e-01	5.180725e-02	1.649003e-02	1.649003e-02
5.660000e-01	5.680000e-01	5.038105e-02	1.974334e-02	1.974334e-02
5.680000e-01	5.700000e-01	1.548544e-02	6.249110e-03	6.249110e-03
5.700000e-01	5.720000e-01	1.682846e-02	6.685955e-03	6.685955e-03
5.720000e-01	5.740000e-01	3.778402e-02	1.631968e-02	1.631968e-02
5.740000e-01	5.760000e-01	1.732383e-02	6.018598e-03	6.018598e-03
5.760000e-01	5.780000e-01	7.260725e-02	3.384314e-02	3.384314e-02
5.780000e-01	5.800000e-01	6.306395e-02	2.590225e-02	2.590225e-02
5.800000e-01	5.820000e-01	3.768840e-02	2.252068e-02	2.252068e-02
5.820000e-01	5.840000e-01	4.132470e-02	1.988872e-02	1.988872e-02
5.840000e-01	5.860000e-01	2.335208e-02	9.685200e-03	9.685200e-03
5.860000e-01	5.880000e-01	6.892615e-02	2.339629e-02	2.339629e-02
5.880000e-01	5.900000e-01	5.398425e-02	2.050451e-02	2.050451e-02
5.900000e-01	5.920000e-01	7.061510e-02	2.499532e-02	2.499532e-02
5.920000e-01	5.940000e-01	5.320035e-02	2.209262e-02	2.209262e-02
5.940000e-01	5.960000e-01	4.693976e-02	2.084643e-02	2.084643e-02
5.960000e-01	5.980000e-01	8.602025e-02	4.263517e-02	4.263517e-02
5.980000e-01	6.000000e-01	5.808665e-02	2.278933e-02	2.278933e-02
6.000000e-01	6.020000e-01	7.359390e-03	3.897106e-03	3.897106e-03
6.020000e-01	6.040000e-01	3.089134e-02	1.296307e-02	1.296307e-02
6.040000e-01	6.060000e-01	3.557609e-02	1.908030e-02	1.908030e-02
6.060000e-01	6.080000e-01	3.456391e-02	1.567698e-02	1.567698e-02
6.080000e-01	6.100000e-01	4.844000e-02	1.798726e-02	1.798726e-02
6.100000e-01	6.120000e-01	3.898884e-02	2.183914e-02	2.183914e-02
6.120000e-01	6.140000e-01	4.432800e-02	1.968780e-02	1.968780e-02
6.140000e-01	6.160000e-01	1.286950e-02	4.615313e-03	4.615313e-03
6.160000e-01	6.180000e-01	1.683302e-02	7.190183e-03	7.190183e-03
6.180000e-01	6.200000e-01	5.415955e-02	2.213579e-02	2.213579e-02
6.200000e-01	6.220000e-01	4.729271e-02	2.027886e-02	2.027886e-02
6.220000e-01	6.240000e-01	3.663312e-02	1.503354e-02	1.503354e-02
6.240000e-01	6.260000e-01	4.971187e-02	2.410079e-02	2.410079e-02
6.260000e-01	6.280000e-01	2.002103e-02	9.086223e-03	9.086223e-03
6.280000e-01	6.300000e-01	4.655547e-02	2.155072e-02	2.155072e-02
6.300000e-01	6.320000e-01	3.025744e-02	1.702488e-02	1.702488e-02
6.320000e-01	6.340000e-01	2.550624e-02	1.604792e-02	1.604792e-02
6.340000e-01	6.360000e-01	2.437683e-02	1.315871e-02	1.315871e-02
6.360000e-01	6.380000e-01	3.586388e-02	1.576334e-02	1.576334e-02
6.380000e-01	6.400000e-01	1.807622e-02	6.549114e-03	6.549114e-03
6.400000e-01	6.420000e-01	3.408569e-02	1.314216e-02	1.314216e-02
6.420000e-01	6.440000e-01	3.884767e-02	1.870983e-02	1.870983e-02
6.440000e-01	6.460000e-01	1.653222e-02	1.032787e-02	1.032787e-02
6.460000e-01	6.480000e-01	3.042437e-02	1.473362e-02	1.473362e-02
6.480000e-01	6.500000e-01	2.462864e-02	1.307358e-02	1.307358e-02
6.500000e-01	6.520000e-01	3.738653e-02	2.027902e-02	2.027902e-02
6.520000e-01	6.540000e-01	3.266631e-02	1.550295e-02	1.550295e-02
6.540000e-01	6.560000e-01	2.244699e-02	1.160226e-02	1.160226e-02
6.560000e-01	6.580000e-01	8.835575e-03	6.082551e-03	6.082551e-03
6.580000e-01	6.600000e-01	4.419438e-02	2.253391e-02	2.253391e-02
6.600000e-01	6.620000e-01	1.846853e-02	1.218527e-02	1.218527e-02
6.620000e-01	6.640000e-01	4.947176e-03	2.366964e-03	2.366964e-03
6.640000e-01	6.660000e-01	4.887613e-02	2.496931e-02	2.496931e-02
6.660000e-01	6.680000e-01	1.111974e-02	7.497136e-03	7.497136e-03
6.680000e-01	6.700000e-01	9.696060e-03	8.532359e-03	8.532359e-03
6.700000e-01	6.720000e-01	5.174535e-04	4.169787e-04	4.169787e-04
6.720000e-01	6.740000e-01	1.950736e-02	1.049855e-02	1.049855e-02
6.740000e-01	6.760000e-01	8.492165e-02	6.740082e-02	6.740082e-02
6.760000e-01	6.780000e-01	1.257296e-02	1.225137e-02	1.225137e-02
6.780000e-01	6.800000e-01	6.084650e-02	2.894034e-02	2.894034e-02
6.800000e-01	6.820000e-01	1.048367e-02	6.884199e-03	6.884199e-03
6.820000e-01	6.840000e-01	6.002805e-02	2.736871e-02	2.736871e-02
6.840000e-01	6.860000e-01	2.756505e-02	1.830451e-02	1.830451e-02
6.860000e-01	6.880000e-01	1.420437e-02	8.960181e-03	8.960181e-03
6.880000e-01	6.900000e-01	7.626840e-03	4.215051e-03	4.215051e-03
6.900000e-01	6.920000e-01	2.237818e-02	1.389077e-02	1.389077e-02
6.920000e-01	6.940000e-01	1.757597e-02	1.039621e-02	1.039621e-02
6.940000e-01	6.960000e-01	3.454828e-02	2.206608e-02	2.206608e-02
6.960000e-01	6.980000e-01	2.269406e-02	1.259473e-02	1.259473e-02
6.980000e-01	7.000000e-01	3.314757e-02	1.866357e-02	1.866357e-02
7.000000e-01	7.020000e-01	1.264903e-02	7.341997e-03	7.341997e-03
7.020000e-01	7.040000e-01	1.292365e-02	7.794333e-03	7.794333e-03
7.040000e-01	7.060000e-01	2.826167e-02	1.366796e-02	1.366796e-02
7.060000e-01	7.080000e-01	3.024619e-02	1.919302e-02	1.919302e-02
7.080000e-01	7.100000e-01	3.910714e-02	1.744949e-02	1.744949e-02
7.100000e-01	7.120000e-01	4.392308e-02	1.946587e-02	1.946587e-02
7.120000e-01	7.140000e-01	1.480212e-02	8.311456e-03	8.311456e-03
7.140000e-01	7.160000e-01	3.708579e-02	1.732545e-02	1.732545e-02
7.160000e-01	7.180000e-01	2.357551e-02	1.926549e-02	1.926549e-02
7.180000e-01	7.200000e-01	1.467130e-02	1.042307e-02	1.042307e-02
7.200000e-01	7.220000e-01	1.076339e-02	5.476303e-03	5.476303e-03
7.220000e-01	7.240000e-01	9.212075e-03	6.226088e-03	6.226088e-03
7.240000e-01	7.260000e-01	3.705294e-03	3.672449e-03	3.672449e-03
7.260000e-01	7.280000e-01	7.734915e-03	5.396388e-03	5.396388e-03
7.280000e-01	7.300000e-01	6.068180e-03	5.992948e-03	5.992948e-03
7.300000e-01	7.320000e-01	1.522944e-02	1.076251e-02	1.076251e-02
7.320000e-01	7.340000e-01	1.476961e-02	7.456653e-03	7.456653e-03
7.340000e-01	7.360000e-01	2.654306e-02	1.515906e-02	1.515906e-02
7.360000e-01	7.380000e-01	6.199275e-03	3.970797e-03	3.970797e-03
7.380000e-01	7.400000e-01	2.080995e-02	1.686582e-02	1.686582e-02
7.400000e-01	7.420000e-01	1.426809e-02	8.164169e-03	8.164169e-03
7.420000e-01	7.440000e-01	1.735886e-03	7.746135e-04	7.746135e-04
7.440000e-01	7.460000e-01	8.163530e-03	4.842390e-03	4.842390e-03
7.460000e-01	7.480000e-01	8.138105e-04	6.212906e-04	6.212906e-04
7.480000e-01	7.500000e-01	3.076083e-02	1.944699e-02	1.944699e-02
7.500000e-01	7.520000e-01	1.076120e-02	9.946421e-03	9.946421e-03
7.520000e-01	7.540000e-01	3.064806e-02	2.012183e-02	2.012183e-02
7.540000e-01	7.560000e-01	1.099021e-02	8.251014e-03	8.251014e-03
7.560000e-01	7.580000e-01	1.659266e-02	1.145570e-02	1.145570e-02
7.580000e-01	7.600000e-01	1.963548e-02	1.019537e-02	1.019537e-02
7.600000e-01	7.620000e-01	4.310421e-02	2.404861e-02	2.404861e-02
7.620000e-01	7.640000e-01	3.171873e-03	2.643801e-03	2.643801e-03
7.640000e-01	7.660000e-01	9.859830e-04	7.912285e-04	7.912285e-04
7.660000e-01	7.680000e-01	1.049675e-02	1.012701e-02	1.012701e-02
7.680000e-01	7.700000e-01	9.332625e-03	5.138638e-03	5.138638e-03
7.700000e-01	7.720000e-01	1.495106e-02	1.030200e-02	1.030200e-02
7.720000e-01	7.740000e-01	2.193445e-02	1.564966e-02	1.564966e-02
7.740000e-01	7.760000e-01	5.178650e-04	4.184248e-04	4.184248e-04
7.760000e-01	7.780000e-01	1.318404e-02	1.045729e-02	1.045729e-02
7.780000e-01	7.800000e-01	7.986295e-03	5.613642e-03	5.613642e-03
7.800000e-01	7.820000e-01	1.753332e-02	1.139378e-02	1.139378e-02
7.820000e-01	7.840000e-01	8.125215e-03	7.207578e-03	7.207578e-03
7.840000e-01	7.860000e-01	3.588386e-02	2.329560e-02	2.329560e-02
7.860000e-01	7.880000e-01	7.988350e-03	6.661445e-03	6.661445e-03
7.880000e-01	7.900000e-01	1.420689e-02	9.600512e-03	9.600512e-03
7.900000e-01	7.920000e-01	1.058702e-02	5.769541e-03	5.769541e-03
7.920000e-01	7.940000e-01	1.786608e-02	1.173924e-02	1.173924e-02
7.940000e-01	7.960000e-01	1.164894e-02	1.125051e-02	1.125051e-02
7.960000e-01	7.980000e-01	9.882465e-03	6.160278e-03	6.160278e-03
7.980000e-01	8.000000e-01	1.758057e-02	9.685072e-03	9.685072e-03
8.000000e-01	8.020000e-01	1.540632e-02	9.904818e-03	9.904818e-03
8.020000e-01	8.040000e-01	2.908388e-02	2.700484e-02	2.700484e-02
8.040000e-01	8.060000e-01	1.674592e-02	1.550086e-02	1.550086e-02
8.060000e-01	8.080000e-01	6.441460e-03	4.794739e-03	4.794739e-03
8.080000e-01	8.100000e-01	2.301012e-04	1.697505e-04	1.697505e-04
8.100000e-01	8.120000e-01	1.947820e-05	1.947821e-05	1.947821e-05
8.120000e-01	8.140000e-01	2.243427e-02	1.745867e-02	1.745867e-02
8.140000e-01	8.160000e-01	1.316845e-02	1.084674e-02	1.084674e-02
8.160000e-01	8.180000e-01	1.386921e-02	1.160785e-02	1.160785e-02
8.180000e-01	8.200000e-01	2.483164e-03	2.483164e-03	2.483164e-03
8.200000e-01	8.220000e-01	0.000000e+00	0.000000e+00	0.000000e+00
8.220000e-01	8.240000e-01	0.000000e+00	0.000000e+00	0.000000e+00
8.240000e-01	8.260000e-01	0.000000e+00	0.000000e+00	0.000000e+00
8.260000e-01	8.280000e-01	0.000000e+00	0.000000e+00	0.000000e+00
8.280000e-01	8.300000e-01	0.000000e+00	0.000000e+00	0.000000e+00
8.300000e-01	8.320000e-01	0.000000e+00	0.000000e+00	0.000000e+00
8.320000e-01	8.340000e-01	0.000000e+00	0.000000e+00	0.000000e+00
8.340000e-01	8.360000e-01	0.000000e+00	0.000000e+00	0.000000e+00
8.360000e-01	8.380000e-01	0.000000e+00	0.000000e+00	0.000000e+00
8.380000e-01	8.400000e-01	0.000000e+00	0.000000e+00	0.000000e+00
8.400000e-01	8.420000e-01	0.000000e+00	0.000000e+00	0.000000e+00
8.420000e-01	8.440000e-01	0.000000e+00	0.000000e+00	0.000000e+00
8.440000e-01	8.460000e-01	0.000000e+00	0.000000e+00	0.000000e+00
8.460000e-01	8.480000e-01	0.000000e+00	0.000000e+00	0.000000e+00
8.480000e-01	8.500000e-01	0.000000e+00	0.000000e+00	0.000000e+00
8.500000e-01	8.520000e-01	0.000000e+00	0.000000e+00	0.000000e+00
8.520000e-01	8.540000e-01	0.000000e+00	0.000000e+00	0.000000e+00
8.540000e-01	8.560000e-01	0.000000e+00	0.000000e+00	0.000000e+00
8.560000e-01	8.580000e-01	0.000000e+00	0.000000e+00	0.000000e+00
8.580000e-01	8.600000e-01	0.000000e+00	0.000000e+00	0.000000e+00
8.600000e-01	8.620000e-01	0.000000e+00	0.000000e+00	0.000000e+00
8.620000e-01	8.640000e-01	0.000000e+00	0.000000e+00	0.000000e+00
8.640000e-01	8.660000e-01	0.000000e+00	0.000000e+00	0.000000e+00
8.660000e-01	8.680000e-01	0.000000e+00	0.000000e+00	0.000000e+00
8.680000e-01	8.700000e-01	0.000000e+00	0.000000e+00	0.000000e+00
8.700000e-01	8.720000e-01	0.000000e+00	0.000000e+00	0.000000e+00
8.720000e-01	8.740000e-01	0.000000e+00	0.000000e+00	0.000000e+00
8.740000e-01	8.760000e-01	0.000000e+00	0.000000e+00	0.000000e+00
8.760000e-01	8.780000e-01	0.000000e+00	0.000000e+00	0.000000e+00
8.780000e-01	8.800000e-01	0.000000e+00	0.000000e+00	0.000000e+00
8.800000e-01	8.820000e-01	0.000000e+00	0.000000e+00	0.000000e+00
8.820000e-01	8.840000e-01	0.000000e+00	0.000000e+00	0.000000e+00
8.840000e-01	8.860000e-01	0.000000e+00	0.000000e+00	0.000000e+00
8.860000e-01	8.880000e-01	0.000000e+00	0.000000e+00	0.000000e+00
8.880000e-01	8.900000e-01	0.000000e+00	0.000000e+00	0.000000e+00
8.900000e-01	8.920000e-01	0.000000e+00	0.000000e+00	0.000000e+00
8.920000e-01	8.940000e-01	0.000000e+00	0.000000e+00	0.000000e+00
8.940000e-01	8.960000e-01	0.000000e+00	0.000000e+00	0.000000e+00
8.960000e-01	8.980000e-01	0.000000e+00	0.000000e+00	0.000000e+00
8.980000e-01	9.000000e-01	0.000000e+00	0.000000e+00	0.000000e+00
9.000000e-01	9.020000e-01	0.000000e+00	0.000000e+00	0.000000e+00
9.020000e-01	9.040000e-01	0.000000e+00	0.000000e+00	0.000000e+00
9.040000e-01	9.060000e-01	0.000000e+00	0.000000e+00	0.000000e+00
9.060000e-01	9.080000e-01	0.000000e+00	0.000000e+00	0.000000e+00
9.080000e-01	9.100000e-01	0.000000e+00	0.000000e+00	0.000000e+00
9.100000e-01	9.120000e-01	0.000000e+00	0.000000e+00	0.000000e+00
9.120000e-01	9.140000e-01	0.000000e+00	0.000000e+00	0.000000e+00
9.140000e-01	9.160000e-01	0.000000e+00	0.000000e+00	0.000000e+00
9.160000e-01	9.180000e-01	0.000000e+00	0.000000e+00	0.000000e+00
9.180000e-01	9.200000e-01	0.000000e+00	0.000000e+00	0.000000e+00
9.200000e-01	9.220000e-01	0.000000e+00	0.000000e+00	0.000000e+00
9.220000e-01	9.240000e-01	0.000000e+00	0.000000e+00	0.000000e+00
9.240000e-01	9.260000e-01	0.000000e+00	0.000000e+00	0.000000e+00
9.260000e-01	9.280000e-01	0.000000e+00	0.000000e+00	0.000000e+00
9.280000e-01	9.300000e-01	0.000000e+00	0.000000e+00	0.000000e+00
9.300000e-01	9.320000e-01	0.000000e+00	0.000000e+00	0.000000e+00
9.320000e-01	9.340000e-01	0.000000e+00	0.000000e+00	0.000000e+00
9.340000e-01	9.360000e-01	0.000000e+00	0.000000e+00	0.000000e+00
9.360000e-01	9.380000e-01	0.000000e+00	0.000000e+00	0.000000e+00
9.380000e-01	9.400000e-01	0.000000e+00	0.000000e+00	0.000000e+00
9.400000e-01	9.420000e-01	0.000000e+00	0.000000e+00	0.000000e+00
9.420000e-01	9.440000e-01	0.000000e+00	0.000000e+00	0.000000e+00
9.440000e-01	9.460000e-01	0.000000e+00	0.000000e+00	0.000000e+00
9.460000e-01	9.480000e-01	0.000000e+00	0.000000e+00	0.000000e+00
9.480000e-01	9.500000e-01	0.000000e+00	0.000000e+00	0.000000e+00
9.500000e-01	9.520000e-01	0.000000e+00	0.000000e+00	0.000000e+00
9.520000e-01	9.540000e-01	0.000000e+00	0.000000e+00	0.000000e+00
9.540000e-01	9.560000e-01	0.000000e+00	0.000000e+00	0.000000e+00
9.560000e-01	9.580000e-01	0.000000e+00	0.000000e+00	0.000000e+00
9.580000e-01	9.600000e-01	0.000000e+00	0.000000e+00	0.000000e+00
9.600000e-01	9.620000e-01	0.000000e+00	0.000000e+00	0.000000e+00
9.620000e-01	9.640000e-01	0.000000e+00	0.000000e+00	0.000000e+00
9.640000e-01	9.660000e-01	0.000000e+00	0.000000e+00	0.000000e+00
9.660000e-01	9.680000e-01	0.000000e+00	0.000000e+00	0.000000e+00
9.680000e-01	9.700000e-01	0.000000e+00	0.000000e+00	0.000000e+00
9.700000e-01	9.720000e-01	0.000000e+00	0.000000e+00	0.000000e+00
9.720000e-01	9.740000e-01	0.000000e+00	0.000000e+00	0.000000e+00
9.740000e-01	9.760000e-01	0.000000e+00	0.000000e+00	0.000000e+00
9.760000e-01	9.780000e-01	0.000000e+00	0.000000e+00	0.000000e+00
9.780000e-01	9.800000e-01	0.000000e+00	0.000000e+00	0.000000e+00
9.800000e-01	9.820000e-01	0.000000e+00	0.000000e+00	0.000000e+00
9.820000e-01	9.840000e-01	0.000000e+00	0.000000e+00	0.000000e+00
9.840000e-01	9.860000e-01	0.000000e+00	0.000000e+00	0.000000e+00
9.860000e-01	9.880000e-01	0.000000e+00	0.000000e+00	0.000000e+00
9.880000e-01	9.900000e-01	0.000000e+00	0.000000e+00	0.000000e+00
9.900000e-01	9.920000e-01	0.000000e+00	0.000000e+00	0.000000e+00
9.920000e-01	9.940000e-01	0.000000e+00	0.000000e+00	0.000000e+00
9.940000e-01	9.960000e-01	0.000000e+00	0.000000e+00	0.000000e+00
9.960000e-01	9.980000e-01	0.000000e+00	0.000000e+00	0.000000e+00
9.980000e-01	1.000000e+00	0.000000e+00	0.000000e+00	0.000000e+00
# END HISTO1D

# BEGIN HISTO1D //afs/cern.ch/user/d/dkar/lh2015-qg/Vincia-2001/lhc/hadron/dijet_nobias.yoda/MC_LHQG_dijet/mMDT_GA_20_00_Q200_R8
LineColor=blue
LineStyle=solid
Path=//afs/cern.ch/user/d/dkar/lh2015-qg/Vincia-2001/lhc/hadron/dijet_nobias.yoda/MC_LHQG_dijet/mMDT_GA_20_00_Q200_R8
ScaledBy=0.0021645021645021645
Title=dijet_nobias
XLabel=
YLabel=
# xlow	 xhigh	 val	 errminus	 errplus
0.000000e+00	2.000000e-03	0.000000e+00	0.000000e+00	0.000000e+00
2.000000e-03	4.000000e-03	0.000000e+00	0.000000e+00	0.000000e+00
4.000000e-03	6.000000e-03	0.000000e+00	0.000000e+00	0.000000e+00
6.000000e-03	8.000000e-03	0.000000e+00	0.000000e+00	0.000000e+00
8.000000e-03	1.000000e-02	0.000000e+00	0.000000e+00	0.000000e+00
1.000000e-02	1.200000e-02	0.000000e+00	0.000000e+00	0.000000e+00
1.200000e-02	1.400000e-02	0.000000e+00	0.000000e+00	0.000000e+00
1.400000e-02	1.600000e-02	0.000000e+00	0.000000e+00	0.000000e+00
1.600000e-02	1.800000e-02	0.000000e+00	0.000000e+00	0.000000e+00
1.800000e-02	2.000000e-02	1.082251e+00	1.082251e+00	1.082251e+00
2.000000e-02	2.200000e-02	0.000000e+00	0.000000e+00	0.000000e+00
2.200000e-02	2.400000e-02	1.082251e+00	1.082251e+00	1.082251e+00
2.400000e-02	2.600000e-02	0.000000e+00	0.000000e+00	0.000000e+00
2.600000e-02	2.800000e-02	1.082251e+00	1.082251e+00	1.082251e+00
2.800000e-02	3.000000e-02	2.164502e+00	1.530534e+00	1.530534e+00
3.000000e-02	3.200000e-02	0.000000e+00	0.000000e+00	0.000000e+00
3.200000e-02	3.400000e-02	5.411255e+00	2.419987e+00	2.419987e+00
3.400000e-02	3.600000e-02	4.329005e+00	2.164502e+00	2.164502e+00
3.600000e-02	3.800000e-02	3.246753e+00	1.874514e+00	1.874514e+00
3.800000e-02	4.000000e-02	3.246753e+00	1.874514e+00	1.874514e+00
4.000000e-02	4.200000e-02	9.740260e+00	3.246753e+00	3.246753e+00
4.200000e-02	4.400000e-02	8.658010e+00	3.061068e+00	3.061068e+00
4.400000e-02	4.600000e-02	1.406926e+01	3.902112e+00	3.902112e+00
4.600000e-02	4.800000e-02	5.411255e+00	2.419987e+00	2.419987e+00
4.800000e-02	5.000000e-02	5.411255e+00	2.419987e+00	2.419987e+00
5.000000e-02	5.200000e-02	9.740260e+00	3.246753e+00	3.246753e+00
5.200000e-02	5.400000e-02	5.411255e+00	2.419987e+00	2.419987e+00
5.400000e-02	5.600000e-02	3.246753e+00	1.874514e+00	1.874514e+00
5.600000e-02	5.800000e-02	4.329004e+00	2.164502e+00	2.164502e+00
5.800000e-02	6.000000e-02	6.493505e+00	2.650963e+00	2.650963e+00
6.000000e-02	6.200000e-02	8.658010e+00	3.061068e+00	3.061068e+00
6.200000e-02	6.400000e-02	6.493505e+00	2.650963e+00	2.650963e+00
6.400000e-02	6.600000e-02	5.411255e+00	2.419987e+00	2.419987e+00
6.600000e-02	6.800000e-02	5.411255e+00	2.419987e+00	2.419987e+00
6.800000e-02	7.000000e-02	7.575760e+00	2.863367e+00	2.863367e+00
7.000000e-02	7.200000e-02	5.411255e+00	2.419987e+00	2.419987e+00
7.200000e-02	7.400000e-02	3.246753e+00	1.874514e+00	1.874514e+00
7.400000e-02	7.600000e-02	8.658010e+00	3.061068e+00	3.061068e+00
7.600000e-02	7.800000e-02	1.082251e+00	1.082251e+00	1.082251e+00
7.800000e-02	8.000000e-02	1.082251e+00	1.082251e+00	1.082251e+00
8.000000e-02	8.200000e-02	9.740260e+00	3.246753e+00	3.246753e+00
8.200000e-02	8.400000e-02	5.411255e+00	2.419987e+00	2.419987e+00
8.400000e-02	8.600000e-02	9.740260e+00	3.246753e+00	3.246753e+00
8.600000e-02	8.800000e-02	8.658010e+00	3.061068e+00	3.061068e+00
8.800000e-02	9.000000e-02	3.246753e+00	1.874514e+00	1.874514e+00
9.000000e-02	9.200000e-02	7.575760e+00	2.863367e+00	2.863367e+00
9.200000e-02	9.400000e-02	7.575760e+00	2.863367e+00	2.863367e+00
9.400000e-02	9.600000e-02	3.246753e+00	1.874514e+00	1.874514e+00
9.600000e-02	9.800000e-02	5.411255e+00	2.419987e+00	2.419987e+00
9.800000e-02	1.000000e-01	5.411255e+00	2.419987e+00	2.419987e+00
1.000000e-01	1.020000e-01	5.411255e+00	2.419987e+00	2.419987e+00
1.020000e-01	1.040000e-01	5.411255e+00	2.419987e+00	2.419987e+00
1.040000e-01	1.060000e-01	7.575760e+00	2.863367e+00	2.863367e+00
1.060000e-01	1.080000e-01	5.411255e+00	2.419987e+00	2.419987e+00
1.080000e-01	1.100000e-01	6.493505e+00	2.650963e+00	2.650963e+00
1.100000e-01	1.120000e-01	4.329004e+00	2.164502e+00	2.164502e+00
1.120000e-01	1.140000e-01	5.411255e+00	2.419987e+00	2.419987e+00
1.140000e-01	1.160000e-01	7.575760e+00	2.863367e+00	2.863367e+00
1.160000e-01	1.180000e-01	1.082251e+00	1.082251e+00	1.082251e+00
1.180000e-01	1.200000e-01	2.164502e+00	1.530534e+00	1.530534e+00
1.200000e-01	1.220000e-01	7.575760e+00	2.863367e+00	2.863367e+00
1.220000e-01	1.240000e-01	4.329004e+00	2.164502e+00	2.164502e+00
1.240000e-01	1.260000e-01	1.082251e+00	1.082251e+00	1.082251e+00
1.260000e-01	1.280000e-01	3.246753e+00	1.874514e+00	1.874514e+00
1.280000e-01	1.300000e-01	4.329004e+00	2.164502e+00	2.164502e+00
1.300000e-01	1.320000e-01	3.246753e+00	1.874514e+00	1.874514e+00
1.320000e-01	1.340000e-01	4.329004e+00	2.164502e+00	2.164502e+00
1.340000e-01	1.360000e-01	4.329004e+00	2.164502e+00	2.164502e+00
1.360000e-01	1.380000e-01	4.329004e+00	2.164502e+00	2.164502e+00
1.380000e-01	1.400000e-01	2.164502e+00	1.530534e+00	1.530534e+00
1.400000e-01	1.420000e-01	6.493505e+00	2.650963e+00	2.650963e+00
1.420000e-01	1.440000e-01	2.164502e+00	1.530534e+00	1.530534e+00
1.440000e-01	1.460000e-01	2.164502e+00	1.530534e+00	1.530534e+00
1.460000e-01	1.480000e-01	5.411255e+00	2.419987e+00	2.419987e+00
1.480000e-01	1.500000e-01	4.329004e+00	2.164502e+00	2.164502e+00
1.500000e-01	1.520000e-01	5.411255e+00	2.419987e+00	2.419987e+00
1.520000e-01	1.540000e-01	2.164502e+00	1.530534e+00	1.530534e+00
1.540000e-01	1.560000e-01	2.164502e+00	1.530534e+00	1.530534e+00
1.560000e-01	1.580000e-01	6.493505e+00	2.650963e+00	2.650963e+00
1.580000e-01	1.600000e-01	3.246753e+00	1.874514e+00	1.874514e+00
1.600000e-01	1.620000e-01	2.164502e+00	1.530534e+00	1.530534e+00
1.620000e-01	1.640000e-01	4.329004e+00	2.164502e+00	2.164502e+00
1.640000e-01	1.660000e-01	0.000000e+00	0.000000e+00	0.000000e+00
1.660000e-01	1.680000e-01	1.082251e+00	1.082251e+00	1.082251e+00
1.680000e-01	1.700000e-01	2.164502e+00	1.530534e+00	1.530534e+00
1.700000e-01	1.720000e-01	5.411255e+00	2.419987e+00	2.419987e+00
1.720000e-01	1.740000e-01	4.329004e+00	2.164502e+00	2.164502e+00
1.740000e-01	1.760000e-01	3.246753e+00	1.874514e+00	1.874514e+00
1.760000e-01	1.780000e-01	1.082251e+00	1.082251e+00	1.082251e+00
1.780000e-01	1.800000e-01	6.493505e+00	2.650963e+00	2.650963e+00
1.800000e-01	1.820000e-01	1.082251e+00	1.082251e+00	1.082251e+00
1.820000e-01	1.840000e-01	6.493505e+00	2.650963e+00	2.650963e+00
1.840000e-01	1.860000e-01	1.082251e+00	1.082251e+00	1.082251e+00
1.860000e-01	1.880000e-01	0.000000e+00	0.000000e+00	0.000000e+00
1.880000e-01	1.900000e-01	1.082251e+00	1.082251e+00	1.082251e+00
1.900000e-01	1.920000e-01	5.411255e+00	2.419987e+00	2.419987e+00
1.920000e-01	1.940000e-01	4.329004e+00	2.164502e+00	2.164502e+00
1.940000e-01	1.960000e-01	4.329004e+00	2.164502e+00	2.164502e+00
1.960000e-01	1.980000e-01	1.082251e+00	1.082251e+00	1.082251e+00
1.980000e-01	2.000000e-01	0.000000e+00	0.000000e+00	0.000000e+00
2.000000e-01	2.020000e-01	1.082251e+00	1.082251e+00	1.082251e+00
2.020000e-01	2.040000e-01	0.000000e+00	0.000000e+00	0.000000e+00
2.040000e-01	2.060000e-01	3.246753e+00	1.874514e+00	1.874514e+00
2.060000e-01	2.080000e-01	0.000000e+00	0.000000e+00	0.000000e+00
2.080000e-01	2.100000e-01	2.164502e+00	1.530534e+00	1.530534e+00
2.100000e-01	2.120000e-01	2.164502e+00	1.530534e+00	1.530534e+00
2.120000e-01	2.140000e-01	0.000000e+00	0.000000e+00	0.000000e+00
2.140000e-01	2.160000e-01	2.164502e+00	1.530534e+00	1.530534e+00
2.160000e-01	2.180000e-01	4.329004e+00	2.164502e+00	2.164502e+00
2.180000e-01	2.200000e-01	3.246753e+00	1.874514e+00	1.874514e+00
2.200000e-01	2.220000e-01	2.164502e+00	1.530534e+00	1.530534e+00
2.220000e-01	2.240000e-01	3.246753e+00	1.874514e+00	1.874514e+00
2.240000e-01	2.260000e-01	3.246753e+00	1.874514e+00	1.874514e+00
2.260000e-01	2.280000e-01	0.000000e+00	0.000000e+00	0.000000e+00
2.280000e-01	2.300000e-01	2.164502e+00	1.530534e+00	1.530534e+00
2.300000e-01	2.320000e-01	3.246753e+00	1.874514e+00	1.874514e+00
2.320000e-01	2.340000e-01	0.000000e+00	0.000000e+00	0.000000e+00
2.340000e-01	2.360000e-01	2.164502e+00	1.530534e+00	1.530534e+00
2.360000e-01	2.380000e-01	0.000000e+00	0.000000e+00	0.000000e+00
2.380000e-01	2.400000e-01	2.164502e+00	1.530534e+00	1.530534e+00
2.400000e-01	2.420000e-01	2.164502e+00	1.530534e+00	1.530534e+00
2.420000e-01	2.440000e-01	0.000000e+00	0.000000e+00	0.000000e+00
2.440000e-01	2.460000e-01	1.082251e+00	1.082251e+00	1.082251e+00
2.460000e-01	2.480000e-01	1.082251e+00	1.082251e+00	1.082251e+00
2.480000e-01	2.500000e-01	1.082251e+00	1.082251e+00	1.082251e+00
2.500000e-01	2.520000e-01	0.000000e+00	0.000000e+00	0.000000e+00
2.520000e-01	2.540000e-01	0.000000e+00	0.000000e+00	0.000000e+00
2.540000e-01	2.560000e-01	0.000000e+00	0.000000e+00	0.000000e+00
2.560000e-01	2.580000e-01	0.000000e+00	0.000000e+00	0.000000e+00
2.580000e-01	2.600000e-01	2.164502e+00	1.530534e+00	1.530534e+00
2.600000e-01	2.620000e-01	0.000000e+00	0.000000e+00	0.000000e+00
2.620000e-01	2.640000e-01	0.000000e+00	0.000000e+00	0.000000e+00
2.640000e-01	2.660000e-01	2.164502e+00	1.530534e+00	1.530534e+00
2.660000e-01	2.680000e-01	2.164502e+00	1.530534e+00	1.530534e+00
2.680000e-01	2.700000e-01	0.000000e+00	0.000000e+00	0.000000e+00
2.700000e-01	2.720000e-01	1.082251e+00	1.082251e+00	1.082251e+00
2.720000e-01	2.740000e-01	0.000000e+00	0.000000e+00	0.000000e+00
2.740000e-01	2.760000e-01	0.000000e+00	0.000000e+00	0.000000e+00
2.760000e-01	2.780000e-01	1.082251e+00	1.082251e+00	1.082251e+00
2.780000e-01	2.800000e-01	0.000000e+00	0.000000e+00	0.000000e+00
2.800000e-01	2.820000e-01	2.164502e+00	1.530534e+00	1.530534e+00
2.820000e-01	2.840000e-01	0.000000e+00	0.000000e+00	0.000000e+00
2.840000e-01	2.860000e-01	0.000000e+00	0.000000e+00	0.000000e+00
2.860000e-01	2.880000e-01	0.000000e+00	0.000000e+00	0.000000e+00
2.880000e-01	2.900000e-01	1.082251e+00	1.082251e+00	1.082251e+00
2.900000e-01	2.920000e-01	1.082251e+00	1.082251e+00	1.082251e+00
2.920000e-01	2.940000e-01	0.000000e+00	0.000000e+00	0.000000e+00
2.940000e-01	2.960000e-01	0.000000e+00	0.000000e+00	0.000000e+00
2.960000e-01	2.980000e-01	1.082251e+00	1.082251e+00	1.082251e+00
2.980000e-01	3.000000e-01	1.082251e+00	1.082251e+00	1.082251e+00
3.000000e-01	3.020000e-01	1.082251e+00	1.082251e+00	1.082251e+00
3.020000e-01	3.040000e-01	3.246753e+00	1.874514e+00	1.874514e+00
3.040000e-01	3.060000e-01	0.000000e+00	0.000000e+00	0.000000e+00
3.060000e-01	3.080000e-01	0.000000e+00	0.000000e+00	0.000000e+00
3.080000e-01	3.100000e-01	1.082251e+00	1.082251e+00	1.082251e+00
3.100000e-01	3.120000e-01	1.082251e+00	1.082251e+00	1.082251e+00
3.120000e-01	3.140000e-01	0.000000e+00	0.000000e+00	0.000000e+00
3.140000e-01	3.160000e-01	2.164502e+00	1.530534e+00	1.530534e+00
3.160000e-01	3.180000e-01	1.082251e+00	1.082251e+00	1.082251e+00
3.180000e-01	3.200000e-01	1.082251e+00	1.082251e+00	1.082251e+00
3.200000e-01	3.220000e-01	2.164502e+00	1.530534e+00	1.530534e+00
3.220000e-01	3.240000e-01	0.000000e+00	0.000000e+00	0.000000e+00
3.240000e-01	3.260000e-01	0.000000e+00	0.000000e+00	0.000000e+00
3.260000e-01	3.280000e-01	0.000000e+00	0.000000e+00	0.000000e+00
3.280000e-01	3.300000e-01	0.000000e+00	0.000000e+00	0.000000e+00
3.300000e-01	3.320000e-01	0.000000e+00	0.000000e+00	0.000000e+00
3.320000e-01	3.340000e-01	1.082251e+00	1.082251e+00	1.082251e+00
3.340000e-01	3.360000e-01	2.164502e+00	1.530534e+00	1.530534e+00
3.360000e-01	3.380000e-01	0.000000e+00	0.000000e+00	0.000000e+00
3.380000e-01	3.400000e-01	1.082251e+00	1.082251e+00	1.082251e+00
3.400000e-01	3.420000e-01	2.164502e+00	1.530534e+00	1.530534e+00
3.420000e-01	3.440000e-01	1.082251e+00	1.082251e+00	1.082251e+00
3.440000e-01	3.460000e-01	1.082251e+00	1.082251e+00	1.082251e+00
3.460000e-01	3.480000e-01	0.000000e+00	0.000000e+00	0.000000e+00
3.480000e-01	3.500000e-01	0.000000e+00	0.000000e+00	0.000000e+00
3.500000e-01	3.520000e-01	0.000000e+00	0.000000e+00	0.000000e+00
3.520000e-01	3.540000e-01	0.000000e+00	0.000000e+00	0.000000e+00
3.540000e-01	3.560000e-01	0.000000e+00	0.000000e+00	0.000000e+00
3.560000e-01	3.580000e-01	1.082251e+00	1.082251e+00	1.082251e+00
3.580000e-01	3.600000e-01	0.000000e+00	0.000000e+00	0.000000e+00
3.600000e-01	3.620000e-01	0.000000e+00	0.000000e+00	0.000000e+00
3.620000e-01	3.640000e-01	0.000000e+00	0.000000e+00	0.000000e+00
3.640000e-01	3.660000e-01	1.082251e+00	1.082251e+00	1.082251e+00
3.660000e-01	3.680000e-01	0.000000e+00	0.000000e+00	0.000000e+00
3.680000e-01	3.700000e-01	0.000000e+00	0.000000e+00	0.000000e+00
3.700000e-01	3.720000e-01	0.000000e+00	0.000000e+00	0.000000e+00
3.720000e-01	3.740000e-01	0.000000e+00	0.000000e+00	0.000000e+00
3.740000e-01	3.760000e-01	0.000000e+00	0.000000e+00	0.000000e+00
3.760000e-01	3.780000e-01	0.000000e+00	0.000000e+00	0.000000e+00
3.780000e-01	3.800000e-01	1.082251e+00	1.082251e+00	1.082251e+00
3.800000e-01	3.820000e-01	0.000000e+00	0.000000e+00	0.000000e+00
3.820000e-01	3.840000e-01	1.082251e+00	1.082251e+00	1.082251e+00
3.840000e-01	3.860000e-01	0.000000e+00	0.000000e+00	0.000000e+00
3.860000e-01	3.880000e-01	1.082251e+00	1.082251e+00	1.082251e+00
3.880000e-01	3.900000e-01	0.000000e+00	0.000000e+00	0.000000e+00
3.900000e-01	3.920000e-01	4.329004e+00	2.164502e+00	2.164502e+00
3.920000e-01	3.940000e-01	0.000000e+00	0.000000e+00	0.000000e+00
3.940000e-01	3.960000e-01	0.000000e+00	0.000000e+00	0.000000e+00
3.960000e-01	3.980000e-01	0.000000e+00	0.000000e+00	0.000000e+00
3.980000e-01	4.000000e-01	0.000000e+00	0.000000e+00	0.000000e+00
4.000000e-01	4.020000e-01	0.000000e+00	0.000000e+00	0.000000e+00
4.020000e-01	4.040000e-01	0.000000e+00	0.000000e+00	0.000000e+00
4.040000e-01	4.060000e-01	1.082251e+00	1.082251e+00	1.082251e+00
4.060000e-01	4.080000e-01	0.000000e+00	0.000000e+00	0.000000e+00
4.080000e-01	4.100000e-01	0.000000e+00	0.000000e+00	0.000000e+00
4.100000e-01	4.120000e-01	0.000000e+00	0.000000e+00	0.000000e+00
4.120000e-01	4.140000e-01	0.000000e+00	0.000000e+00	0.000000e+00
4.140000e-01	4.160000e-01	0.000000e+00	0.000000e+00	0.000000e+00
4.160000e-01	4.180000e-01	0.000000e+00	0.000000e+00	0.000000e+00
4.180000e-01	4.200000e-01	0.000000e+00	0.000000e+00	0.000000e+00
4.200000e-01	4.220000e-01	0.000000e+00	0.000000e+00	0.000000e+00
4.220000e-01	4.240000e-01	0.000000e+00	0.000000e+00	0.000000e+00
4.240000e-01	4.260000e-01	0.000000e+00	0.000000e+00	0.000000e+00
4.260000e-01	4.280000e-01	0.000000e+00	0.000000e+00	0.000000e+00
4.280000e-01	4.300000e-01	1.082251e+00	1.082251e+00	1.082251e+00
4.300000e-01	4.320000e-01	0.000000e+00	0.000000e+00	0.000000e+00
4.320000e-01	4.340000e-01	0.000000e+00	0.000000e+00	0.000000e+00
4.340000e-01	4.360000e-01	0.000000e+00	0.000000e+00	0.000000e+00
4.360000e-01	4.380000e-01	0.000000e+00	0.000000e+00	0.000000e+00
4.380000e-01	4.400000e-01	0.000000e+00	0.000000e+00	0.000000e+00
4.400000e-01	4.420000e-01	0.000000e+00	0.000000e+00	0.000000e+00
4.420000e-01	4.440000e-01	0.000000e+00	0.000000e+00	0.000000e+00
4.440000e-01	4.460000e-01	0.000000e+00	0.000000e+00	0.000000e+00
4.460000e-01	4.480000e-01	0.000000e+00	0.000000e+00	0.000000e+00
4.480000e-01	4.500000e-01	0.000000e+00	0.000000e+00	0.000000e+00
4.500000e-01	4.520000e-01	1.082251e+00	1.082251e+00	1.082251e+00
4.520000e-01	4.540000e-01	0.000000e+00	0.000000e+00	0.000000e+00
4.540000e-01	4.560000e-01	0.000000e+00	0.000000e+00	0.000000e+00
4.560000e-01	4.580000e-01	0.000000e+00	0.000000e+00	0.000000e+00
4.580000e-01	4.600000e-01	0.000000e+00	0.000000e+00	0.000000e+00
4.600000e-01	4.620000e-01	0.000000e+00	0.000000e+00	0.000000e+00
4.620000e-01	4.640000e-01	0.000000e+00	0.000000e+00	0.000000e+00
4.640000e-01	4.660000e-01	1.082251e+00	1.082251e+00	1.082251e+00
4.660000e-01	4.680000e-01	0.000000e+00	0.000000e+00	0.000000e+00
4.680000e-01	4.700000e-01	0.000000e+00	0.000000e+00	0.000000e+00
4.700000e-01	4.720000e-01	0.000000e+00	0.000000e+00	0.000000e+00
4.720000e-01	4.740000e-01	0.000000e+00	0.000000e+00	0.000000e+00
4.740000e-01	4.760000e-01	0.000000e+00	0.000000e+00	0.000000e+00
4.760000e-01	4.780000e-01	0.000000e+00	0.000000e+00	0.000000e+00
4.780000e-01	4.800000e-01	0.000000e+00	0.000000e+00	0.000000e+00
4.800000e-01	4.820000e-01	0.000000e+00	0.000000e+00	0.000000e+00
4.820000e-01	4.840000e-01	0.000000e+00	0.000000e+00	0.000000e+00
4.840000e-01	4.860000e-01	0.000000e+00	0.000000e+00	0.000000e+00
4.860000e-01	4.880000e-01	0.000000e+00	0.000000e+00	0.000000e+00
4.880000e-01	4.900000e-01	0.000000e+00	0.000000e+00	0.000000e+00
4.900000e-01	4.920000e-01	0.000000e+00	0.000000e+00	0.000000e+00
4.920000e-01	4.940000e-01	0.000000e+00	0.000000e+00	0.000000e+00
4.940000e-01	4.960000e-01	0.000000e+00	0.000000e+00	0.000000e+00
4.960000e-01	4.980000e-01	0.000000e+00	0.000000e+00	0.000000e+00
4.980000e-01	5.000000e-01	0.000000e+00	0.000000e+00	0.000000e+00
5.000000e-01	5.020000e-01	1.082251e+00	1.082251e+00	1.082251e+00
5.020000e-01	5.040000e-01	1.082251e+00	1.082251e+00	1.082251e+00
5.040000e-01	5.060000e-01	0.000000e+00	0.000000e+00	0.000000e+00
5.060000e-01	5.080000e-01	0.000000e+00	0.000000e+00	0.000000e+00
5.080000e-01	5.100000e-01	1.082251e+00	1.082251e+00	1.082251e+00
5.100000e-01	5.120000e-01	0.000000e+00	0.000000e+00	0.000000e+00
5.120000e-01	5.140000e-01	0.000000e+00	0.000000e+00	0.000000e+00
5.140000e-01	5.160000e-01	0.000000e+00	0.000000e+00	0.000000e+00
5.160000e-01	5.180000e-01	0.000000e+00	0.000000e+00	0.000000e+00
5.180000e-01	5.200000e-01	0.000000e+00	0.000000e+00	0.000000e+00
5.200000e-01	5.220000e-01	0.000000e+00	0.000000e+00	0.000000e+00
5.220000e-01	5.240000e-01	0.000000e+00	0.000000e+00	0.000000e+00
5.240000e-01	5.260000e-01	0.000000e+00	0.000000e+00	0.000000e+00
5.260000e-01	5.280000e-01	0.000000e+00	0.000000e+00	0.000000e+00
5.280000e-01	5.300000e-01	0.000000e+00	0.000000e+00	0.000000e+00
5.300000e-01	5.320000e-01	0.000000e+00	0.000000e+00	0.000000e+00
5.320000e-01	5.340000e-01	0.000000e+00	0.000000e+00	0.000000e+00
5.340000e-01	5.360000e-01	0.000000e+00	0.000000e+00	0.000000e+00
5.360000e-01	5.380000e-01	0.000000e+00	0.000000e+00	0.000000e+00
5.380000e-01	5.400000e-01	0.000000e+00	0.000000e+00	0.000000e+00
5.400000e-01	5.420000e-01	0.000000e+00	0.000000e+00	0.000000e+00
5.420000e-01	5.440000e-01	0.000000e+00	0.000000e+00	0.000000e+00
5.440000e-01	5.460000e-01	0.000000e+00	0.000000e+00	0.000000e+00
5.460000e-01	5.480000e-01	0.000000e+00	0.000000e+00	0.000000e+00
5.480000e-01	5.500000e-01	0.000000e+00	0.000000e+00	0.000000e+00
5.500000e-01	5.520000e-01	0.000000e+00	0.000000e+00	0.000000e+00
5.520000e-01	5.540000e-01	0.000000e+00	0.000000e+00	0.000000e+00
5.540000e-01	5.560000e-01	0.000000e+00	0.000000e+00	0.000000e+00
5.560000e-01	5.580000e-01	0.000000e+00	0.000000e+00	0.000000e+00
5.580000e-01	5.600000e-01	0.000000e+00	0.000000e+00	0.000000e+00
5.600000e-01	5.620000e-01	0.000000e+00	0.000000e+00	0.000000e+00
5.620000e-01	5.640000e-01	1.082251e+00	1.082251e+00	1.082251e+00
5.640000e-01	5.660000e-01	0.000000e+00	0.000000e+00	0.000000e+00
5.660000e-01	5.680000e-01	0.000000e+00	0.000000e+00	0.000000e+00
5.680000e-01	5.700000e-01	1.082251e+00	1.082251e+00	1.082251e+00
5.700000e-01	5.720000e-01	0.000000e+00	0.000000e+00	0.000000e+00
5.720000e-01	5.740000e-01	0.000000e+00	0.000000e+00	0.000000e+00
5.740000e-01	5.760000e-01	0.000000e+00	0.000000e+00	0.000000e+00
5.760000e-01	5.780000e-01	0.000000e+00	0.000000e+00	0.000000e+00
5.780000e-01	5.800000e-01	0.000000e+00	0.000000e+00	0.000000e+00
5.800000e-01	5.820000e-01	0.000000e+00	0.000000e+00	0.000000e+00
5.820000e-01	5.840000e-01	0.000000e+00	0.000000e+00	0.000000e+00
5.840000e-01	5.860000e-01	0.000000e+00	0.000000e+00	0.000000e+00
5.860000e-01	5.880000e-01	0.000000e+00	0.000000e+00	0.000000e+00
5.880000e-01	5.900000e-01	0.000000e+00	0.000000e+00	0.000000e+00
5.900000e-01	5.920000e-01	0.000000e+00	0.000000e+00	0.000000e+00
5.920000e-01	5.940000e-01	0.000000e+00	0.000000e+00	0.000000e+00
5.940000e-01	5.960000e-01	0.000000e+00	0.000000e+00	0.000000e+00
5.960000e-01	5.980000e-01	0.000000e+00	0.000000e+00	0.000000e+00
5.980000e-01	6.000000e-01	0.000000e+00	0.000000e+00	0.000000e+00
6.000000e-01	6.020000e-01	0.000000e+00	0.000000e+00	0.000000e+00
6.020000e-01	6.040000e-01	0.000000e+00	0.000000e+00	0.000000e+00
6.040000e-01	6.060000e-01	0.000000e+00	0.000000e+00	0.000000e+00
6.060000e-01	6.080000e-01	0.000000e+00	0.000000e+00	0.000000e+00
6.080000e-01	6.100000e-01	0.000000e+00	0.000000e+00	0.000000e+00
6.100000e-01	6.120000e-01	0.000000e+00	0.000000e+00	0.000000e+00
6.120000e-01	6.140000e-01	0.000000e+00	0.000000e+00	0.000000e+00
6.140000e-01	6.160000e-01	0.000000e+00	0.000000e+00	0.000000e+00
6.160000e-01	6.180000e-01	1.082251e+00	1.082251e+00	1.082251e+00
6.180000e-01	6.200000e-01	0.000000e+00	0.000000e+00	0.000000e+00
6.200000e-01	6.220000e-01	0.000000e+00	0.000000e+00	0.000000e+00
6.220000e-01	6.240000e-01	0.000000e+00	0.000000e+00	0.000000e+00
6.240000e-01	6.260000e-01	0.000000e+00	0.000000e+00	0.000000e+00
6.260000e-01	6.280000e-01	0.000000e+00	0.000000e+00	0.000000e+00
6.280000e-01	6.300000e-01	0.000000e+00	0.000000e+00	0.000000e+00
6.300000e-01	6.320000e-01	0.000000e+00	0.000000e+00	0.000000e+00
6.320000e-01	6.340000e-01	0.000000e+00	0.000000e+00	0.000000e+00
6.340000e-01	6.360000e-01	0.000000e+00	0.000000e+00	0.000000e+00
6.360000e-01	6.380000e-01	0.000000e+00	0.000000e+00	0.000000e+00
6.380000e-01	6.400000e-01	0.000000e+00	0.000000e+00	0.000000e+00
6.400000e-01	6.420000e-01	0.000000e+00	0.000000e+00	0.000000e+00
6.420000e-01	6.440000e-01	0.000000e+00	0.000000e+00	0.000000e+00
6.440000e-01	6.460000e-01	0.000000e+00	0.000000e+00	0.000000e+00
6.460000e-01	6.480000e-01	0.000000e+00	0.000000e+00	0.000000e+00
6.480000e-01	6.500000e-01	0.000000e+00	0.000000e+00	0.000000e+00
6.500000e-01	6.520000e-01	0.000000e+00	0.000000e+00	0.000000e+00
6.520000e-01	6.540000e-01	0.000000e+00	0.000000e+00	0.000000e+00
6.540000e-01	6.560000e-01	0.000000e+00	0.000000e+00	0.000000e+00
6.560000e-01	6.580000e-01	0.000000e+00	0.000000e+00	0.000000e+00
6.580000e-01	6.600000e-01	0.000000e+00	0.000000e+00	0.000000e+00
6.600000e-01	6.620000e-01	0.000000e+00	0.000000e+00	0.000000e+00
6.620000e-01	6.640000e-01	0.000000e+00	0.000000e+00	0.000000e+00
6.640000e-01	6.660000e-01	0.000000e+00	0.000000e+00	0.000000e+00
6.660000e-01	6.680000e-01	0.000000e+00	0.000000e+00	0.000000e+00
6.680000e-01	6.700000e-01	0.000000e+00	0.000000e+00	0.000000e+00
6.700000e-01	6.720000e-01	0.000000e+00	0.000000e+00	0.000000e+00
6.720000e-01	6.740000e-01	0.000000e+00	0.000000e+00	0.000000e+00
6.740000e-01	6.760000e-01	0.000000e+00	0.000000e+00	0.000000e+00
6.760000e-01	6.780000e-01	0.000000e+00	0.000000e+00	0.000000e+00
6.780000e-01	6.800000e-01	0.000000e+00	0.000000e+00	0.000000e+00
6.800000e-01	6.820000e-01	0.000000e+00	0.000000e+00	0.000000e+00
6.820000e-01	6.840000e-01	0.000000e+00	0.000000e+00	0.000000e+00
6.840000e-01	6.860000e-01	0.000000e+00	0.000000e+00	0.000000e+00
6.860000e-01	6.880000e-01	0.000000e+00	0.000000e+00	0.000000e+00
6.880000e-01	6.900000e-01	0.000000e+00	0.000000e+00	0.000000e+00
6.900000e-01	6.920000e-01	0.000000e+00	0.000000e+00	0.000000e+00
6.920000e-01	6.940000e-01	0.000000e+00	0.000000e+00	0.000000e+00
6.940000e-01	6.960000e-01	0.000000e+00	0.000000e+00	0.000000e+00
6.960000e-01	6.980000e-01	0.000000e+00	0.000000e+00	0.000000e+00
6.980000e-01	7.000000e-01	0.000000e+00	0.000000e+00	0.000000e+00
7.000000e-01	7.020000e-01	0.000000e+00	0.000000e+00	0.000000e+00
7.020000e-01	7.040000e-01	0.000000e+00	0.000000e+00	0.000000e+00
7.040000e-01	7.060000e-01	0.000000e+00	0.000000e+00	0.000000e+00
7.060000e-01	7.080000e-01	0.000000e+00	0.000000e+00	0.000000e+00
7.080000e-01	7.100000e-01	0.000000e+00	0.000000e+00	0.000000e+00
7.100000e-01	7.120000e-01	0.000000e+00	0.000000e+00	0.000000e+00
7.120000e-01	7.140000e-01	0.000000e+00	0.000000e+00	0.000000e+00
7.140000e-01	7.160000e-01	0.000000e+00	0.000000e+00	0.000000e+00
7.160000e-01	7.180000e-01	0.000000e+00	0.000000e+00	0.000000e+00
7.180000e-01	7.200000e-01	0.000000e+00	0.000000e+00	0.000000e+00
7.200000e-01	7.220000e-01	0.000000e+00	0.000000e+00	0.000000e+00
7.220000e-01	7.240000e-01	0.000000e+00	0.000000e+00	0.000000e+00
7.240000e-01	7.260000e-01	0.000000e+00	0.000000e+00	0.000000e+00
7.260000e-01	7.280000e-01	0.000000e+00	0.000000e+00	0.000000e+00
7.280000e-01	7.300000e-01	0.000000e+00	0.000000e+00	0.000000e+00
7.300000e-01	7.320000e-01	0.000000e+00	0.000000e+00	0.000000e+00
7.320000e-01	7.340000e-01	0.000000e+00	0.000000e+00	0.000000e+00
7.340000e-01	7.360000e-01	0.000000e+00	0.000000e+00	0.000000e+00
7.360000e-01	7.380000e-01	0.000000e+00	0.000000e+00	0.000000e+00
7.380000e-01	7.400000e-01	0.000000e+00	0.000000e+00	0.000000e+00
7.400000e-01	7.420000e-01	0.000000e+00	0.000000e+00	0.000000e+00
7.420000e-01	7.440000e-01	0.000000e+00	0.000000e+00	0.000000e+00
7.440000e-01	7.460000e-01	0.000000e+00	0.000000e+00	0.000000e+00
7.460000e-01	7.480000e-01	0.000000e+00	0.000000e+00	0.000000e+00
7.480000e-01	7.500000e-01	0.000000e+00	0.000000e+00	0.000000e+00
7.500000e-01	7.520000e-01	0.000000e+00	0.000000e+00	0.000000e+00
7.520000e-01	7.540000e-01	0.000000e+00	0.000000e+00	0.000000e+00
7.540000e-01	7.560000e-01	0.000000e+00	0.000000e+00	0.000000e+00
7.560000e-01	7.580000e-01	0.000000e+00	0.000000e+00	0.000000e+00
7.580000e-01	7.600000e-01	0.000000e+00	0.000000e+00	0.000000e+00
7.600000e-01	7.620000e-01	0.000000e+00	0.000000e+00	0.000000e+00
7.620000e-01	7.640000e-01	0.000000e+00	0.000000e+00	0.000000e+00
7.640000e-01	7.660000e-01	0.000000e+00	0.000000e+00	0.000000e+00
7.660000e-01	7.680000e-01	0.000000e+00	0.000000e+00	0.000000e+00
7.680000e-01	7.700000e-01	0.000000e+00	0.000000e+00	0.000000e+00
7.700000e-01	7.720000e-01	0.000000e+00	0.000000e+00	0.000000e+00
7.720000e-01	7.740000e-01	0.000000e+00	0.000000e+00	0.000000e+00
7.740000e-01	7.760000e-01	0.000000e+00	0.000000e+00	0.000000e+00
7.760000e-01	7.780000e-01	0.000000e+00	0.000000e+00	0.000000e+00
7.780000e-01	7.800000e-01	0.000000e+00	0.000000e+00	0.000000e+00
7.800000e-01	7.820000e-01	0.000000e+00	0.000000e+00	0.000000e+00
7.820000e-01	7.840000e-01	0.000000e+00	0.000000e+00	0.000000e+00
7.840000e-01	7.860000e-01	1.082251e+00	1.082251e+00	1.082251e+00
7.860000e-01	7.880000e-01	0.000000e+00	0.000000e+00	0.000000e+00
7.880000e-01	7.900000e-01	0.000000e+00	0.000000e+00	0.000000e+00
7.900000e-01	7.920000e-01	0.000000e+00	0.000000e+00	0.000000e+00
7.920000e-01	7.940000e-01	0.000000e+00	0.000000e+00	0.000000e+00
7.940000e-01	7.960000e-01	0.000000e+00	0.000000e+00	0.000000e+00
7.960000e-01	7.980000e-01	0.000000e+00	0.000000e+00	0.000000e+00
7.980000e-01	8.000000e-01	0.000000e+00	0.000000e+00	0.000000e+00
8.000000e-01	8.020000e-01	0.000000e+00	0.000000e+00	0.000000e+00
8.020000e-01	8.040000e-01	0.000000e+00	0.000000e+00	0.000000e+00
8.040000e-01	8.060000e-01	0.000000e+00	0.000000e+00	0.000000e+00
8.060000e-01	8.080000e-01	0.000000e+00	0.000000e+00	0.000000e+00
8.080000e-01	8.100000e-01	0.000000e+00	0.000000e+00	0.000000e+00
8.100000e-01	8.120000e-01	0.000000e+00	0.000000e+00	0.000000e+00
8.120000e-01	8.140000e-01	0.000000e+00	0.000000e+00	0.000000e+00
8.140000e-01	8.160000e-01	0.000000e+00	0.000000e+00	0.000000e+00
8.160000e-01	8.180000e-01	0.000000e+00	0.000000e+00	0.000000e+00
8.180000e-01	8.200000e-01	0.000000e+00	0.000000e+00	0.000000e+00
8.200000e-01	8.220000e-01	0.000000e+00	0.000000e+00	0.000000e+00
8.220000e-01	8.240000e-01	0.000000e+00	0.000000e+00	0.000000e+00
8.240000e-01	8.260000e-01	0.000000e+00	0.000000e+00	0.000000e+00
8.260000e-01	8.280000e-01	0.000000e+00	0.000000e+00	0.000000e+00
8.280000e-01	8.300000e-01	0.000000e+00	0.000000e+00	0.000000e+00
8.300000e-01	8.320000e-01	0.000000e+00	0.000000e+00	0.000000e+00
8.320000e-01	8.340000e-01	0.000000e+00	0.000000e+00	0.000000e+00
8.340000e-01	8.360000e-01	0.000000e+00	0.000000e+00	0.000000e+00
8.360000e-01	8.380000e-01	0.000000e+00	0.000000e+00	0.000000e+00
8.380000e-01	8.400000e-01	0.000000e+00	0.000000e+00	0.000000e+00
8.400000e-01	8.420000e-01	0.000000e+00	0.000000e+00	0.000000e+00
8.420000e-01	8.440000e-01	0.000000e+00	0.000000e+00	0.000000e+00
8.440000e-01	8.460000e-01	0.000000e+00	0.000000e+00	0.000000e+00
8.460000e-01	8.480000e-01	0.000000e+00	0.000000e+00	0.000000e+00
8.480000e-01	8.500000e-01	0.000000e+00	0.000000e+00	0.000000e+00
8.500000e-01	8.520000e-01	0.000000e+00	0.000000e+00	0.000000e+00
8.520000e-01	8.540000e-01	0.000000e+00	0.000000e+00	0.000000e+00
8.540000e-01	8.560000e-01	0.000000e+00	0.000000e+00	0.000000e+00
8.560000e-01	8.580000e-01	0.000000e+00	0.000000e+00	0.000000e+00
8.580000e-01	8.600000e-01	0.000000e+00	0.000000e+00	0.000000e+00
8.600000e-01	8.620000e-01	0.000000e+00	0.000000e+00	0.000000e+00
8.620000e-01	8.640000e-01	0.000000e+00	0.000000e+00	0.000000e+00
8.640000e-01	8.660000e-01	0.000000e+00	0.000000e+00	0.000000e+00
8.660000e-01	8.680000e-01	0.000000e+00	0.000000e+00	0.000000e+00
8.680000e-01	8.700000e-01	0.000000e+00	0.000000e+00	0.000000e+00
8.700000e-01	8.720000e-01	0.000000e+00	0.000000e+00	0.000000e+00
8.720000e-01	8.740000e-01	0.000000e+00	0.000000e+00	0.000000e+00
8.740000e-01	8.760000e-01	0.000000e+00	0.000000e+00	0.000000e+00
8.760000e-01	8.780000e-01	0.000000e+00	0.000000e+00	0.000000e+00
8.780000e-01	8.800000e-01	0.000000e+00	0.000000e+00	0.000000e+00
8.800000e-01	8.820000e-01	0.000000e+00	0.000000e+00	0.000000e+00
8.820000e-01	8.840000e-01	0.000000e+00	0.000000e+00	0.000000e+00
8.840000e-01	8.860000e-01	0.000000e+00	0.000000e+00	0.000000e+00
8.860000e-01	8.880000e-01	0.000000e+00	0.000000e+00	0.000000e+00
8.880000e-01	8.900000e-01	0.000000e+00	0.000000e+00	0.000000e+00
8.900000e-01	8.920000e-01	0.000000e+00	0.000000e+00	0.000000e+00
8.920000e-01	8.940000e-01	0.000000e+00	0.000000e+00	0.000000e+00
8.940000e-01	8.960000e-01	0.000000e+00	0.000000e+00	0.000000e+00
8.960000e-01	8.980000e-01	0.000000e+00	0.000000e+00	0.000000e+00
8.980000e-01	9.000000e-01	0.000000e+00	0.000000e+00	0.000000e+00
9.000000e-01	9.020000e-01	0.000000e+00	0.000000e+00	0.000000e+00
9.020000e-01	9.040000e-01	0.000000e+00	0.000000e+00	0.000000e+00
9.040000e-01	9.060000e-01	0.000000e+00	0.000000e+00	0.000000e+00
9.060000e-01	9.080000e-01	0.000000e+00	0.000000e+00	0.000000e+00
9.080000e-01	9.100000e-01	0.000000e+00	0.000000e+00	0.000000e+00
9.100000e-01	9.120000e-01	0.000000e+00	0.000000e+00	0.000000e+00
9.120000e-01	9.140000e-01	0.000000e+00	0.000000e+00	0.000000e+00
9.140000e-01	9.160000e-01	0.000000e+00	0.000000e+00	0.000000e+00
9.160000e-01	9.180000e-01	0.000000e+00	0.000000e+00	0.000000e+00
9.180000e-01	9.200000e-01	0.000000e+00	0.000000e+00	0.000000e+00
9.200000e-01	9.220000e-01	0.000000e+00	0.000000e+00	0.000000e+00
9.220000e-01	9.240000e-01	0.000000e+00	0.000000e+00	0.000000e+00
9.240000e-01	9.260000e-01	0.000000e+00	0.000000e+00	0.000000e+00
9.260000e-01	9.280000e-01	0.000000e+00	0.000000e+00	0.000000e+00
9.280000e-01	9.300000e-01	0.000000e+00	0.000000e+00	0.000000e+00
9.300000e-01	9.320000e-01	0.000000e+00	0.000000e+00	0.000000e+00
9.320000e-01	9.340000e-01	0.000000e+00	0.000000e+00	0.000000e+00
9.340000e-01	9.360000e-01	0.000000e+00	0.000000e+00	0.000000e+00
9.360000e-01	9.380000e-01	0.000000e+00	0.000000e+00	0.000000e+00
9.380000e-01	9.400000e-01	0.000000e+00	0.000000e+00	0.000000e+00
9.400000e-01	9.420000e-01	0.000000e+00	0.000000e+00	0.000000e+00
9.420000e-01	9.440000e-01	0.000000e+00	0.000000e+00	0.000000e+00
9.440000e-01	9.460000e-01	0.000000e+00	0.000000e+00	0.000000e+00
9.460000e-01	9.480000e-01	0.000000e+00	0.000000e+00	0.000000e+00
9.480000e-01	9.500000e-01	0.000000e+00	0.000000e+00	0.000000e+00
9.500000e-01	9.520000e-01	0.000000e+00	0.000000e+00	0.000000e+00
9.520000e-01	9.540000e-01	0.000000e+00	0.000000e+00	0.000000e+00
9.540000e-01	9.560000e-01	0.000000e+00	0.000000e+00	0.000000e+00
9.560000e-01	9.580000e-01	0.000000e+00	0.000000e+00	0.000000e+00
9.580000e-01	9.600000e-01	0.000000e+00	0.000000e+00	0.000000e+00
9.600000e-01	9.620000e-01	0.000000e+00	0.000000e+00	0.000000e+00
9.620000e-01	9.640000e-01	0.000000e+00	0.000000e+00	0.000000e+00
9.640000e-01	9.660000e-01	0.000000e+00	0.000000e+00	0.000000e+00
9.660000e-01	9.680000e-01	0.000000e+00	0.000000e+00	0.000000e+00
9.680000e-01	9.700000e-01	0.000000e+00	0.000000e+00	0.000000e+00
9.700000e-01	9.720000e-01	0.000000e+00	0.000000e+00	0.000000e+00
9.720000e-01	9.740000e-01	0.000000e+00	0.000000e+00	0.000000e+00
9.740000e-01	9.760000e-01	0.000000e+00	0.000000e+00	0.000000e+00
9.760000e-01	9.780000e-01	0.000000e+00	0.000000e+00	0.000000e+00
9.780000e-01	9.800000e-01	0.000000e+00	0.000000e+00	0.000000e+00
9.800000e-01	9.820000e-01	0.000000e+00	0.000000e+00	0.000000e+00
9.820000e-01	9.840000e-01	0.000000e+00	0.000000e+00	0.000000e+00
9.840000e-01	9.860000e-01	0.000000e+00	0.000000e+00	0.000000e+00
9.860000e-01	9.880000e-01	0.000000e+00	0.000000e+00	0.000000e+00
9.880000e-01	9.900000e-01	0.000000e+00	0.000000e+00	0.000000e+00
9.900000e-01	9.920000e-01	0.000000e+00	0.000000e+00	0.000000e+00
9.920000e-01	9.940000e-01	0.000000e+00	0.000000e+00	0.000000e+00
9.940000e-01	9.960000e-01	0.000000e+00	0.000000e+00	0.000000e+00
9.960000e-01	9.980000e-01	0.000000e+00	0.000000e+00	0.000000e+00
9.980000e-01	1.000000e+00	0.000000e+00	0.000000e+00	0.000000e+00
# END HISTO1D

