# BEGIN PLOT
LegendOnly=//afs/cern.ch/user/d/dkar/lh2015-qg/Vincia-2001/lhc/hadron/dijet.yoda/MC_LHQG_dijet/mMDT_GA_20_00_Q50_R2 //afs/cern.ch/user/d/dkar/lh2015-qg/Vincia-2001/lhc/hadron/dijet_nobias.yoda/MC_LHQG_dijet/mMDT_GA_20_00_Q50_R2
DrawOnly=//afs/cern.ch/user/d/dkar/lh2015-qg/Vincia-2001/lhc/hadron/dijet.yoda/MC_LHQG_dijet/mMDT_GA_20_00_Q50_R2 //afs/cern.ch/user/d/dkar/lh2015-qg/Vincia-2001/lhc/hadron/dijet_nobias.yoda/MC_LHQG_dijet/mMDT_GA_20_00_Q50_R2
RatioPlotReference=//afs/cern.ch/user/d/dkar/lh2015-qg/Vincia-2001/lhc/hadron/dijet.yoda/MC_LHQG_dijet/mMDT_GA_20_00_Q50_R2
RatioPlot=1
LogY=1
RatioPlotYLabel=Ratio
Legend=1
# END PLOT

# BEGIN HISTO1D //afs/cern.ch/user/d/dkar/lh2015-qg/Vincia-2001/lhc/hadron/dijet.yoda/MC_LHQG_dijet/mMDT_GA_20_00_Q50_R2
LineColor=red
LineStyle=solid
Path=//afs/cern.ch/user/d/dkar/lh2015-qg/Vincia-2001/lhc/hadron/dijet.yoda/MC_LHQG_dijet/mMDT_GA_20_00_Q50_R2
ScaledBy=0.14250437581372752
Title=dijet
XLabel=
YLabel=
# xlow	 xhigh	 val	 errminus	 errplus
0.000000e+00	2.000000e-03	0.000000e+00	0.000000e+00	0.000000e+00
2.000000e-03	4.000000e-03	0.000000e+00	0.000000e+00	0.000000e+00
4.000000e-03	6.000000e-03	0.000000e+00	0.000000e+00	0.000000e+00
6.000000e-03	8.000000e-03	0.000000e+00	0.000000e+00	0.000000e+00
8.000000e-03	1.000000e-02	0.000000e+00	0.000000e+00	0.000000e+00
1.000000e-02	1.200000e-02	0.000000e+00	0.000000e+00	0.000000e+00
1.200000e-02	1.400000e-02	0.000000e+00	0.000000e+00	0.000000e+00
1.400000e-02	1.600000e-02	0.000000e+00	0.000000e+00	0.000000e+00
1.600000e-02	1.800000e-02	0.000000e+00	0.000000e+00	0.000000e+00
1.800000e-02	2.000000e-02	0.000000e+00	0.000000e+00	0.000000e+00
2.000000e-02	2.200000e-02	8.762480e-07	4.571974e-07	4.571974e-07
2.200000e-02	2.400000e-02	1.648216e-05	1.080296e-05	1.080296e-05
2.400000e-02	2.600000e-02	6.404950e-06	3.442971e-06	3.442971e-06
2.600000e-02	2.800000e-02	5.925295e-05	2.134274e-05	2.134274e-05
2.800000e-02	3.000000e-02	9.527015e-05	2.811889e-05	2.811889e-05
3.000000e-02	3.200000e-02	3.976387e-04	9.828331e-05	9.828331e-05
3.200000e-02	3.400000e-02	5.958315e-04	1.727089e-04	1.727089e-04
3.400000e-02	3.600000e-02	1.031380e-03	2.753916e-04	2.753916e-04
3.600000e-02	3.800000e-02	6.402155e-03	2.453635e-03	2.453635e-03
3.800000e-02	4.000000e-02	5.186955e-03	1.355620e-03	1.355620e-03
4.000000e-02	4.200000e-02	9.478995e-03	2.934434e-03	2.934434e-03
4.200000e-02	4.400000e-02	1.094111e-02	2.437294e-03	2.437294e-03
4.400000e-02	4.600000e-02	2.343849e-02	3.427944e-03	3.427944e-03
4.600000e-02	4.800000e-02	2.881950e-02	5.391797e-03	5.391797e-03
4.800000e-02	5.000000e-02	5.943295e-02	1.414890e-02	1.414890e-02
5.000000e-02	5.200000e-02	9.059050e-02	1.745990e-02	1.745990e-02
5.200000e-02	5.400000e-02	8.398855e-02	1.182130e-02	1.182130e-02
5.400000e-02	5.600000e-02	1.286704e-01	1.887859e-02	1.887859e-02
5.600000e-02	5.800000e-02	1.685762e-01	2.639363e-02	2.639363e-02
5.800000e-02	6.000000e-02	2.845469e-01	4.070580e-02	4.070580e-02
6.000000e-02	6.200000e-02	3.736531e-01	5.258457e-02	5.258457e-02
6.200000e-02	6.400000e-02	5.421195e-01	1.452296e-01	1.452296e-01
6.400000e-02	6.600000e-02	7.726175e-01	1.401179e-01	1.401179e-01
6.600000e-02	6.800000e-02	5.543845e-01	6.755068e-02	6.755068e-02
6.800000e-02	7.000000e-02	8.687775e-01	9.897555e-02	9.897555e-02
7.000000e-02	7.200000e-02	8.301230e-01	1.002038e-01	1.002038e-01
7.200000e-02	7.400000e-02	1.504746e+00	1.608135e-01	1.608135e-01
7.400000e-02	7.600000e-02	1.779904e+00	2.003483e-01	2.003483e-01
7.600000e-02	7.800000e-02	1.929909e+00	1.962813e-01	1.962813e-01
7.800000e-02	8.000000e-02	2.380483e+00	2.417258e-01	2.417258e-01
8.000000e-02	8.200000e-02	2.102412e+00	1.964026e-01	1.964026e-01
8.200000e-02	8.400000e-02	2.505340e+00	2.588344e-01	2.588344e-01
8.400000e-02	8.600000e-02	2.866818e+00	2.536657e-01	2.536657e-01
8.600000e-02	8.800000e-02	2.999640e+00	2.553764e-01	2.553764e-01
8.800000e-02	9.000000e-02	3.746953e+00	3.073514e-01	3.073514e-01
9.000000e-02	9.200000e-02	3.868992e+00	3.150212e-01	3.150212e-01
9.200000e-02	9.400000e-02	4.042954e+00	2.743676e-01	2.743676e-01
9.400000e-02	9.600000e-02	4.211170e+00	2.981097e-01	2.981097e-01
9.600000e-02	9.800000e-02	4.231311e+00	3.252242e-01	3.252242e-01
9.800000e-02	1.000000e-01	4.842992e+00	3.572170e-01	3.572170e-01
1.000000e-01	1.020000e-01	4.790163e+00	3.310293e-01	3.310293e-01
1.020000e-01	1.040000e-01	5.646750e+00	4.195195e-01	4.195195e-01
1.040000e-01	1.060000e-01	5.397250e+00	3.511086e-01	3.511086e-01
1.060000e-01	1.080000e-01	6.098180e+00	4.057327e-01	4.057327e-01
1.080000e-01	1.100000e-01	5.302400e+00	3.589220e-01	3.589220e-01
1.100000e-01	1.120000e-01	5.559520e+00	3.636870e-01	3.636870e-01
1.120000e-01	1.140000e-01	6.170515e+00	4.254806e-01	4.254806e-01
1.140000e-01	1.160000e-01	5.310655e+00	3.376909e-01	3.376909e-01
1.160000e-01	1.180000e-01	5.385240e+00	3.642833e-01	3.642833e-01
1.180000e-01	1.200000e-01	6.125990e+00	3.994528e-01	3.994528e-01
1.200000e-01	1.220000e-01	6.111835e+00	3.839512e-01	3.839512e-01
1.220000e-01	1.240000e-01	6.328740e+00	4.138738e-01	4.138738e-01
1.240000e-01	1.260000e-01	6.094630e+00	4.101342e-01	4.101342e-01
1.260000e-01	1.280000e-01	6.207590e+00	4.184942e-01	4.184942e-01
1.280000e-01	1.300000e-01	6.238850e+00	3.969992e-01	3.969992e-01
1.300000e-01	1.320000e-01	5.569555e+00	3.703945e-01	3.703945e-01
1.320000e-01	1.340000e-01	5.909305e+00	3.861781e-01	3.861781e-01
1.340000e-01	1.360000e-01	6.222965e+00	4.005909e-01	4.005909e-01
1.360000e-01	1.380000e-01	5.781820e+00	3.610483e-01	3.610483e-01
1.380000e-01	1.400000e-01	5.644375e+00	3.818110e-01	3.818110e-01
1.400000e-01	1.420000e-01	6.184210e+00	3.870466e-01	3.870466e-01
1.420000e-01	1.440000e-01	5.783965e+00	3.702541e-01	3.702541e-01
1.440000e-01	1.460000e-01	6.377015e+00	4.194949e-01	4.194949e-01
1.460000e-01	1.480000e-01	5.726675e+00	4.006802e-01	4.006802e-01
1.480000e-01	1.500000e-01	5.279165e+00	3.656400e-01	3.656400e-01
1.500000e-01	1.520000e-01	5.687045e+00	4.142908e-01	4.142908e-01
1.520000e-01	1.540000e-01	5.637970e+00	3.997613e-01	3.997613e-01
1.540000e-01	1.560000e-01	5.677925e+00	3.962380e-01	3.962380e-01
1.560000e-01	1.580000e-01	4.917968e+00	3.373095e-01	3.373095e-01
1.580000e-01	1.600000e-01	5.535900e+00	3.859346e-01	3.859346e-01
1.600000e-01	1.620000e-01	5.110515e+00	3.463361e-01	3.463361e-01
1.620000e-01	1.640000e-01	5.677985e+00	4.175865e-01	4.175865e-01
1.640000e-01	1.660000e-01	4.809643e+00	3.505770e-01	3.505770e-01
1.660000e-01	1.680000e-01	4.657845e+00	3.375518e-01	3.375518e-01
1.680000e-01	1.700000e-01	4.920299e+00	3.706196e-01	3.706196e-01
1.700000e-01	1.720000e-01	4.884173e+00	3.621723e-01	3.621723e-01
1.720000e-01	1.740000e-01	4.930338e+00	3.588076e-01	3.588076e-01
1.740000e-01	1.760000e-01	4.870702e+00	3.695568e-01	3.695568e-01
1.760000e-01	1.780000e-01	4.419779e+00	3.628177e-01	3.628177e-01
1.780000e-01	1.800000e-01	4.859636e+00	3.773872e-01	3.773872e-01
1.800000e-01	1.820000e-01	4.520013e+00	3.685921e-01	3.685921e-01
1.820000e-01	1.840000e-01	4.124584e+00	3.059057e-01	3.059057e-01
1.840000e-01	1.860000e-01	4.384211e+00	3.594762e-01	3.594762e-01
1.860000e-01	1.880000e-01	4.286100e+00	3.346192e-01	3.346192e-01
1.880000e-01	1.900000e-01	3.701965e+00	3.263286e-01	3.263286e-01
1.900000e-01	1.920000e-01	4.222822e+00	3.645661e-01	3.645661e-01
1.920000e-01	1.940000e-01	4.076927e+00	3.691077e-01	3.691077e-01
1.940000e-01	1.960000e-01	4.081932e+00	3.882543e-01	3.882543e-01
1.960000e-01	1.980000e-01	4.285411e+00	3.805040e-01	3.805040e-01
1.980000e-01	2.000000e-01	4.338084e+00	3.938226e-01	3.938226e-01
2.000000e-01	2.020000e-01	3.986311e+00	3.530508e-01	3.530508e-01
2.020000e-01	2.040000e-01	3.749671e+00	3.460448e-01	3.460448e-01
2.040000e-01	2.060000e-01	3.147018e+00	2.854517e-01	2.854517e-01
2.060000e-01	2.080000e-01	3.648050e+00	2.983687e-01	2.983687e-01
2.080000e-01	2.100000e-01	3.383397e+00	3.236253e-01	3.236253e-01
2.100000e-01	2.120000e-01	3.189427e+00	2.956621e-01	2.956621e-01
2.120000e-01	2.140000e-01	3.778223e+00	3.526188e-01	3.526188e-01
2.140000e-01	2.160000e-01	3.128275e+00	3.057370e-01	3.057370e-01
2.160000e-01	2.180000e-01	3.105486e+00	3.028539e-01	3.028539e-01
2.180000e-01	2.200000e-01	3.066855e+00	2.936397e-01	2.936397e-01
2.200000e-01	2.220000e-01	3.029188e+00	2.728324e-01	2.728324e-01
2.220000e-01	2.240000e-01	2.852885e+00	3.003643e-01	3.003643e-01
2.240000e-01	2.260000e-01	2.289198e+00	2.564684e-01	2.564684e-01
2.260000e-01	2.280000e-01	2.323689e+00	2.388731e-01	2.388731e-01
2.280000e-01	2.300000e-01	2.488754e+00	2.526666e-01	2.526666e-01
2.300000e-01	2.320000e-01	2.873945e+00	2.791807e-01	2.791807e-01
2.320000e-01	2.340000e-01	3.613600e+00	3.752770e-01	3.752770e-01
2.340000e-01	2.360000e-01	2.684050e+00	2.937153e-01	2.937153e-01
2.360000e-01	2.380000e-01	2.186524e+00	2.581775e-01	2.581775e-01
2.380000e-01	2.400000e-01	2.545766e+00	2.627655e-01	2.627655e-01
2.400000e-01	2.420000e-01	2.551114e+00	2.940224e-01	2.940224e-01
2.420000e-01	2.440000e-01	1.833890e+00	2.218046e-01	2.218046e-01
2.440000e-01	2.460000e-01	2.361018e+00	2.438863e-01	2.438863e-01
2.460000e-01	2.480000e-01	2.645846e+00	2.995679e-01	2.995679e-01
2.480000e-01	2.500000e-01	1.835779e+00	2.187211e-01	2.187211e-01
2.500000e-01	2.520000e-01	1.932978e+00	2.419560e-01	2.419560e-01
2.520000e-01	2.540000e-01	1.509927e+00	2.088443e-01	2.088443e-01
2.540000e-01	2.560000e-01	1.734658e+00	2.423503e-01	2.423503e-01
2.560000e-01	2.580000e-01	2.178772e+00	2.636838e-01	2.636838e-01
2.580000e-01	2.600000e-01	2.340047e+00	2.683064e-01	2.683064e-01
2.600000e-01	2.620000e-01	1.908338e+00	2.374876e-01	2.374876e-01
2.620000e-01	2.640000e-01	2.267989e+00	2.776316e-01	2.776316e-01
2.640000e-01	2.660000e-01	1.460452e+00	1.939691e-01	1.939691e-01
2.660000e-01	2.680000e-01	1.954207e+00	2.653717e-01	2.653717e-01
2.680000e-01	2.700000e-01	1.790432e+00	2.142954e-01	2.142954e-01
2.700000e-01	2.720000e-01	1.668348e+00	2.352319e-01	2.352319e-01
2.720000e-01	2.740000e-01	2.124180e+00	2.761147e-01	2.761147e-01
2.740000e-01	2.760000e-01	1.767468e+00	2.334585e-01	2.334585e-01
2.760000e-01	2.780000e-01	1.688659e+00	2.407570e-01	2.407570e-01
2.780000e-01	2.800000e-01	1.445224e+00	1.983762e-01	1.983762e-01
2.800000e-01	2.820000e-01	1.416064e+00	1.873194e-01	1.873194e-01
2.820000e-01	2.840000e-01	1.682324e+00	2.173468e-01	2.173468e-01
2.840000e-01	2.860000e-01	1.274023e+00	2.032753e-01	2.032753e-01
2.860000e-01	2.880000e-01	1.100435e+00	1.868232e-01	1.868232e-01
2.880000e-01	2.900000e-01	1.416173e+00	2.036049e-01	2.036049e-01
2.900000e-01	2.920000e-01	1.304188e+00	2.014789e-01	2.014789e-01
2.920000e-01	2.940000e-01	1.826091e+00	2.399022e-01	2.399022e-01
2.940000e-01	2.960000e-01	1.265494e+00	1.932471e-01	1.932471e-01
2.960000e-01	2.980000e-01	1.497278e+00	2.376610e-01	2.376610e-01
2.980000e-01	3.000000e-01	1.464473e+00	2.285924e-01	2.285924e-01
3.000000e-01	3.020000e-01	1.357205e+00	1.899957e-01	1.899957e-01
3.020000e-01	3.040000e-01	1.180871e+00	2.028634e-01	2.028634e-01
3.040000e-01	3.060000e-01	1.440580e+00	2.149153e-01	2.149153e-01
3.060000e-01	3.080000e-01	1.085637e+00	1.781703e-01	1.781703e-01
3.080000e-01	3.100000e-01	8.517475e-01	1.257830e-01	1.257830e-01
3.100000e-01	3.120000e-01	8.711645e-01	1.407606e-01	1.407606e-01
3.120000e-01	3.140000e-01	1.274194e+00	2.087539e-01	2.087539e-01
3.140000e-01	3.160000e-01	9.095645e-01	1.592047e-01	1.592047e-01
3.160000e-01	3.180000e-01	1.372305e+00	2.112559e-01	2.112559e-01
3.180000e-01	3.200000e-01	9.970480e-01	1.517032e-01	1.517032e-01
3.200000e-01	3.220000e-01	8.821810e-01	1.652450e-01	1.652450e-01
3.220000e-01	3.240000e-01	1.012975e+00	1.993997e-01	1.993997e-01
3.240000e-01	3.260000e-01	8.651050e-01	1.515933e-01	1.515933e-01
3.260000e-01	3.280000e-01	8.463865e-01	1.724107e-01	1.724107e-01
3.280000e-01	3.300000e-01	8.109075e-01	1.513327e-01	1.513327e-01
3.300000e-01	3.320000e-01	8.057265e-01	1.566313e-01	1.566313e-01
3.320000e-01	3.340000e-01	1.176473e+00	2.043994e-01	2.043994e-01
3.340000e-01	3.360000e-01	1.204776e+00	2.007464e-01	2.007464e-01
3.360000e-01	3.380000e-01	8.204475e-01	1.336353e-01	1.336353e-01
3.380000e-01	3.400000e-01	9.404670e-01	1.659187e-01	1.659187e-01
3.400000e-01	3.420000e-01	1.387450e+00	2.127158e-01	2.127158e-01
3.420000e-01	3.440000e-01	1.147311e+00	2.142164e-01	2.142164e-01
3.440000e-01	3.460000e-01	6.879755e-01	1.328143e-01	1.328143e-01
3.460000e-01	3.480000e-01	9.153765e-01	1.673630e-01	1.673630e-01
3.480000e-01	3.500000e-01	9.639680e-01	1.721626e-01	1.721626e-01
3.500000e-01	3.520000e-01	8.378285e-01	1.580231e-01	1.580231e-01
3.520000e-01	3.540000e-01	9.160580e-01	1.820275e-01	1.820275e-01
3.540000e-01	3.560000e-01	8.318635e-01	1.616347e-01	1.616347e-01
3.560000e-01	3.580000e-01	8.724530e-01	1.482426e-01	1.482426e-01
3.580000e-01	3.600000e-01	4.695045e-01	1.026001e-01	1.026001e-01
3.600000e-01	3.620000e-01	7.364470e-01	1.363405e-01	1.363405e-01
3.620000e-01	3.640000e-01	7.721560e-01	1.419952e-01	1.419952e-01
3.640000e-01	3.660000e-01	5.625135e-01	1.184089e-01	1.184089e-01
3.660000e-01	3.680000e-01	5.271325e-01	1.217706e-01	1.217706e-01
3.680000e-01	3.700000e-01	6.671765e-01	1.442345e-01	1.442345e-01
3.700000e-01	3.720000e-01	5.901670e-01	1.224526e-01	1.224526e-01
3.720000e-01	3.740000e-01	7.853710e-01	1.579608e-01	1.579608e-01
3.740000e-01	3.760000e-01	4.434251e-01	1.053817e-01	1.053817e-01
3.760000e-01	3.780000e-01	5.680780e-01	1.134009e-01	1.134009e-01
3.780000e-01	3.800000e-01	4.610939e-01	9.257211e-02	9.257211e-02
3.800000e-01	3.820000e-01	4.341699e-01	1.204918e-01	1.204918e-01
3.820000e-01	3.840000e-01	6.238655e-01	1.515608e-01	1.515608e-01
3.840000e-01	3.860000e-01	7.051045e-01	1.613517e-01	1.613517e-01
3.860000e-01	3.880000e-01	7.443980e-01	1.706387e-01	1.706387e-01
3.880000e-01	3.900000e-01	8.346655e-01	1.851603e-01	1.851603e-01
3.900000e-01	3.920000e-01	4.248909e-01	1.002411e-01	1.002411e-01
3.920000e-01	3.940000e-01	6.088645e-01	1.256669e-01	1.256669e-01
3.940000e-01	3.960000e-01	3.394633e-01	1.034379e-01	1.034379e-01
3.960000e-01	3.980000e-01	6.705330e-01	1.427439e-01	1.427439e-01
3.980000e-01	4.000000e-01	6.044320e-01	1.281893e-01	1.281893e-01
4.000000e-01	4.020000e-01	6.486445e-01	1.496668e-01	1.496668e-01
4.020000e-01	4.040000e-01	4.133399e-01	1.012710e-01	1.012710e-01
4.040000e-01	4.060000e-01	3.600182e-01	1.005711e-01	1.005711e-01
4.060000e-01	4.080000e-01	4.323860e-01	9.188491e-02	9.188491e-02
4.080000e-01	4.100000e-01	4.601310e-01	1.092812e-01	1.092812e-01
4.100000e-01	4.120000e-01	5.406805e-01	1.244252e-01	1.244252e-01
4.120000e-01	4.140000e-01	4.295896e-01	1.000124e-01	1.000124e-01
4.140000e-01	4.160000e-01	4.419555e-01	1.015381e-01	1.015381e-01
4.160000e-01	4.180000e-01	3.604262e-01	9.319038e-02	9.319038e-02
4.180000e-01	4.200000e-01	3.832512e-01	1.043476e-01	1.043476e-01
4.200000e-01	4.220000e-01	4.394700e-01	1.066263e-01	1.066263e-01
4.220000e-01	4.240000e-01	4.706525e-01	1.066084e-01	1.066084e-01
4.240000e-01	4.260000e-01	3.501406e-01	9.460346e-02	9.460346e-02
4.260000e-01	4.280000e-01	3.774714e-01	9.438326e-02	9.438326e-02
4.280000e-01	4.300000e-01	1.948900e-01	5.702114e-02	5.702114e-02
4.300000e-01	4.320000e-01	3.965464e-01	1.030767e-01	1.030767e-01
4.320000e-01	4.340000e-01	2.994068e-01	7.700515e-02	7.700515e-02
4.340000e-01	4.360000e-01	2.221587e-01	8.026019e-02	8.026019e-02
4.360000e-01	4.380000e-01	2.184052e-01	8.491298e-02	8.491298e-02
4.380000e-01	4.400000e-01	1.795332e-01	5.037966e-02	5.037966e-02
4.400000e-01	4.420000e-01	2.129130e-01	9.430007e-02	9.430007e-02
4.420000e-01	4.440000e-01	4.902570e-01	1.459386e-01	1.459386e-01
4.440000e-01	4.460000e-01	3.066530e-01	9.502740e-02	9.502740e-02
4.460000e-01	4.480000e-01	3.339072e-01	1.204343e-01	1.204343e-01
4.480000e-01	4.500000e-01	3.958967e-01	1.203948e-01	1.203948e-01
4.500000e-01	4.520000e-01	2.901597e-01	9.678768e-02	9.678768e-02
4.520000e-01	4.540000e-01	2.108088e-01	7.765024e-02	7.765024e-02
4.540000e-01	4.560000e-01	5.088840e-01	1.585563e-01	1.585563e-01
4.560000e-01	4.580000e-01	1.834224e-01	6.087522e-02	6.087522e-02
4.580000e-01	4.600000e-01	2.731791e-01	8.198672e-02	8.198672e-02
4.600000e-01	4.620000e-01	1.742653e-01	4.939481e-02	4.939481e-02
4.620000e-01	4.640000e-01	1.682706e-01	4.172799e-02	4.172799e-02
4.640000e-01	4.660000e-01	1.219599e-01	5.086573e-02	5.086573e-02
4.660000e-01	4.680000e-01	1.451571e-01	5.972560e-02	5.972560e-02
4.680000e-01	4.700000e-01	9.346880e-02	4.203534e-02	4.203534e-02
4.700000e-01	4.720000e-01	2.225917e-01	6.021725e-02	6.021725e-02
4.720000e-01	4.740000e-01	2.565804e-01	7.146721e-02	7.146721e-02
4.740000e-01	4.760000e-01	3.210216e-01	1.104683e-01	1.104683e-01
4.760000e-01	4.780000e-01	2.637535e-01	7.630986e-02	7.630986e-02
4.780000e-01	4.800000e-01	2.268113e-01	9.944839e-02	9.944839e-02
4.800000e-01	4.820000e-01	2.591127e-01	9.295605e-02	9.295605e-02
4.820000e-01	4.840000e-01	1.507239e-01	6.888743e-02	6.888743e-02
4.840000e-01	4.860000e-01	3.937801e-01	1.356581e-01	1.356581e-01
4.860000e-01	4.880000e-01	3.101361e-01	1.072616e-01	1.072616e-01
4.880000e-01	4.900000e-01	2.171233e-01	1.037516e-01	1.037516e-01
4.900000e-01	4.920000e-01	1.396335e-01	4.984631e-02	4.984631e-02
4.920000e-01	4.940000e-01	1.315850e-01	4.927557e-02	4.927557e-02
4.940000e-01	4.960000e-01	2.148794e-01	9.007633e-02	9.007633e-02
4.960000e-01	4.980000e-01	1.900578e-01	5.874285e-02	5.874285e-02
4.980000e-01	5.000000e-01	8.514930e-02	3.576947e-02	3.576947e-02
5.000000e-01	5.020000e-01	7.217180e-01	1.438786e-01	1.438786e-01
5.020000e-01	5.040000e-01	4.967055e-01	1.382949e-01	1.382949e-01
5.040000e-01	5.060000e-01	3.082397e-01	9.728424e-02	9.728424e-02
5.060000e-01	5.080000e-01	3.491384e-01	1.208715e-01	1.208715e-01
5.080000e-01	5.100000e-01	4.767935e-01	1.327742e-01	1.327742e-01
5.100000e-01	5.120000e-01	2.351554e-01	8.208715e-02	8.208715e-02
5.120000e-01	5.140000e-01	1.634274e-01	5.640769e-02	5.640769e-02
5.140000e-01	5.160000e-01	3.238364e-01	1.006673e-01	1.006673e-01
5.160000e-01	5.180000e-01	2.970982e-01	1.067366e-01	1.067366e-01
5.180000e-01	5.200000e-01	1.374214e-01	6.044553e-02	6.044553e-02
5.200000e-01	5.220000e-01	1.233439e-01	3.934208e-02	3.934208e-02
5.220000e-01	5.240000e-01	1.561496e-01	6.047969e-02	6.047969e-02
5.240000e-01	5.260000e-01	1.463946e-01	5.940080e-02	5.940080e-02
5.260000e-01	5.280000e-01	2.171532e-01	6.772671e-02	6.772671e-02
5.280000e-01	5.300000e-01	3.066643e-01	1.122377e-01	1.122377e-01
5.300000e-01	5.320000e-01	2.034477e-01	1.142234e-01	1.142234e-01
5.320000e-01	5.340000e-01	1.755803e-01	6.174198e-02	6.174198e-02
5.340000e-01	5.360000e-01	9.615615e-02	3.778389e-02	3.778389e-02
5.360000e-01	5.380000e-01	3.371330e-01	1.081995e-01	1.081995e-01
5.380000e-01	5.400000e-01	2.841736e-01	7.487631e-02	7.487631e-02
5.400000e-01	5.420000e-01	3.870591e-01	1.196027e-01	1.196027e-01
5.420000e-01	5.440000e-01	2.601156e-01	8.434063e-02	8.434063e-02
5.440000e-01	5.460000e-01	2.322892e-01	7.434406e-02	7.434406e-02
5.460000e-01	5.480000e-01	1.472951e-01	5.463939e-02	5.463939e-02
5.480000e-01	5.500000e-01	1.528446e-01	6.189229e-02	6.189229e-02
5.500000e-01	5.520000e-01	3.427357e-01	1.102241e-01	1.102241e-01
5.520000e-01	5.540000e-01	3.233883e-02	1.652087e-02	1.652087e-02
5.540000e-01	5.560000e-01	7.072560e-02	3.523195e-02	3.523195e-02
5.560000e-01	5.580000e-01	1.691084e-01	7.708233e-02	7.708233e-02
5.580000e-01	5.600000e-01	2.446860e-01	1.000733e-01	1.000733e-01
5.600000e-01	5.620000e-01	4.309523e-02	2.034948e-02	2.034948e-02
5.620000e-01	5.640000e-01	1.084887e-01	6.124112e-02	6.124112e-02
5.640000e-01	5.660000e-01	1.334213e-01	4.231076e-02	4.231076e-02
5.660000e-01	5.680000e-01	2.450128e-01	8.664761e-02	8.664761e-02
5.680000e-01	5.700000e-01	1.764049e-01	8.164937e-02	8.164937e-02
5.700000e-01	5.720000e-01	1.272245e-01	7.132775e-02	7.132775e-02
5.720000e-01	5.740000e-01	2.103100e-01	9.276509e-02	9.276509e-02
5.740000e-01	5.760000e-01	6.919375e-02	4.164999e-02	4.164999e-02
5.760000e-01	5.780000e-01	2.467061e-01	1.056320e-01	1.056320e-01
5.780000e-01	5.800000e-01	1.691960e-01	5.419283e-02	5.419283e-02
5.800000e-01	5.820000e-01	1.585119e-01	8.868374e-02	8.868374e-02
5.820000e-01	5.840000e-01	1.082430e-01	4.408148e-02	4.408148e-02
5.840000e-01	5.860000e-01	5.933165e-02	2.361878e-02	2.361878e-02
5.860000e-01	5.880000e-01	1.071831e-01	5.339946e-02	5.339946e-02
5.880000e-01	5.900000e-01	1.338845e-01	4.855213e-02	4.855213e-02
5.900000e-01	5.920000e-01	9.592840e-02	4.588625e-02	4.588625e-02
5.920000e-01	5.940000e-01	6.654655e-02	4.087921e-02	4.087921e-02
5.940000e-01	5.960000e-01	1.544641e-02	6.647191e-03	6.647191e-03
5.960000e-01	5.980000e-01	5.637155e-02	4.531973e-02	4.531973e-02
5.980000e-01	6.000000e-01	7.211750e-02	2.661600e-02	2.661600e-02
6.000000e-01	6.020000e-01	7.348100e-02	3.951950e-02	3.951950e-02
6.020000e-01	6.040000e-01	1.352159e-01	6.464841e-02	6.464841e-02
6.040000e-01	6.060000e-01	2.160749e-02	6.831184e-03	6.831184e-03
6.060000e-01	6.080000e-01	3.431440e-02	1.799769e-02	1.799769e-02
6.080000e-01	6.100000e-01	5.617250e-02	3.026451e-02	3.026451e-02
6.100000e-01	6.120000e-01	5.454865e-02	2.433898e-02	2.433898e-02
6.120000e-01	6.140000e-01	1.470665e-01	5.201755e-02	5.201755e-02
6.140000e-01	6.160000e-01	4.228755e-02	1.657605e-02	1.657605e-02
6.160000e-01	6.180000e-01	7.452625e-02	4.717048e-02	4.717048e-02
6.180000e-01	6.200000e-01	5.727730e-02	4.290782e-02	4.290782e-02
6.200000e-01	6.220000e-01	1.202543e-01	7.390095e-02	7.390095e-02
6.220000e-01	6.240000e-01	1.167728e-01	9.271436e-02	9.271436e-02
6.240000e-01	6.260000e-01	3.288226e-02	1.905157e-02	1.905157e-02
6.260000e-01	6.280000e-01	1.342581e-01	6.233619e-02	6.233619e-02
6.280000e-01	6.300000e-01	1.101966e-01	6.208522e-02	6.208522e-02
6.300000e-01	6.320000e-01	2.082803e-01	9.298720e-02	9.298720e-02
6.320000e-01	6.340000e-01	1.384521e-01	7.643981e-02	7.643981e-02
6.340000e-01	6.360000e-01	3.062825e-02	1.462002e-02	1.462002e-02
6.360000e-01	6.380000e-01	6.859210e-02	2.683777e-02	2.683777e-02
6.380000e-01	6.400000e-01	1.544932e-01	5.153615e-02	5.153615e-02
6.400000e-01	6.420000e-01	8.310990e-03	5.425120e-03	5.425120e-03
6.420000e-01	6.440000e-01	8.184600e-03	4.007915e-03	4.007915e-03
6.440000e-01	6.460000e-01	5.984075e-02	4.628509e-02	4.628509e-02
6.460000e-01	6.480000e-01	1.891506e-01	1.089577e-01	1.089577e-01
6.480000e-01	6.500000e-01	8.321470e-02	4.629122e-02	4.629122e-02
6.500000e-01	6.520000e-01	3.405865e-02	2.067834e-02	2.067834e-02
6.520000e-01	6.540000e-01	1.526223e-01	6.596541e-02	6.596541e-02
6.540000e-01	6.560000e-01	1.640082e-01	7.683128e-02	7.683128e-02
6.560000e-01	6.580000e-01	2.149814e-02	1.207061e-02	1.207061e-02
6.580000e-01	6.600000e-01	1.476873e-02	8.084312e-03	8.084312e-03
6.600000e-01	6.620000e-01	1.117080e-01	7.691326e-02	7.691326e-02
6.620000e-01	6.640000e-01	4.692813e-02	2.577779e-02	2.577779e-02
6.640000e-01	6.660000e-01	2.138383e-02	1.558647e-02	1.558647e-02
6.660000e-01	6.680000e-01	2.317081e-02	1.534905e-02	1.534905e-02
6.680000e-01	6.700000e-01	3.239058e-03	2.574120e-03	2.574120e-03
6.700000e-01	6.720000e-01	6.440970e-02	3.980437e-02	3.980437e-02
6.720000e-01	6.740000e-01	5.457725e-02	4.032837e-02	4.032837e-02
6.740000e-01	6.760000e-01	8.332890e-02	6.751694e-02	6.751694e-02
6.760000e-01	6.780000e-01	1.202178e-01	6.779336e-02	6.779336e-02
6.780000e-01	6.800000e-01	1.074229e-01	7.867952e-02	7.867952e-02
6.800000e-01	6.820000e-01	4.840504e-02	3.843190e-02	3.843190e-02
6.820000e-01	6.840000e-01	8.749450e-02	8.155392e-02	8.155392e-02
6.840000e-01	6.860000e-01	1.960794e-02	1.219690e-02	1.219690e-02
6.860000e-01	6.880000e-01	6.485010e-02	3.703652e-02	3.703652e-02
6.880000e-01	6.900000e-01	4.215211e-02	2.087500e-02	2.087500e-02
6.900000e-01	6.920000e-01	4.291074e-02	2.651657e-02	2.651657e-02
6.920000e-01	6.940000e-01	1.698698e-02	8.981940e-03	8.981940e-03
6.940000e-01	6.960000e-01	9.397035e-02	4.642434e-02	4.642434e-02
6.960000e-01	6.980000e-01	5.702705e-02	3.599655e-02	3.599655e-02
6.980000e-01	7.000000e-01	8.559220e-02	3.957273e-02	3.957273e-02
7.000000e-01	7.020000e-01	4.267600e-02	3.152624e-02	3.152624e-02
7.020000e-01	7.040000e-01	1.425630e-03	1.205406e-03	1.205406e-03
7.040000e-01	7.060000e-01	8.687180e-02	4.661568e-02	4.661568e-02
7.060000e-01	7.080000e-01	2.631810e-02	1.696938e-02	1.696938e-02
7.080000e-01	7.100000e-01	9.048410e-02	4.276582e-02	4.276582e-02
7.100000e-01	7.120000e-01	1.972309e-02	1.011050e-02	1.011050e-02
7.120000e-01	7.140000e-01	2.856846e-02	1.410074e-02	1.410074e-02
7.140000e-01	7.160000e-01	3.401663e-02	2.895744e-02	2.895744e-02
7.160000e-01	7.180000e-01	2.216527e-02	1.207185e-02	1.207185e-02
7.180000e-01	7.200000e-01	5.792675e-02	4.677446e-02	4.677446e-02
7.200000e-01	7.220000e-01	1.021791e-02	5.732789e-03	5.732789e-03
7.220000e-01	7.240000e-01	3.716392e-02	2.380292e-02	2.380292e-02
7.240000e-01	7.260000e-01	2.320932e-02	1.209879e-02	1.209879e-02
7.260000e-01	7.280000e-01	2.675092e-02	2.238595e-02	2.238595e-02
7.280000e-01	7.300000e-01	9.805405e-02	6.831942e-02	6.831942e-02
7.300000e-01	7.320000e-01	4.298436e-03	2.248469e-03	2.248469e-03
7.320000e-01	7.340000e-01	4.133729e-03	3.494463e-03	3.494463e-03
7.340000e-01	7.360000e-01	1.721570e-02	1.559419e-02	1.559419e-02
7.360000e-01	7.380000e-01	7.748205e-02	4.628704e-02	4.628704e-02
7.380000e-01	7.400000e-01	9.826600e-02	6.669200e-02	6.669200e-02
7.400000e-01	7.420000e-01	4.718527e-02	2.955764e-02	2.955764e-02
7.420000e-01	7.440000e-01	1.179517e-02	1.128077e-02	1.128077e-02
7.440000e-01	7.460000e-01	4.267525e-02	2.811057e-02	2.811057e-02
7.460000e-01	7.480000e-01	2.622751e-03	2.225372e-03	2.225372e-03
7.480000e-01	7.500000e-01	4.798365e-02	4.042175e-02	4.042175e-02
7.500000e-01	7.520000e-01	2.911233e-04	2.782094e-04	2.782094e-04
7.520000e-01	7.540000e-01	1.261248e-02	8.508405e-03	8.508405e-03
7.540000e-01	7.560000e-01	4.322894e-03	2.658809e-03	2.658809e-03
7.560000e-01	7.580000e-01	1.632972e-02	8.903050e-03	8.903050e-03
7.580000e-01	7.600000e-01	4.249923e-02	2.043984e-02	2.043984e-02
7.600000e-01	7.620000e-01	1.903959e-03	1.062426e-03	1.062426e-03
7.620000e-01	7.640000e-01	1.856547e-02	1.651791e-02	1.651791e-02
7.640000e-01	7.660000e-01	5.510475e-02	5.031193e-02	5.031193e-02
7.660000e-01	7.680000e-01	2.542567e-02	1.877605e-02	1.877605e-02
7.680000e-01	7.700000e-01	8.076385e-02	7.160925e-02	7.160925e-02
7.700000e-01	7.720000e-01	3.759526e-02	3.725204e-02	3.725204e-02
7.720000e-01	7.740000e-01	9.698925e-04	6.693919e-04	6.693919e-04
7.740000e-01	7.760000e-01	5.642250e-02	4.917208e-02	4.917208e-02
7.760000e-01	7.780000e-01	3.690098e-04	2.926905e-04	2.926905e-04
7.780000e-01	7.800000e-01	2.536711e-02	1.488730e-02	1.488730e-02
7.800000e-01	7.820000e-01	5.184170e-02	3.759396e-02	3.759396e-02
7.820000e-01	7.840000e-01	7.949090e-02	5.520471e-02	5.520471e-02
7.840000e-01	7.860000e-01	6.466725e-02	4.253285e-02	4.253285e-02
7.860000e-01	7.880000e-01	2.959564e-02	2.136876e-02	2.136876e-02
7.880000e-01	7.900000e-01	6.692710e-02	3.468464e-02	3.468464e-02
7.900000e-01	7.920000e-01	4.357913e-04	2.370162e-04	2.370162e-04
7.920000e-01	7.940000e-01	5.939005e-03	4.064262e-03	4.064262e-03
7.940000e-01	7.960000e-01	6.686695e-03	3.280729e-03	3.280729e-03
7.960000e-01	7.980000e-01	9.955310e-03	6.550614e-03	6.550614e-03
7.980000e-01	8.000000e-01	7.026190e-03	5.310087e-03	5.310087e-03
8.000000e-01	8.020000e-01	5.697080e-02	5.523812e-02	5.523812e-02
8.020000e-01	8.040000e-01	2.639169e-03	2.324060e-03	2.324060e-03
8.040000e-01	8.060000e-01	7.279985e-02	4.445766e-02	4.445766e-02
8.060000e-01	8.080000e-01	5.681180e-02	4.594243e-02	4.594243e-02
8.080000e-01	8.100000e-01	4.030755e-03	2.424417e-03	2.424417e-03
8.100000e-01	8.120000e-01	3.241688e-02	2.392738e-02	2.392738e-02
8.120000e-01	8.140000e-01	8.241105e-03	4.716852e-03	4.716852e-03
8.140000e-01	8.160000e-01	1.873540e-03	1.162415e-03	1.162415e-03
8.160000e-01	8.180000e-01	2.366516e-02	1.859375e-02	1.859375e-02
8.180000e-01	8.200000e-01	7.344495e-03	5.033326e-03	5.033326e-03
8.200000e-01	8.220000e-01	0.000000e+00	0.000000e+00	0.000000e+00
8.220000e-01	8.240000e-01	0.000000e+00	0.000000e+00	0.000000e+00
8.240000e-01	8.260000e-01	0.000000e+00	0.000000e+00	0.000000e+00
8.260000e-01	8.280000e-01	0.000000e+00	0.000000e+00	0.000000e+00
8.280000e-01	8.300000e-01	0.000000e+00	0.000000e+00	0.000000e+00
8.300000e-01	8.320000e-01	0.000000e+00	0.000000e+00	0.000000e+00
8.320000e-01	8.340000e-01	0.000000e+00	0.000000e+00	0.000000e+00
8.340000e-01	8.360000e-01	0.000000e+00	0.000000e+00	0.000000e+00
8.360000e-01	8.380000e-01	0.000000e+00	0.000000e+00	0.000000e+00
8.380000e-01	8.400000e-01	0.000000e+00	0.000000e+00	0.000000e+00
8.400000e-01	8.420000e-01	0.000000e+00	0.000000e+00	0.000000e+00
8.420000e-01	8.440000e-01	0.000000e+00	0.000000e+00	0.000000e+00
8.440000e-01	8.460000e-01	0.000000e+00	0.000000e+00	0.000000e+00
8.460000e-01	8.480000e-01	0.000000e+00	0.000000e+00	0.000000e+00
8.480000e-01	8.500000e-01	0.000000e+00	0.000000e+00	0.000000e+00
8.500000e-01	8.520000e-01	0.000000e+00	0.000000e+00	0.000000e+00
8.520000e-01	8.540000e-01	0.000000e+00	0.000000e+00	0.000000e+00
8.540000e-01	8.560000e-01	0.000000e+00	0.000000e+00	0.000000e+00
8.560000e-01	8.580000e-01	0.000000e+00	0.000000e+00	0.000000e+00
8.580000e-01	8.600000e-01	0.000000e+00	0.000000e+00	0.000000e+00
8.600000e-01	8.620000e-01	0.000000e+00	0.000000e+00	0.000000e+00
8.620000e-01	8.640000e-01	0.000000e+00	0.000000e+00	0.000000e+00
8.640000e-01	8.660000e-01	0.000000e+00	0.000000e+00	0.000000e+00
8.660000e-01	8.680000e-01	0.000000e+00	0.000000e+00	0.000000e+00
8.680000e-01	8.700000e-01	0.000000e+00	0.000000e+00	0.000000e+00
8.700000e-01	8.720000e-01	0.000000e+00	0.000000e+00	0.000000e+00
8.720000e-01	8.740000e-01	0.000000e+00	0.000000e+00	0.000000e+00
8.740000e-01	8.760000e-01	0.000000e+00	0.000000e+00	0.000000e+00
8.760000e-01	8.780000e-01	0.000000e+00	0.000000e+00	0.000000e+00
8.780000e-01	8.800000e-01	0.000000e+00	0.000000e+00	0.000000e+00
8.800000e-01	8.820000e-01	0.000000e+00	0.000000e+00	0.000000e+00
8.820000e-01	8.840000e-01	0.000000e+00	0.000000e+00	0.000000e+00
8.840000e-01	8.860000e-01	0.000000e+00	0.000000e+00	0.000000e+00
8.860000e-01	8.880000e-01	0.000000e+00	0.000000e+00	0.000000e+00
8.880000e-01	8.900000e-01	0.000000e+00	0.000000e+00	0.000000e+00
8.900000e-01	8.920000e-01	0.000000e+00	0.000000e+00	0.000000e+00
8.920000e-01	8.940000e-01	0.000000e+00	0.000000e+00	0.000000e+00
8.940000e-01	8.960000e-01	0.000000e+00	0.000000e+00	0.000000e+00
8.960000e-01	8.980000e-01	0.000000e+00	0.000000e+00	0.000000e+00
8.980000e-01	9.000000e-01	0.000000e+00	0.000000e+00	0.000000e+00
9.000000e-01	9.020000e-01	0.000000e+00	0.000000e+00	0.000000e+00
9.020000e-01	9.040000e-01	0.000000e+00	0.000000e+00	0.000000e+00
9.040000e-01	9.060000e-01	0.000000e+00	0.000000e+00	0.000000e+00
9.060000e-01	9.080000e-01	0.000000e+00	0.000000e+00	0.000000e+00
9.080000e-01	9.100000e-01	0.000000e+00	0.000000e+00	0.000000e+00
9.100000e-01	9.120000e-01	0.000000e+00	0.000000e+00	0.000000e+00
9.120000e-01	9.140000e-01	0.000000e+00	0.000000e+00	0.000000e+00
9.140000e-01	9.160000e-01	0.000000e+00	0.000000e+00	0.000000e+00
9.160000e-01	9.180000e-01	0.000000e+00	0.000000e+00	0.000000e+00
9.180000e-01	9.200000e-01	0.000000e+00	0.000000e+00	0.000000e+00
9.200000e-01	9.220000e-01	0.000000e+00	0.000000e+00	0.000000e+00
9.220000e-01	9.240000e-01	0.000000e+00	0.000000e+00	0.000000e+00
9.240000e-01	9.260000e-01	0.000000e+00	0.000000e+00	0.000000e+00
9.260000e-01	9.280000e-01	0.000000e+00	0.000000e+00	0.000000e+00
9.280000e-01	9.300000e-01	0.000000e+00	0.000000e+00	0.000000e+00
9.300000e-01	9.320000e-01	0.000000e+00	0.000000e+00	0.000000e+00
9.320000e-01	9.340000e-01	0.000000e+00	0.000000e+00	0.000000e+00
9.340000e-01	9.360000e-01	0.000000e+00	0.000000e+00	0.000000e+00
9.360000e-01	9.380000e-01	0.000000e+00	0.000000e+00	0.000000e+00
9.380000e-01	9.400000e-01	0.000000e+00	0.000000e+00	0.000000e+00
9.400000e-01	9.420000e-01	0.000000e+00	0.000000e+00	0.000000e+00
9.420000e-01	9.440000e-01	0.000000e+00	0.000000e+00	0.000000e+00
9.440000e-01	9.460000e-01	0.000000e+00	0.000000e+00	0.000000e+00
9.460000e-01	9.480000e-01	0.000000e+00	0.000000e+00	0.000000e+00
9.480000e-01	9.500000e-01	0.000000e+00	0.000000e+00	0.000000e+00
9.500000e-01	9.520000e-01	0.000000e+00	0.000000e+00	0.000000e+00
9.520000e-01	9.540000e-01	0.000000e+00	0.000000e+00	0.000000e+00
9.540000e-01	9.560000e-01	0.000000e+00	0.000000e+00	0.000000e+00
9.560000e-01	9.580000e-01	0.000000e+00	0.000000e+00	0.000000e+00
9.580000e-01	9.600000e-01	0.000000e+00	0.000000e+00	0.000000e+00
9.600000e-01	9.620000e-01	0.000000e+00	0.000000e+00	0.000000e+00
9.620000e-01	9.640000e-01	0.000000e+00	0.000000e+00	0.000000e+00
9.640000e-01	9.660000e-01	0.000000e+00	0.000000e+00	0.000000e+00
9.660000e-01	9.680000e-01	0.000000e+00	0.000000e+00	0.000000e+00
9.680000e-01	9.700000e-01	0.000000e+00	0.000000e+00	0.000000e+00
9.700000e-01	9.720000e-01	0.000000e+00	0.000000e+00	0.000000e+00
9.720000e-01	9.740000e-01	0.000000e+00	0.000000e+00	0.000000e+00
9.740000e-01	9.760000e-01	0.000000e+00	0.000000e+00	0.000000e+00
9.760000e-01	9.780000e-01	0.000000e+00	0.000000e+00	0.000000e+00
9.780000e-01	9.800000e-01	0.000000e+00	0.000000e+00	0.000000e+00
9.800000e-01	9.820000e-01	0.000000e+00	0.000000e+00	0.000000e+00
9.820000e-01	9.840000e-01	0.000000e+00	0.000000e+00	0.000000e+00
9.840000e-01	9.860000e-01	0.000000e+00	0.000000e+00	0.000000e+00
9.860000e-01	9.880000e-01	0.000000e+00	0.000000e+00	0.000000e+00
9.880000e-01	9.900000e-01	0.000000e+00	0.000000e+00	0.000000e+00
9.900000e-01	9.920000e-01	0.000000e+00	0.000000e+00	0.000000e+00
9.920000e-01	9.940000e-01	0.000000e+00	0.000000e+00	0.000000e+00
9.940000e-01	9.960000e-01	0.000000e+00	0.000000e+00	0.000000e+00
9.960000e-01	9.980000e-01	0.000000e+00	0.000000e+00	0.000000e+00
9.980000e-01	1.000000e+00	0.000000e+00	0.000000e+00	0.000000e+00
# END HISTO1D

# BEGIN HISTO1D //afs/cern.ch/user/d/dkar/lh2015-qg/Vincia-2001/lhc/hadron/dijet_nobias.yoda/MC_LHQG_dijet/mMDT_GA_20_00_Q50_R2
LineColor=blue
LineStyle=solid
Path=//afs/cern.ch/user/d/dkar/lh2015-qg/Vincia-2001/lhc/hadron/dijet_nobias.yoda/MC_LHQG_dijet/mMDT_GA_20_00_Q50_R2
ScaledBy=5.5248618784530387e-05
Title=dijet_nobias
XLabel=
YLabel=
# xlow	 xhigh	 val	 errminus	 errplus
0.000000e+00	2.000000e-03	0.000000e+00	0.000000e+00	0.000000e+00
2.000000e-03	4.000000e-03	0.000000e+00	0.000000e+00	0.000000e+00
4.000000e-03	6.000000e-03	0.000000e+00	0.000000e+00	0.000000e+00
6.000000e-03	8.000000e-03	0.000000e+00	0.000000e+00	0.000000e+00
8.000000e-03	1.000000e-02	0.000000e+00	0.000000e+00	0.000000e+00
1.000000e-02	1.200000e-02	0.000000e+00	0.000000e+00	0.000000e+00
1.200000e-02	1.400000e-02	0.000000e+00	0.000000e+00	0.000000e+00
1.400000e-02	1.600000e-02	0.000000e+00	0.000000e+00	0.000000e+00
1.600000e-02	1.800000e-02	0.000000e+00	0.000000e+00	0.000000e+00
1.800000e-02	2.000000e-02	0.000000e+00	0.000000e+00	0.000000e+00
2.000000e-02	2.200000e-02	0.000000e+00	0.000000e+00	0.000000e+00
2.200000e-02	2.400000e-02	0.000000e+00	0.000000e+00	0.000000e+00
2.400000e-02	2.600000e-02	0.000000e+00	0.000000e+00	0.000000e+00
2.600000e-02	2.800000e-02	0.000000e+00	0.000000e+00	0.000000e+00
2.800000e-02	3.000000e-02	0.000000e+00	0.000000e+00	0.000000e+00
3.000000e-02	3.200000e-02	0.000000e+00	0.000000e+00	0.000000e+00
3.200000e-02	3.400000e-02	0.000000e+00	0.000000e+00	0.000000e+00
3.400000e-02	3.600000e-02	0.000000e+00	0.000000e+00	0.000000e+00
3.600000e-02	3.800000e-02	0.000000e+00	0.000000e+00	0.000000e+00
3.800000e-02	4.000000e-02	0.000000e+00	0.000000e+00	0.000000e+00
4.000000e-02	4.200000e-02	0.000000e+00	0.000000e+00	0.000000e+00
4.200000e-02	4.400000e-02	0.000000e+00	0.000000e+00	0.000000e+00
4.400000e-02	4.600000e-02	2.762431e-02	2.762431e-02	2.762431e-02
4.600000e-02	4.800000e-02	5.524860e-02	3.906667e-02	3.906667e-02
4.800000e-02	5.000000e-02	1.381215e-01	6.176983e-02	6.176983e-02
5.000000e-02	5.200000e-02	1.933702e-01	7.308705e-02	7.308705e-02
5.200000e-02	5.400000e-02	2.762431e-02	2.762431e-02	2.762431e-02
5.400000e-02	5.600000e-02	1.657458e-01	6.766546e-02	6.766546e-02
5.600000e-02	5.800000e-02	1.933701e-01	7.308705e-02	7.308705e-02
5.800000e-02	6.000000e-02	3.591160e-01	9.960087e-02	9.960087e-02
6.000000e-02	6.200000e-02	3.314917e-01	9.569342e-02	9.569342e-02
6.200000e-02	6.400000e-02	5.248620e-01	1.204116e-01	1.204116e-01
6.400000e-02	6.600000e-02	5.801105e-01	1.265905e-01	1.265905e-01
6.600000e-02	6.800000e-02	8.563535e-01	1.538056e-01	1.538056e-01
6.800000e-02	7.000000e-02	1.022099e+00	1.680321e-01	1.680321e-01
7.000000e-02	7.200000e-02	1.381216e+00	1.953334e-01	1.953334e-01
7.200000e-02	7.400000e-02	1.243094e+00	1.853095e-01	1.853095e-01
7.400000e-02	7.600000e-02	1.602210e+00	2.103805e-01	2.103805e-01
7.600000e-02	7.800000e-02	1.546961e+00	2.067214e-01	2.067214e-01
7.800000e-02	8.000000e-02	2.403315e+00	2.576624e-01	2.576624e-01
8.000000e-02	8.200000e-02	2.348066e+00	2.546835e-01	2.546835e-01
8.200000e-02	8.400000e-02	2.734806e+00	2.748584e-01	2.748584e-01
8.400000e-02	8.600000e-02	2.486188e+00	2.620672e-01	2.620672e-01
8.600000e-02	8.800000e-02	3.066298e+00	2.910402e-01	2.910402e-01
8.800000e-02	9.000000e-02	3.397790e+00	3.063684e-01	3.063684e-01
9.000000e-02	9.200000e-02	3.508287e+00	3.113102e-01	3.113102e-01
9.200000e-02	9.400000e-02	4.198895e+00	3.405754e-01	3.405754e-01
9.400000e-02	9.600000e-02	3.646409e+00	3.173792e-01	3.173792e-01
9.600000e-02	9.800000e-02	4.530386e+00	3.537638e-01	3.537638e-01
9.800000e-02	1.000000e-01	4.392265e+00	3.483293e-01	3.483293e-01
1.000000e-01	1.020000e-01	4.751381e+00	3.622894e-01	3.622894e-01
1.020000e-01	1.040000e-01	5.469615e+00	3.887085e-01	3.887085e-01
1.040000e-01	1.060000e-01	4.613259e+00	3.569847e-01	3.569847e-01
1.060000e-01	1.080000e-01	6.353590e+00	4.189434e-01	4.189434e-01
1.080000e-01	1.100000e-01	4.806630e+00	3.643897e-01	3.643897e-01
1.100000e-01	1.120000e-01	5.359115e+00	3.847621e-01	3.847621e-01
1.120000e-01	1.140000e-01	4.917127e+00	3.685543e-01	3.685543e-01
1.140000e-01	1.160000e-01	5.386740e+00	3.857525e-01	3.857525e-01
1.160000e-01	1.180000e-01	5.939225e+00	4.050519e-01	4.050519e-01
1.180000e-01	1.200000e-01	5.524860e+00	3.906667e-01	3.906667e-01
1.200000e-01	1.220000e-01	6.325965e+00	4.180317e-01	4.180317e-01
1.220000e-01	1.240000e-01	6.574585e+00	4.261671e-01	4.261671e-01
1.240000e-01	1.260000e-01	5.690610e+00	3.964834e-01	3.964834e-01
1.260000e-01	1.280000e-01	5.994475e+00	4.069315e-01	4.069315e-01
1.280000e-01	1.300000e-01	6.491715e+00	4.234726e-01	4.234726e-01
1.300000e-01	1.320000e-01	6.657460e+00	4.288446e-01	4.288446e-01
1.320000e-01	1.340000e-01	6.077350e+00	4.097347e-01	4.097347e-01
1.340000e-01	1.360000e-01	5.635360e+00	3.945541e-01	3.945541e-01
1.360000e-01	1.380000e-01	6.325965e+00	4.180317e-01	4.180317e-01
1.380000e-01	1.400000e-01	5.745855e+00	3.984035e-01	3.984035e-01
1.400000e-01	1.420000e-01	5.552485e+00	3.916422e-01	3.916422e-01
1.420000e-01	1.440000e-01	6.740330e+00	4.315055e-01	4.315055e-01
1.440000e-01	1.460000e-01	6.353590e+00	4.189434e-01	4.189434e-01
1.460000e-01	1.480000e-01	6.436465e+00	4.216668e-01	4.216668e-01
1.480000e-01	1.500000e-01	6.022100e+00	4.078681e-01	4.078681e-01
1.500000e-01	1.520000e-01	5.441990e+00	3.877256e-01	3.877256e-01
1.520000e-01	1.540000e-01	5.138120e+00	3.767453e-01	3.767453e-01
1.540000e-01	1.560000e-01	5.690610e+00	3.964834e-01	3.964834e-01
1.560000e-01	1.580000e-01	5.165745e+00	3.777567e-01	3.777567e-01
1.580000e-01	1.600000e-01	5.055250e+00	3.736947e-01	3.736947e-01
1.600000e-01	1.620000e-01	5.883980e+00	4.031635e-01	4.031635e-01
1.620000e-01	1.640000e-01	5.193370e+00	3.787655e-01	3.787655e-01
1.640000e-01	1.660000e-01	5.828730e+00	4.012663e-01	4.012663e-01
1.660000e-01	1.680000e-01	4.668508e+00	3.591160e-01	3.591160e-01
1.680000e-01	1.700000e-01	4.972375e+00	3.706190e-01	3.706190e-01
1.700000e-01	1.720000e-01	4.337017e+00	3.461316e-01	3.461316e-01
1.720000e-01	1.740000e-01	5.441990e+00	3.877256e-01	3.877256e-01
1.740000e-01	1.760000e-01	5.193370e+00	3.787655e-01	3.787655e-01
1.760000e-01	1.780000e-01	4.198895e+00	3.405754e-01	3.405754e-01
1.780000e-01	1.800000e-01	4.419889e+00	3.494230e-01	3.494230e-01
1.800000e-01	1.820000e-01	4.088398e+00	3.360642e-01	3.360642e-01
1.820000e-01	1.840000e-01	4.226519e+00	3.416938e-01	3.416938e-01
1.840000e-01	1.860000e-01	4.143646e+00	3.383273e-01	3.383273e-01
1.860000e-01	1.880000e-01	4.060773e+00	3.349270e-01	3.349270e-01
1.880000e-01	1.900000e-01	3.535911e+00	3.125334e-01	3.125334e-01
1.900000e-01	1.920000e-01	4.447514e+00	3.505132e-01	3.505132e-01
1.920000e-01	1.940000e-01	4.281768e+00	3.439199e-01	3.439199e-01
1.940000e-01	1.960000e-01	4.171270e+00	3.394532e-01	3.394532e-01
1.960000e-01	1.980000e-01	4.088398e+00	3.360642e-01	3.360642e-01
1.980000e-01	2.000000e-01	3.453038e+00	3.088492e-01	3.088492e-01
2.000000e-01	2.020000e-01	3.535911e+00	3.125334e-01	3.125334e-01
2.020000e-01	2.040000e-01	3.453039e+00	3.088492e-01	3.088492e-01
2.040000e-01	2.060000e-01	3.591160e+00	3.149656e-01	3.149656e-01
2.060000e-01	2.080000e-01	3.093922e+00	2.923482e-01	2.923482e-01
2.080000e-01	2.100000e-01	3.066298e+00	2.910402e-01	2.910402e-01
2.100000e-01	2.120000e-01	3.204420e+00	2.975229e-01	2.975229e-01
2.120000e-01	2.140000e-01	3.563536e+00	3.137519e-01	3.137519e-01
2.140000e-01	2.160000e-01	2.817679e+00	2.789918e-01	2.789918e-01
2.160000e-01	2.180000e-01	3.259668e+00	3.000768e-01	3.000768e-01
2.180000e-01	2.200000e-01	3.176795e+00	2.962377e-01	2.962377e-01
2.200000e-01	2.220000e-01	2.790055e+00	2.776209e-01	2.776209e-01
2.220000e-01	2.240000e-01	3.176795e+00	2.962377e-01	2.962377e-01
2.240000e-01	2.260000e-01	2.928177e+00	2.844097e-01	2.844097e-01
2.260000e-01	2.280000e-01	2.983425e+00	2.870803e-01	2.870803e-01
2.280000e-01	2.300000e-01	2.762431e+00	2.762431e-01	2.762431e-01
2.300000e-01	2.320000e-01	2.955801e+00	2.857481e-01	2.857481e-01
2.320000e-01	2.340000e-01	2.541436e+00	2.649631e-01	2.649631e-01
2.340000e-01	2.360000e-01	2.651934e+00	2.706618e-01	2.706618e-01
2.360000e-01	2.380000e-01	2.403315e+00	2.576624e-01	2.576624e-01
2.380000e-01	2.400000e-01	2.679558e+00	2.720679e-01	2.720679e-01
2.400000e-01	2.420000e-01	2.458563e+00	2.606072e-01	2.606072e-01
2.420000e-01	2.440000e-01	2.762431e+00	2.762431e-01	2.762431e-01
2.440000e-01	2.460000e-01	2.292817e+00	2.516694e-01	2.516694e-01
2.460000e-01	2.480000e-01	2.099447e+00	2.408232e-01	2.408232e-01
2.480000e-01	2.500000e-01	1.961326e+00	2.327666e-01	2.327666e-01
2.500000e-01	2.520000e-01	2.099447e+00	2.408232e-01	2.408232e-01
2.520000e-01	2.540000e-01	2.044199e+00	2.376333e-01	2.376333e-01
2.540000e-01	2.560000e-01	2.071823e+00	2.392335e-01	2.392335e-01
2.560000e-01	2.580000e-01	1.767956e+00	2.209945e-01	2.209945e-01
2.580000e-01	2.600000e-01	2.044199e+00	2.376333e-01	2.376333e-01
2.600000e-01	2.620000e-01	2.154696e+00	2.439713e-01	2.439713e-01
2.620000e-01	2.640000e-01	1.988950e+00	2.344000e-01	2.344000e-01
2.640000e-01	2.660000e-01	2.127072e+00	2.424024e-01	2.424024e-01
2.660000e-01	2.680000e-01	1.906077e+00	2.294648e-01	2.294648e-01
2.680000e-01	2.700000e-01	1.740331e+00	2.192611e-01	2.192611e-01
2.700000e-01	2.720000e-01	2.071823e+00	2.392335e-01	2.392335e-01
2.720000e-01	2.740000e-01	1.629834e+00	2.121864e-01	2.121864e-01
2.740000e-01	2.760000e-01	1.546961e+00	2.067214e-01	2.067214e-01
2.760000e-01	2.780000e-01	1.657458e+00	2.139770e-01	2.139770e-01
2.780000e-01	2.800000e-01	1.906077e+00	2.294648e-01	2.294648e-01
2.800000e-01	2.820000e-01	1.160221e+00	1.790260e-01	1.790260e-01
2.820000e-01	2.840000e-01	1.519337e+00	2.048673e-01	2.048673e-01
2.840000e-01	2.860000e-01	1.602210e+00	2.103805e-01	2.103805e-01
2.860000e-01	2.880000e-01	1.187845e+00	1.811447e-01	1.811447e-01
2.880000e-01	2.900000e-01	1.381215e+00	1.953334e-01	1.953334e-01
2.900000e-01	2.920000e-01	1.629834e+00	2.121864e-01	2.121864e-01
2.920000e-01	2.940000e-01	1.408840e+00	1.972770e-01	1.972770e-01
2.940000e-01	2.960000e-01	1.381215e+00	1.953334e-01	1.953334e-01
2.960000e-01	2.980000e-01	1.491712e+00	2.029964e-01	2.029964e-01
2.980000e-01	3.000000e-01	1.491712e+00	2.029964e-01	2.029964e-01
3.000000e-01	3.020000e-01	1.049724e+00	1.702877e-01	1.702877e-01
3.020000e-01	3.040000e-01	1.215469e+00	1.832389e-01	1.832389e-01
3.040000e-01	3.060000e-01	1.629834e+00	2.121864e-01	2.121864e-01
3.060000e-01	3.080000e-01	1.077348e+00	1.725138e-01	1.725138e-01
3.080000e-01	3.100000e-01	1.602210e+00	2.103805e-01	2.103805e-01
3.100000e-01	3.120000e-01	1.022099e+00	1.680321e-01	1.680321e-01
3.120000e-01	3.140000e-01	1.298342e+00	1.893827e-01	1.893827e-01
3.140000e-01	3.160000e-01	9.668510e-01	1.634276e-01	1.634276e-01
3.160000e-01	3.180000e-01	6.353590e-01	1.324815e-01	1.324815e-01
3.180000e-01	3.200000e-01	1.022099e+00	1.680321e-01	1.680321e-01
3.200000e-01	3.220000e-01	8.563535e-01	1.538056e-01	1.538056e-01
3.220000e-01	3.240000e-01	1.160221e+00	1.790260e-01	1.790260e-01
3.240000e-01	3.260000e-01	8.287295e-01	1.513046e-01	1.513046e-01
3.260000e-01	3.280000e-01	1.077348e+00	1.725138e-01	1.725138e-01
3.280000e-01	3.300000e-01	1.436464e+00	1.992017e-01	1.992017e-01
3.300000e-01	3.320000e-01	9.944750e-01	1.657459e-01	1.657459e-01
3.320000e-01	3.340000e-01	8.011050e-01	1.487615e-01	1.487615e-01
3.340000e-01	3.360000e-01	8.011050e-01	1.487615e-01	1.487615e-01
3.360000e-01	3.380000e-01	9.392265e-01	1.610760e-01	1.610760e-01
3.380000e-01	3.400000e-01	1.187845e+00	1.811447e-01	1.811447e-01
3.400000e-01	3.420000e-01	9.116020e-01	1.586896e-01	1.586896e-01
3.420000e-01	3.440000e-01	6.906075e-01	1.381215e-01	1.381215e-01
3.440000e-01	3.460000e-01	8.011050e-01	1.487615e-01	1.487615e-01
3.460000e-01	3.480000e-01	9.392265e-01	1.610760e-01	1.610760e-01
3.480000e-01	3.500000e-01	9.116020e-01	1.586896e-01	1.586896e-01
3.500000e-01	3.520000e-01	5.248620e-01	1.204116e-01	1.204116e-01
3.520000e-01	3.540000e-01	5.801105e-01	1.265905e-01	1.265905e-01
3.540000e-01	3.560000e-01	8.011050e-01	1.487615e-01	1.487615e-01
3.560000e-01	3.580000e-01	1.187845e+00	1.811447e-01	1.811447e-01
3.580000e-01	3.600000e-01	6.077350e-01	1.295695e-01	1.295695e-01
3.600000e-01	3.620000e-01	7.182320e-01	1.408569e-01	1.408569e-01
3.620000e-01	3.640000e-01	6.629835e-01	1.353309e-01	1.353309e-01
3.640000e-01	3.660000e-01	8.011050e-01	1.487615e-01	1.487615e-01
3.660000e-01	3.680000e-01	7.734805e-01	1.461741e-01	1.461741e-01
3.680000e-01	3.700000e-01	7.734805e-01	1.461741e-01	1.461741e-01
3.700000e-01	3.720000e-01	6.906075e-01	1.381215e-01	1.381215e-01
3.720000e-01	3.740000e-01	6.629835e-01	1.353309e-01	1.353309e-01
3.740000e-01	3.760000e-01	7.458565e-01	1.435401e-01	1.435401e-01
3.760000e-01	3.780000e-01	5.524860e-01	1.235397e-01	1.235397e-01
3.780000e-01	3.800000e-01	6.077350e-01	1.295695e-01	1.295695e-01
3.800000e-01	3.820000e-01	5.248620e-01	1.204116e-01	1.204116e-01
3.820000e-01	3.840000e-01	5.524860e-01	1.235397e-01	1.235397e-01
3.840000e-01	3.860000e-01	3.314917e-01	9.569342e-02	9.569342e-02
3.860000e-01	3.880000e-01	4.696132e-01	1.138979e-01	1.138979e-01
3.880000e-01	3.900000e-01	7.182320e-01	1.408569e-01	1.408569e-01
3.900000e-01	3.920000e-01	7.458565e-01	1.435401e-01	1.435401e-01
3.920000e-01	3.940000e-01	4.696132e-01	1.138979e-01	1.138979e-01
3.940000e-01	3.960000e-01	6.629835e-01	1.353309e-01	1.353309e-01
3.960000e-01	3.980000e-01	6.077350e-01	1.295695e-01	1.295695e-01
3.980000e-01	4.000000e-01	3.038674e-01	9.161947e-02	9.161947e-02
4.000000e-01	4.020000e-01	4.972375e-01	1.172000e-01	1.172000e-01
4.020000e-01	4.040000e-01	5.801105e-01	1.265905e-01	1.265905e-01
4.040000e-01	4.060000e-01	5.248620e-01	1.204116e-01	1.204116e-01
4.060000e-01	4.080000e-01	4.419890e-01	1.104972e-01	1.104972e-01
4.080000e-01	4.100000e-01	6.077350e-01	1.295695e-01	1.295695e-01
4.100000e-01	4.120000e-01	6.353590e-01	1.324815e-01	1.324815e-01
4.120000e-01	4.140000e-01	5.248620e-01	1.204116e-01	1.204116e-01
4.140000e-01	4.160000e-01	6.353590e-01	1.324815e-01	1.324815e-01
4.160000e-01	4.180000e-01	3.038674e-01	9.161947e-02	9.161947e-02
4.180000e-01	4.200000e-01	1.657458e-01	6.766546e-02	6.766546e-02
4.200000e-01	4.220000e-01	5.248620e-01	1.204116e-01	1.204116e-01
4.220000e-01	4.240000e-01	4.696132e-01	1.138979e-01	1.138979e-01
4.240000e-01	4.260000e-01	4.972375e-01	1.172000e-01	1.172000e-01
4.260000e-01	4.280000e-01	4.419889e-01	1.104972e-01	1.104972e-01
4.280000e-01	4.300000e-01	3.591160e-01	9.960087e-02	9.960087e-02
4.300000e-01	4.320000e-01	4.143646e-01	1.069885e-01	1.069885e-01
4.320000e-01	4.340000e-01	2.762431e-01	8.735574e-02	8.735574e-02
4.340000e-01	4.360000e-01	3.314917e-01	9.569342e-02	9.569342e-02
4.360000e-01	4.380000e-01	3.591160e-01	9.960087e-02	9.960087e-02
4.380000e-01	4.400000e-01	4.419889e-01	1.104972e-01	1.104972e-01
4.400000e-01	4.420000e-01	4.972375e-01	1.172000e-01	1.172000e-01
4.420000e-01	4.440000e-01	3.314917e-01	9.569342e-02	9.569342e-02
4.440000e-01	4.460000e-01	2.762431e-01	8.735574e-02	8.735574e-02
4.460000e-01	4.480000e-01	2.209945e-01	7.813335e-02	7.813335e-02
4.480000e-01	4.500000e-01	1.657458e-01	6.766546e-02	6.766546e-02
4.500000e-01	4.520000e-01	3.591160e-01	9.960087e-02	9.960087e-02
4.520000e-01	4.540000e-01	2.209945e-01	7.813335e-02	7.813335e-02
4.540000e-01	4.560000e-01	3.591160e-01	9.960087e-02	9.960087e-02
4.560000e-01	4.580000e-01	3.314917e-01	9.569342e-02	9.569342e-02
4.580000e-01	4.600000e-01	2.209945e-01	7.813335e-02	7.813335e-02
4.600000e-01	4.620000e-01	2.209945e-01	7.813335e-02	7.813335e-02
4.620000e-01	4.640000e-01	2.486188e-01	8.287293e-02	8.287293e-02
4.640000e-01	4.660000e-01	1.104972e-01	5.524862e-02	5.524862e-02
4.660000e-01	4.680000e-01	1.933701e-01	7.308705e-02	7.308705e-02
4.680000e-01	4.700000e-01	2.486188e-01	8.287293e-02	8.287293e-02
4.700000e-01	4.720000e-01	2.486188e-01	8.287293e-02	8.287293e-02
4.720000e-01	4.740000e-01	1.657458e-01	6.766546e-02	6.766546e-02
4.740000e-01	4.760000e-01	3.591160e-01	9.960087e-02	9.960087e-02
4.760000e-01	4.780000e-01	3.038674e-01	9.161947e-02	9.161947e-02
4.780000e-01	4.800000e-01	3.314917e-01	9.569342e-02	9.569342e-02
4.800000e-01	4.820000e-01	1.381215e-01	6.176983e-02	6.176983e-02
4.820000e-01	4.840000e-01	2.209945e-01	7.813335e-02	7.813335e-02
4.840000e-01	4.860000e-01	2.486188e-01	8.287293e-02	8.287293e-02
4.860000e-01	4.880000e-01	2.762431e-01	8.735574e-02	8.735574e-02
4.880000e-01	4.900000e-01	1.381215e-01	6.176983e-02	6.176983e-02
4.900000e-01	4.920000e-01	5.524860e-02	3.906667e-02	3.906667e-02
4.920000e-01	4.940000e-01	1.933701e-01	7.308705e-02	7.308705e-02
4.940000e-01	4.960000e-01	2.209945e-01	7.813335e-02	7.813335e-02
4.960000e-01	4.980000e-01	1.381215e-01	6.176983e-02	6.176983e-02
4.980000e-01	5.000000e-01	1.104972e-01	5.524862e-02	5.524862e-02
5.000000e-01	5.020000e-01	6.353590e-01	1.324815e-01	1.324815e-01
5.020000e-01	5.040000e-01	4.696132e-01	1.138979e-01	1.138979e-01
5.040000e-01	5.060000e-01	3.591160e-01	9.960087e-02	9.960087e-02
5.060000e-01	5.080000e-01	2.209945e-01	7.813335e-02	7.813335e-02
5.080000e-01	5.100000e-01	1.657458e-01	6.766546e-02	6.766546e-02
5.100000e-01	5.120000e-01	2.209945e-01	7.813335e-02	7.813335e-02
5.120000e-01	5.140000e-01	1.933701e-01	7.308705e-02	7.308705e-02
5.140000e-01	5.160000e-01	3.314917e-01	9.569342e-02	9.569342e-02
5.160000e-01	5.180000e-01	3.867403e-01	1.033607e-01	1.033607e-01
5.180000e-01	5.200000e-01	1.933701e-01	7.308705e-02	7.308705e-02
5.200000e-01	5.220000e-01	1.104972e-01	5.524862e-02	5.524862e-02
5.220000e-01	5.240000e-01	2.762431e-01	8.735574e-02	8.735574e-02
5.240000e-01	5.260000e-01	2.486188e-01	8.287293e-02	8.287293e-02
5.260000e-01	5.280000e-01	2.486188e-01	8.287293e-02	8.287293e-02
5.280000e-01	5.300000e-01	3.591160e-01	9.960087e-02	9.960087e-02
5.300000e-01	5.320000e-01	1.381215e-01	6.176983e-02	6.176983e-02
5.320000e-01	5.340000e-01	1.933701e-01	7.308705e-02	7.308705e-02
5.340000e-01	5.360000e-01	2.762431e-01	8.735574e-02	8.735574e-02
5.360000e-01	5.380000e-01	1.381215e-01	6.176983e-02	6.176983e-02
5.380000e-01	5.400000e-01	8.287295e-02	4.784671e-02	4.784671e-02
5.400000e-01	5.420000e-01	8.287295e-02	4.784671e-02	4.784671e-02
5.420000e-01	5.440000e-01	1.381215e-01	6.176983e-02	6.176983e-02
5.440000e-01	5.460000e-01	1.381215e-01	6.176983e-02	6.176983e-02
5.460000e-01	5.480000e-01	1.381215e-01	6.176983e-02	6.176983e-02
5.480000e-01	5.500000e-01	5.524860e-02	3.906667e-02	3.906667e-02
5.500000e-01	5.520000e-01	1.104972e-01	5.524862e-02	5.524862e-02
5.520000e-01	5.540000e-01	1.381215e-01	6.176983e-02	6.176983e-02
5.540000e-01	5.560000e-01	1.657458e-01	6.766546e-02	6.766546e-02
5.560000e-01	5.580000e-01	1.381215e-01	6.176983e-02	6.176983e-02
5.580000e-01	5.600000e-01	1.933701e-01	7.308705e-02	7.308705e-02
5.600000e-01	5.620000e-01	1.104972e-01	5.524862e-02	5.524862e-02
5.620000e-01	5.640000e-01	1.104973e-01	5.524862e-02	5.524862e-02
5.640000e-01	5.660000e-01	2.209945e-01	7.813335e-02	7.813335e-02
5.660000e-01	5.680000e-01	1.657458e-01	6.766546e-02	6.766546e-02
5.680000e-01	5.700000e-01	1.657458e-01	6.766546e-02	6.766546e-02
5.700000e-01	5.720000e-01	1.104972e-01	5.524862e-02	5.524862e-02
5.720000e-01	5.740000e-01	1.104972e-01	5.524862e-02	5.524862e-02
5.740000e-01	5.760000e-01	1.657458e-01	6.766546e-02	6.766546e-02
5.760000e-01	5.780000e-01	1.933701e-01	7.308705e-02	7.308705e-02
5.780000e-01	5.800000e-01	8.287295e-02	4.784671e-02	4.784671e-02
5.800000e-01	5.820000e-01	3.038674e-01	9.161947e-02	9.161947e-02
5.820000e-01	5.840000e-01	1.104972e-01	5.524862e-02	5.524862e-02
5.840000e-01	5.860000e-01	2.762431e-02	2.762431e-02	2.762431e-02
5.860000e-01	5.880000e-01	5.524860e-02	3.906667e-02	3.906667e-02
5.880000e-01	5.900000e-01	2.762431e-02	2.762431e-02	2.762431e-02
5.900000e-01	5.920000e-01	8.287295e-02	4.784671e-02	4.784671e-02
5.920000e-01	5.940000e-01	1.104972e-01	5.524862e-02	5.524862e-02
5.940000e-01	5.960000e-01	1.104972e-01	5.524862e-02	5.524862e-02
5.960000e-01	5.980000e-01	1.104972e-01	5.524862e-02	5.524862e-02
5.980000e-01	6.000000e-01	8.287295e-02	4.784671e-02	4.784671e-02
6.000000e-01	6.020000e-01	1.104972e-01	5.524862e-02	5.524862e-02
6.020000e-01	6.040000e-01	8.287295e-02	4.784671e-02	4.784671e-02
6.040000e-01	6.060000e-01	8.287295e-02	4.784671e-02	4.784671e-02
6.060000e-01	6.080000e-01	1.104972e-01	5.524862e-02	5.524862e-02
6.080000e-01	6.100000e-01	0.000000e+00	0.000000e+00	0.000000e+00
6.100000e-01	6.120000e-01	1.933701e-01	7.308705e-02	7.308705e-02
6.120000e-01	6.140000e-01	2.762431e-02	2.762431e-02	2.762431e-02
6.140000e-01	6.160000e-01	1.104972e-01	5.524862e-02	5.524862e-02
6.160000e-01	6.180000e-01	1.104972e-01	5.524862e-02	5.524862e-02
6.180000e-01	6.200000e-01	2.762431e-02	2.762431e-02	2.762431e-02
6.200000e-01	6.220000e-01	8.287295e-02	4.784671e-02	4.784671e-02
6.220000e-01	6.240000e-01	1.104972e-01	5.524862e-02	5.524862e-02
6.240000e-01	6.260000e-01	1.933701e-01	7.308705e-02	7.308705e-02
6.260000e-01	6.280000e-01	8.287295e-02	4.784671e-02	4.784671e-02
6.280000e-01	6.300000e-01	8.287295e-02	4.784671e-02	4.784671e-02
6.300000e-01	6.320000e-01	5.524860e-02	3.906667e-02	3.906667e-02
6.320000e-01	6.340000e-01	1.104972e-01	5.524862e-02	5.524862e-02
6.340000e-01	6.360000e-01	8.287295e-02	4.784671e-02	4.784671e-02
6.360000e-01	6.380000e-01	8.287295e-02	4.784671e-02	4.784671e-02
6.380000e-01	6.400000e-01	8.287295e-02	4.784671e-02	4.784671e-02
6.400000e-01	6.420000e-01	2.762431e-02	2.762431e-02	2.762431e-02
6.420000e-01	6.440000e-01	5.524860e-02	3.906667e-02	3.906667e-02
6.440000e-01	6.460000e-01	5.524860e-02	3.906667e-02	3.906667e-02
6.460000e-01	6.480000e-01	8.287295e-02	4.784671e-02	4.784671e-02
6.480000e-01	6.500000e-01	8.287295e-02	4.784671e-02	4.784671e-02
6.500000e-01	6.520000e-01	8.287295e-02	4.784671e-02	4.784671e-02
6.520000e-01	6.540000e-01	1.657458e-01	6.766546e-02	6.766546e-02
6.540000e-01	6.560000e-01	1.104972e-01	5.524862e-02	5.524862e-02
6.560000e-01	6.580000e-01	8.287295e-02	4.784671e-02	4.784671e-02
6.580000e-01	6.600000e-01	1.104972e-01	5.524862e-02	5.524862e-02
6.600000e-01	6.620000e-01	1.104972e-01	5.524862e-02	5.524862e-02
6.620000e-01	6.640000e-01	5.524860e-02	3.906667e-02	3.906667e-02
6.640000e-01	6.660000e-01	1.933701e-01	7.308705e-02	7.308705e-02
6.660000e-01	6.680000e-01	5.524860e-02	3.906667e-02	3.906667e-02
6.680000e-01	6.700000e-01	8.287295e-02	4.784671e-02	4.784671e-02
6.700000e-01	6.720000e-01	0.000000e+00	0.000000e+00	0.000000e+00
6.720000e-01	6.740000e-01	0.000000e+00	0.000000e+00	0.000000e+00
6.740000e-01	6.760000e-01	8.287295e-02	4.784671e-02	4.784671e-02
6.760000e-01	6.780000e-01	2.762431e-02	2.762431e-02	2.762431e-02
6.780000e-01	6.800000e-01	2.762431e-02	2.762431e-02	2.762431e-02
6.800000e-01	6.820000e-01	1.104972e-01	5.524862e-02	5.524862e-02
6.820000e-01	6.840000e-01	2.762431e-02	2.762431e-02	2.762431e-02
6.840000e-01	6.860000e-01	2.762431e-02	2.762431e-02	2.762431e-02
6.860000e-01	6.880000e-01	5.524860e-02	3.906667e-02	3.906667e-02
6.880000e-01	6.900000e-01	2.762431e-02	2.762431e-02	2.762431e-02
6.900000e-01	6.920000e-01	0.000000e+00	0.000000e+00	0.000000e+00
6.920000e-01	6.940000e-01	5.524860e-02	3.906667e-02	3.906667e-02
6.940000e-01	6.960000e-01	5.524860e-02	3.906667e-02	3.906667e-02
6.960000e-01	6.980000e-01	0.000000e+00	0.000000e+00	0.000000e+00
6.980000e-01	7.000000e-01	8.287295e-02	4.784671e-02	4.784671e-02
7.000000e-01	7.020000e-01	8.287295e-02	4.784671e-02	4.784671e-02
7.020000e-01	7.040000e-01	0.000000e+00	0.000000e+00	0.000000e+00
7.040000e-01	7.060000e-01	5.524860e-02	3.906667e-02	3.906667e-02
7.060000e-01	7.080000e-01	8.287295e-02	4.784671e-02	4.784671e-02
7.080000e-01	7.100000e-01	5.524860e-02	3.906667e-02	3.906667e-02
7.100000e-01	7.120000e-01	8.287295e-02	4.784671e-02	4.784671e-02
7.120000e-01	7.140000e-01	5.524860e-02	3.906667e-02	3.906667e-02
7.140000e-01	7.160000e-01	0.000000e+00	0.000000e+00	0.000000e+00
7.160000e-01	7.180000e-01	8.287295e-02	4.784671e-02	4.784671e-02
7.180000e-01	7.200000e-01	5.524860e-02	3.906667e-02	3.906667e-02
7.200000e-01	7.220000e-01	0.000000e+00	0.000000e+00	0.000000e+00
7.220000e-01	7.240000e-01	0.000000e+00	0.000000e+00	0.000000e+00
7.240000e-01	7.260000e-01	5.524860e-02	3.906667e-02	3.906667e-02
7.260000e-01	7.280000e-01	8.287295e-02	4.784671e-02	4.784671e-02
7.280000e-01	7.300000e-01	2.762431e-02	2.762431e-02	2.762431e-02
7.300000e-01	7.320000e-01	2.762431e-02	2.762431e-02	2.762431e-02
7.320000e-01	7.340000e-01	0.000000e+00	0.000000e+00	0.000000e+00
7.340000e-01	7.360000e-01	5.524860e-02	3.906667e-02	3.906667e-02
7.360000e-01	7.380000e-01	2.762431e-02	2.762431e-02	2.762431e-02
7.380000e-01	7.400000e-01	1.104972e-01	5.524862e-02	5.524862e-02
7.400000e-01	7.420000e-01	0.000000e+00	0.000000e+00	0.000000e+00
7.420000e-01	7.440000e-01	0.000000e+00	0.000000e+00	0.000000e+00
7.440000e-01	7.460000e-01	0.000000e+00	0.000000e+00	0.000000e+00
7.460000e-01	7.480000e-01	5.524860e-02	3.906667e-02	3.906667e-02
7.480000e-01	7.500000e-01	0.000000e+00	0.000000e+00	0.000000e+00
7.500000e-01	7.520000e-01	5.524860e-02	3.906667e-02	3.906667e-02
7.520000e-01	7.540000e-01	2.762431e-02	2.762431e-02	2.762431e-02
7.540000e-01	7.560000e-01	8.287295e-02	4.784671e-02	4.784671e-02
7.560000e-01	7.580000e-01	5.524860e-02	3.906667e-02	3.906667e-02
7.580000e-01	7.600000e-01	0.000000e+00	0.000000e+00	0.000000e+00
7.600000e-01	7.620000e-01	2.762431e-02	2.762431e-02	2.762431e-02
7.620000e-01	7.640000e-01	0.000000e+00	0.000000e+00	0.000000e+00
7.640000e-01	7.660000e-01	5.524860e-02	3.906667e-02	3.906667e-02
7.660000e-01	7.680000e-01	8.287295e-02	4.784671e-02	4.784671e-02
7.680000e-01	7.700000e-01	2.762431e-02	2.762431e-02	2.762431e-02
7.700000e-01	7.720000e-01	2.762431e-02	2.762431e-02	2.762431e-02
7.720000e-01	7.740000e-01	0.000000e+00	0.000000e+00	0.000000e+00
7.740000e-01	7.760000e-01	8.287295e-02	4.784671e-02	4.784671e-02
7.760000e-01	7.780000e-01	2.762431e-02	2.762431e-02	2.762431e-02
7.780000e-01	7.800000e-01	8.287295e-02	4.784671e-02	4.784671e-02
7.800000e-01	7.820000e-01	0.000000e+00	0.000000e+00	0.000000e+00
7.820000e-01	7.840000e-01	5.524860e-02	3.906667e-02	3.906667e-02
7.840000e-01	7.860000e-01	2.762431e-02	2.762431e-02	2.762431e-02
7.860000e-01	7.880000e-01	2.762431e-02	2.762431e-02	2.762431e-02
7.880000e-01	7.900000e-01	2.762431e-02	2.762431e-02	2.762431e-02
7.900000e-01	7.920000e-01	2.762431e-02	2.762431e-02	2.762431e-02
7.920000e-01	7.940000e-01	8.287295e-02	4.784671e-02	4.784671e-02
7.940000e-01	7.960000e-01	0.000000e+00	0.000000e+00	0.000000e+00
7.960000e-01	7.980000e-01	0.000000e+00	0.000000e+00	0.000000e+00
7.980000e-01	8.000000e-01	5.524860e-02	3.906667e-02	3.906667e-02
8.000000e-01	8.020000e-01	5.524860e-02	3.906667e-02	3.906667e-02
8.020000e-01	8.040000e-01	2.762431e-02	2.762431e-02	2.762431e-02
8.040000e-01	8.060000e-01	0.000000e+00	0.000000e+00	0.000000e+00
8.060000e-01	8.080000e-01	0.000000e+00	0.000000e+00	0.000000e+00
8.080000e-01	8.100000e-01	5.524860e-02	3.906667e-02	3.906667e-02
8.100000e-01	8.120000e-01	0.000000e+00	0.000000e+00	0.000000e+00
8.120000e-01	8.140000e-01	2.762431e-02	2.762431e-02	2.762431e-02
8.140000e-01	8.160000e-01	0.000000e+00	0.000000e+00	0.000000e+00
8.160000e-01	8.180000e-01	0.000000e+00	0.000000e+00	0.000000e+00
8.180000e-01	8.200000e-01	0.000000e+00	0.000000e+00	0.000000e+00
8.200000e-01	8.220000e-01	0.000000e+00	0.000000e+00	0.000000e+00
8.220000e-01	8.240000e-01	0.000000e+00	0.000000e+00	0.000000e+00
8.240000e-01	8.260000e-01	0.000000e+00	0.000000e+00	0.000000e+00
8.260000e-01	8.280000e-01	0.000000e+00	0.000000e+00	0.000000e+00
8.280000e-01	8.300000e-01	0.000000e+00	0.000000e+00	0.000000e+00
8.300000e-01	8.320000e-01	0.000000e+00	0.000000e+00	0.000000e+00
8.320000e-01	8.340000e-01	0.000000e+00	0.000000e+00	0.000000e+00
8.340000e-01	8.360000e-01	0.000000e+00	0.000000e+00	0.000000e+00
8.360000e-01	8.380000e-01	0.000000e+00	0.000000e+00	0.000000e+00
8.380000e-01	8.400000e-01	0.000000e+00	0.000000e+00	0.000000e+00
8.400000e-01	8.420000e-01	0.000000e+00	0.000000e+00	0.000000e+00
8.420000e-01	8.440000e-01	0.000000e+00	0.000000e+00	0.000000e+00
8.440000e-01	8.460000e-01	0.000000e+00	0.000000e+00	0.000000e+00
8.460000e-01	8.480000e-01	0.000000e+00	0.000000e+00	0.000000e+00
8.480000e-01	8.500000e-01	0.000000e+00	0.000000e+00	0.000000e+00
8.500000e-01	8.520000e-01	0.000000e+00	0.000000e+00	0.000000e+00
8.520000e-01	8.540000e-01	0.000000e+00	0.000000e+00	0.000000e+00
8.540000e-01	8.560000e-01	0.000000e+00	0.000000e+00	0.000000e+00
8.560000e-01	8.580000e-01	0.000000e+00	0.000000e+00	0.000000e+00
8.580000e-01	8.600000e-01	0.000000e+00	0.000000e+00	0.000000e+00
8.600000e-01	8.620000e-01	0.000000e+00	0.000000e+00	0.000000e+00
8.620000e-01	8.640000e-01	0.000000e+00	0.000000e+00	0.000000e+00
8.640000e-01	8.660000e-01	0.000000e+00	0.000000e+00	0.000000e+00
8.660000e-01	8.680000e-01	0.000000e+00	0.000000e+00	0.000000e+00
8.680000e-01	8.700000e-01	0.000000e+00	0.000000e+00	0.000000e+00
8.700000e-01	8.720000e-01	0.000000e+00	0.000000e+00	0.000000e+00
8.720000e-01	8.740000e-01	0.000000e+00	0.000000e+00	0.000000e+00
8.740000e-01	8.760000e-01	0.000000e+00	0.000000e+00	0.000000e+00
8.760000e-01	8.780000e-01	0.000000e+00	0.000000e+00	0.000000e+00
8.780000e-01	8.800000e-01	0.000000e+00	0.000000e+00	0.000000e+00
8.800000e-01	8.820000e-01	0.000000e+00	0.000000e+00	0.000000e+00
8.820000e-01	8.840000e-01	0.000000e+00	0.000000e+00	0.000000e+00
8.840000e-01	8.860000e-01	0.000000e+00	0.000000e+00	0.000000e+00
8.860000e-01	8.880000e-01	0.000000e+00	0.000000e+00	0.000000e+00
8.880000e-01	8.900000e-01	0.000000e+00	0.000000e+00	0.000000e+00
8.900000e-01	8.920000e-01	0.000000e+00	0.000000e+00	0.000000e+00
8.920000e-01	8.940000e-01	0.000000e+00	0.000000e+00	0.000000e+00
8.940000e-01	8.960000e-01	0.000000e+00	0.000000e+00	0.000000e+00
8.960000e-01	8.980000e-01	0.000000e+00	0.000000e+00	0.000000e+00
8.980000e-01	9.000000e-01	0.000000e+00	0.000000e+00	0.000000e+00
9.000000e-01	9.020000e-01	0.000000e+00	0.000000e+00	0.000000e+00
9.020000e-01	9.040000e-01	0.000000e+00	0.000000e+00	0.000000e+00
9.040000e-01	9.060000e-01	0.000000e+00	0.000000e+00	0.000000e+00
9.060000e-01	9.080000e-01	0.000000e+00	0.000000e+00	0.000000e+00
9.080000e-01	9.100000e-01	0.000000e+00	0.000000e+00	0.000000e+00
9.100000e-01	9.120000e-01	0.000000e+00	0.000000e+00	0.000000e+00
9.120000e-01	9.140000e-01	0.000000e+00	0.000000e+00	0.000000e+00
9.140000e-01	9.160000e-01	0.000000e+00	0.000000e+00	0.000000e+00
9.160000e-01	9.180000e-01	0.000000e+00	0.000000e+00	0.000000e+00
9.180000e-01	9.200000e-01	0.000000e+00	0.000000e+00	0.000000e+00
9.200000e-01	9.220000e-01	0.000000e+00	0.000000e+00	0.000000e+00
9.220000e-01	9.240000e-01	0.000000e+00	0.000000e+00	0.000000e+00
9.240000e-01	9.260000e-01	0.000000e+00	0.000000e+00	0.000000e+00
9.260000e-01	9.280000e-01	0.000000e+00	0.000000e+00	0.000000e+00
9.280000e-01	9.300000e-01	0.000000e+00	0.000000e+00	0.000000e+00
9.300000e-01	9.320000e-01	0.000000e+00	0.000000e+00	0.000000e+00
9.320000e-01	9.340000e-01	0.000000e+00	0.000000e+00	0.000000e+00
9.340000e-01	9.360000e-01	0.000000e+00	0.000000e+00	0.000000e+00
9.360000e-01	9.380000e-01	0.000000e+00	0.000000e+00	0.000000e+00
9.380000e-01	9.400000e-01	0.000000e+00	0.000000e+00	0.000000e+00
9.400000e-01	9.420000e-01	0.000000e+00	0.000000e+00	0.000000e+00
9.420000e-01	9.440000e-01	0.000000e+00	0.000000e+00	0.000000e+00
9.440000e-01	9.460000e-01	0.000000e+00	0.000000e+00	0.000000e+00
9.460000e-01	9.480000e-01	0.000000e+00	0.000000e+00	0.000000e+00
9.480000e-01	9.500000e-01	0.000000e+00	0.000000e+00	0.000000e+00
9.500000e-01	9.520000e-01	0.000000e+00	0.000000e+00	0.000000e+00
9.520000e-01	9.540000e-01	0.000000e+00	0.000000e+00	0.000000e+00
9.540000e-01	9.560000e-01	0.000000e+00	0.000000e+00	0.000000e+00
9.560000e-01	9.580000e-01	0.000000e+00	0.000000e+00	0.000000e+00
9.580000e-01	9.600000e-01	0.000000e+00	0.000000e+00	0.000000e+00
9.600000e-01	9.620000e-01	0.000000e+00	0.000000e+00	0.000000e+00
9.620000e-01	9.640000e-01	0.000000e+00	0.000000e+00	0.000000e+00
9.640000e-01	9.660000e-01	0.000000e+00	0.000000e+00	0.000000e+00
9.660000e-01	9.680000e-01	0.000000e+00	0.000000e+00	0.000000e+00
9.680000e-01	9.700000e-01	0.000000e+00	0.000000e+00	0.000000e+00
9.700000e-01	9.720000e-01	0.000000e+00	0.000000e+00	0.000000e+00
9.720000e-01	9.740000e-01	0.000000e+00	0.000000e+00	0.000000e+00
9.740000e-01	9.760000e-01	0.000000e+00	0.000000e+00	0.000000e+00
9.760000e-01	9.780000e-01	0.000000e+00	0.000000e+00	0.000000e+00
9.780000e-01	9.800000e-01	0.000000e+00	0.000000e+00	0.000000e+00
9.800000e-01	9.820000e-01	0.000000e+00	0.000000e+00	0.000000e+00
9.820000e-01	9.840000e-01	0.000000e+00	0.000000e+00	0.000000e+00
9.840000e-01	9.860000e-01	0.000000e+00	0.000000e+00	0.000000e+00
9.860000e-01	9.880000e-01	0.000000e+00	0.000000e+00	0.000000e+00
9.880000e-01	9.900000e-01	0.000000e+00	0.000000e+00	0.000000e+00
9.900000e-01	9.920000e-01	0.000000e+00	0.000000e+00	0.000000e+00
9.920000e-01	9.940000e-01	0.000000e+00	0.000000e+00	0.000000e+00
9.940000e-01	9.960000e-01	0.000000e+00	0.000000e+00	0.000000e+00
9.960000e-01	9.980000e-01	0.000000e+00	0.000000e+00	0.000000e+00
9.980000e-01	1.000000e+00	0.000000e+00	0.000000e+00	0.000000e+00
# END HISTO1D

