# BEGIN PLOT
LegendOnly=//afs/cern.ch/user/d/dkar/lh2015-qg/Vincia-2001/lhc/hadron/zjet.yoda/MC_LHQG_Zjet/deltaphi_Zjet_Q200_R6 //afs/cern.ch/user/d/dkar/lh2015-qg/Vincia-2001/lhc/hadron/zjet_born.yoda/MC_LHQG_Zjet/deltaphi_Zjet_Q200_R6
DrawOnly=//afs/cern.ch/user/d/dkar/lh2015-qg/Vincia-2001/lhc/hadron/zjet.yoda/MC_LHQG_Zjet/deltaphi_Zjet_Q200_R6 //afs/cern.ch/user/d/dkar/lh2015-qg/Vincia-2001/lhc/hadron/zjet_born.yoda/MC_LHQG_Zjet/deltaphi_Zjet_Q200_R6
RatioPlotReference=//afs/cern.ch/user/d/dkar/lh2015-qg/Vincia-2001/lhc/hadron/zjet.yoda/MC_LHQG_Zjet/deltaphi_Zjet_Q200_R6
RatioPlot=1
LogY=1
RatioPlotYLabel=Ratio
Legend=1
# END PLOT

# BEGIN HISTO1D //afs/cern.ch/user/d/dkar/lh2015-qg/Vincia-2001/lhc/hadron/zjet.yoda/MC_LHQG_Zjet/deltaphi_Zjet_Q200_R6
LineColor=red
LineStyle=solid
Path=//afs/cern.ch/user/d/dkar/lh2015-qg/Vincia-2001/lhc/hadron/zjet.yoda/MC_LHQG_Zjet/deltaphi_Zjet_Q200_R6
ScaledBy=466.93191931717826
Title=zjet
XLabel=
YLabel=
# xlow	 xhigh	 val	 errminus	 errplus
0.000000e+00	3.141593e-02	0.000000e+00	0.000000e+00	0.000000e+00
3.141593e-02	6.283185e-02	0.000000e+00	0.000000e+00	0.000000e+00
6.283185e-02	9.424778e-02	0.000000e+00	0.000000e+00	0.000000e+00
9.424778e-02	1.256637e-01	0.000000e+00	0.000000e+00	0.000000e+00
1.256637e-01	1.570796e-01	0.000000e+00	0.000000e+00	0.000000e+00
1.570796e-01	1.884956e-01	0.000000e+00	0.000000e+00	0.000000e+00
1.884956e-01	2.199115e-01	0.000000e+00	0.000000e+00	0.000000e+00
2.199115e-01	2.513274e-01	0.000000e+00	0.000000e+00	0.000000e+00
2.513274e-01	2.827433e-01	0.000000e+00	0.000000e+00	0.000000e+00
2.827433e-01	3.141593e-01	0.000000e+00	0.000000e+00	0.000000e+00
3.141593e-01	3.455752e-01	0.000000e+00	0.000000e+00	0.000000e+00
3.455752e-01	3.769911e-01	0.000000e+00	0.000000e+00	0.000000e+00
3.769911e-01	4.084070e-01	0.000000e+00	0.000000e+00	0.000000e+00
4.084070e-01	4.398230e-01	0.000000e+00	0.000000e+00	0.000000e+00
4.398230e-01	4.712389e-01	0.000000e+00	0.000000e+00	0.000000e+00
4.712389e-01	5.026548e-01	0.000000e+00	0.000000e+00	0.000000e+00
5.026548e-01	5.340708e-01	0.000000e+00	0.000000e+00	0.000000e+00
5.340708e-01	5.654867e-01	0.000000e+00	0.000000e+00	0.000000e+00
5.654867e-01	5.969026e-01	0.000000e+00	0.000000e+00	0.000000e+00
5.969026e-01	6.283185e-01	0.000000e+00	0.000000e+00	0.000000e+00
6.283185e-01	6.597345e-01	0.000000e+00	0.000000e+00	0.000000e+00
6.597345e-01	6.911504e-01	0.000000e+00	0.000000e+00	0.000000e+00
6.911504e-01	7.225663e-01	0.000000e+00	0.000000e+00	0.000000e+00
7.225663e-01	7.539822e-01	0.000000e+00	0.000000e+00	0.000000e+00
7.539822e-01	7.853982e-01	0.000000e+00	0.000000e+00	0.000000e+00
7.853982e-01	8.168141e-01	0.000000e+00	0.000000e+00	0.000000e+00
8.168141e-01	8.482300e-01	0.000000e+00	0.000000e+00	0.000000e+00
8.482300e-01	8.796459e-01	0.000000e+00	0.000000e+00	0.000000e+00
8.796459e-01	9.110619e-01	0.000000e+00	0.000000e+00	0.000000e+00
9.110619e-01	9.424778e-01	0.000000e+00	0.000000e+00	0.000000e+00
9.424778e-01	9.738937e-01	0.000000e+00	0.000000e+00	0.000000e+00
9.738937e-01	1.005310e+00	0.000000e+00	0.000000e+00	0.000000e+00
1.005310e+00	1.036726e+00	0.000000e+00	0.000000e+00	0.000000e+00
1.036726e+00	1.068142e+00	0.000000e+00	0.000000e+00	0.000000e+00
1.068142e+00	1.099557e+00	0.000000e+00	0.000000e+00	0.000000e+00
1.099557e+00	1.130973e+00	0.000000e+00	0.000000e+00	0.000000e+00
1.130973e+00	1.162389e+00	0.000000e+00	0.000000e+00	0.000000e+00
1.162389e+00	1.193805e+00	0.000000e+00	0.000000e+00	0.000000e+00
1.193805e+00	1.225221e+00	1.127912e-02	1.127912e-02	1.127912e-02
1.225221e+00	1.256637e+00	3.959966e-02	3.959967e-02	3.959967e-02
1.256637e+00	1.288053e+00	0.000000e+00	0.000000e+00	0.000000e+00
1.288053e+00	1.319469e+00	0.000000e+00	0.000000e+00	0.000000e+00
1.319469e+00	1.350885e+00	1.843113e-02	1.843113e-02	1.843113e-02
1.350885e+00	1.382301e+00	0.000000e+00	0.000000e+00	0.000000e+00
1.382301e+00	1.413717e+00	0.000000e+00	0.000000e+00	0.000000e+00
1.413717e+00	1.445133e+00	1.702905e-02	1.702905e-02	1.702905e-02
1.445133e+00	1.476549e+00	1.704947e-01	1.704947e-01	1.704947e-01
1.476549e+00	1.507964e+00	0.000000e+00	0.000000e+00	0.000000e+00
1.507964e+00	1.539380e+00	0.000000e+00	0.000000e+00	0.000000e+00
1.539380e+00	1.570796e+00	0.000000e+00	0.000000e+00	0.000000e+00
1.570796e+00	1.602212e+00	1.702819e-03	1.702819e-03	1.702819e-03
1.602212e+00	1.633628e+00	0.000000e+00	0.000000e+00	0.000000e+00
1.633628e+00	1.665044e+00	1.599092e-03	1.599092e-03	1.599092e-03
1.665044e+00	1.696460e+00	0.000000e+00	0.000000e+00	0.000000e+00
1.696460e+00	1.727876e+00	0.000000e+00	0.000000e+00	0.000000e+00
1.727876e+00	1.759292e+00	2.435792e-03	2.435792e-03	2.435792e-03
1.759292e+00	1.790708e+00	0.000000e+00	0.000000e+00	0.000000e+00
1.790708e+00	1.822124e+00	0.000000e+00	0.000000e+00	0.000000e+00
1.822124e+00	1.853540e+00	7.148501e-02	7.148501e-02	7.148501e-02
1.853540e+00	1.884956e+00	4.635472e-03	3.291432e-03	3.291432e-03
1.884956e+00	1.916372e+00	5.731423e-02	3.354657e-02	3.354657e-02
1.916372e+00	1.947787e+00	1.120914e-02	1.120914e-02	1.120914e-02
1.947787e+00	1.979203e+00	5.166985e-03	5.166983e-03	5.166983e-03
1.979203e+00	2.010619e+00	6.052839e-02	4.419622e-02	4.419622e-02
2.010619e+00	2.042035e+00	4.267615e-02	3.854725e-02	3.854725e-02
2.042035e+00	2.073451e+00	2.326832e-02	2.023225e-02	2.023225e-02
2.073451e+00	2.104867e+00	1.806527e-03	1.806527e-03	1.806527e-03
2.104867e+00	2.136283e+00	2.516359e-03	2.516359e-03	2.516359e-03
2.136283e+00	2.167699e+00	7.825000e-02	7.486157e-02	7.486157e-02
2.167699e+00	2.199115e+00	7.257089e-04	7.257088e-04	7.257088e-04
2.199115e+00	2.230531e+00	8.319382e-02	6.157372e-02	6.157372e-02
2.230531e+00	2.261947e+00	3.982970e-02	2.766631e-02	2.766631e-02
2.261947e+00	2.293363e+00	5.114604e-02	3.091268e-02	3.091268e-02
2.293363e+00	2.324779e+00	3.780036e-02	3.013447e-02	3.013447e-02
2.324779e+00	2.356194e+00	1.049571e-01	5.347786e-02	5.347786e-02
2.356194e+00	2.387610e+00	1.717835e-01	7.949948e-02	7.949948e-02
2.387610e+00	2.419026e+00	1.566863e-01	6.939840e-02	6.939840e-02
2.419026e+00	2.450442e+00	2.196522e-02	9.953342e-03	9.953342e-03
2.450442e+00	2.481858e+00	2.782767e-01	1.382786e-01	1.382786e-01
2.481858e+00	2.513274e+00	1.901820e-01	8.950184e-02	8.950184e-02
2.513274e+00	2.544690e+00	9.084839e-02	4.557550e-02	4.557550e-02
2.544690e+00	2.576106e+00	1.011995e-01	5.003045e-02	5.003045e-02
2.576106e+00	2.607522e+00	2.027684e-01	9.338036e-02	9.338036e-02
2.607522e+00	2.638938e+00	2.649436e-01	9.173654e-02	9.173654e-02
2.638938e+00	2.670354e+00	2.507080e-01	9.938080e-02	9.938080e-02
2.670354e+00	2.701770e+00	1.126683e+00	7.448175e-01	7.448175e-01
2.701770e+00	2.733186e+00	5.453365e-01	1.638129e-01	1.638129e-01
2.733186e+00	2.764602e+00	4.546069e-01	1.207796e-01	1.207796e-01
2.764602e+00	2.796017e+00	5.536998e-01	1.476959e-01	1.476959e-01
2.796017e+00	2.827433e+00	5.059848e-01	1.378424e-01	1.378424e-01
2.827433e+00	2.858849e+00	5.740136e-01	1.415569e-01	1.415569e-01
2.858849e+00	2.890265e+00	1.387319e+00	7.667346e-01	7.667346e-01
2.890265e+00	2.921681e+00	7.676865e-01	1.587648e-01	1.587648e-01
2.921681e+00	2.953097e+00	2.439159e+00	1.274468e+00	1.274468e+00
2.953097e+00	2.984513e+00	1.640821e+00	2.591516e-01	2.591516e-01
2.984513e+00	3.015929e+00	1.817915e+00	2.585005e-01	2.585005e-01
3.015929e+00	3.047345e+00	2.502691e+00	3.006106e-01	3.006106e-01
3.047345e+00	3.078761e+00	3.874554e+00	3.947010e-01	3.947010e-01
3.078761e+00	3.110177e+00	4.788000e+00	4.143350e-01	4.143350e-01
3.110177e+00	3.141593e+00	6.184024e+00	4.905569e-01	4.905569e-01
# END HISTO1D

# BEGIN HISTO1D //afs/cern.ch/user/d/dkar/lh2015-qg/Vincia-2001/lhc/hadron/zjet_born.yoda/MC_LHQG_Zjet/deltaphi_Zjet_Q200_R6
LineColor=blue
LineStyle=solid
Path=//afs/cern.ch/user/d/dkar/lh2015-qg/Vincia-2001/lhc/hadron/zjet_born.yoda/MC_LHQG_Zjet/deltaphi_Zjet_Q200_R6
ScaledBy=0.5
Title=zjet_born
XLabel=
YLabel=
# xlow	 xhigh	 val	 errminus	 errplus
0.000000e+00	3.141593e-02	0.000000e+00	0.000000e+00	0.000000e+00
3.141593e-02	6.283185e-02	0.000000e+00	0.000000e+00	0.000000e+00
6.283185e-02	9.424778e-02	0.000000e+00	0.000000e+00	0.000000e+00
9.424778e-02	1.256637e-01	0.000000e+00	0.000000e+00	0.000000e+00
1.256637e-01	1.570796e-01	0.000000e+00	0.000000e+00	0.000000e+00
1.570796e-01	1.884956e-01	0.000000e+00	0.000000e+00	0.000000e+00
1.884956e-01	2.199115e-01	0.000000e+00	0.000000e+00	0.000000e+00
2.199115e-01	2.513274e-01	0.000000e+00	0.000000e+00	0.000000e+00
2.513274e-01	2.827433e-01	0.000000e+00	0.000000e+00	0.000000e+00
2.827433e-01	3.141593e-01	0.000000e+00	0.000000e+00	0.000000e+00
3.141593e-01	3.455752e-01	0.000000e+00	0.000000e+00	0.000000e+00
3.455752e-01	3.769911e-01	0.000000e+00	0.000000e+00	0.000000e+00
3.769911e-01	4.084070e-01	0.000000e+00	0.000000e+00	0.000000e+00
4.084070e-01	4.398230e-01	0.000000e+00	0.000000e+00	0.000000e+00
4.398230e-01	4.712389e-01	0.000000e+00	0.000000e+00	0.000000e+00
4.712389e-01	5.026548e-01	0.000000e+00	0.000000e+00	0.000000e+00
5.026548e-01	5.340708e-01	0.000000e+00	0.000000e+00	0.000000e+00
5.340708e-01	5.654867e-01	0.000000e+00	0.000000e+00	0.000000e+00
5.654867e-01	5.969026e-01	0.000000e+00	0.000000e+00	0.000000e+00
5.969026e-01	6.283185e-01	0.000000e+00	0.000000e+00	0.000000e+00
6.283185e-01	6.597345e-01	0.000000e+00	0.000000e+00	0.000000e+00
6.597345e-01	6.911504e-01	0.000000e+00	0.000000e+00	0.000000e+00
6.911504e-01	7.225663e-01	0.000000e+00	0.000000e+00	0.000000e+00
7.225663e-01	7.539822e-01	0.000000e+00	0.000000e+00	0.000000e+00
7.539822e-01	7.853982e-01	0.000000e+00	0.000000e+00	0.000000e+00
7.853982e-01	8.168141e-01	0.000000e+00	0.000000e+00	0.000000e+00
8.168141e-01	8.482300e-01	0.000000e+00	0.000000e+00	0.000000e+00
8.482300e-01	8.796459e-01	0.000000e+00	0.000000e+00	0.000000e+00
8.796459e-01	9.110619e-01	0.000000e+00	0.000000e+00	0.000000e+00
9.110619e-01	9.424778e-01	0.000000e+00	0.000000e+00	0.000000e+00
9.424778e-01	9.738937e-01	0.000000e+00	0.000000e+00	0.000000e+00
9.738937e-01	1.005310e+00	0.000000e+00	0.000000e+00	0.000000e+00
1.005310e+00	1.036726e+00	0.000000e+00	0.000000e+00	0.000000e+00
1.036726e+00	1.068142e+00	0.000000e+00	0.000000e+00	0.000000e+00
1.068142e+00	1.099557e+00	0.000000e+00	0.000000e+00	0.000000e+00
1.099557e+00	1.130973e+00	0.000000e+00	0.000000e+00	0.000000e+00
1.130973e+00	1.162389e+00	0.000000e+00	0.000000e+00	0.000000e+00
1.162389e+00	1.193805e+00	0.000000e+00	0.000000e+00	0.000000e+00
1.193805e+00	1.225221e+00	0.000000e+00	0.000000e+00	0.000000e+00
1.225221e+00	1.256637e+00	0.000000e+00	0.000000e+00	0.000000e+00
1.256637e+00	1.288053e+00	0.000000e+00	0.000000e+00	0.000000e+00
1.288053e+00	1.319469e+00	0.000000e+00	0.000000e+00	0.000000e+00
1.319469e+00	1.350885e+00	0.000000e+00	0.000000e+00	0.000000e+00
1.350885e+00	1.382301e+00	0.000000e+00	0.000000e+00	0.000000e+00
1.382301e+00	1.413717e+00	0.000000e+00	0.000000e+00	0.000000e+00
1.413717e+00	1.445133e+00	0.000000e+00	0.000000e+00	0.000000e+00
1.445133e+00	1.476549e+00	0.000000e+00	0.000000e+00	0.000000e+00
1.476549e+00	1.507964e+00	0.000000e+00	0.000000e+00	0.000000e+00
1.507964e+00	1.539380e+00	0.000000e+00	0.000000e+00	0.000000e+00
1.539380e+00	1.570796e+00	0.000000e+00	0.000000e+00	0.000000e+00
1.570796e+00	1.602212e+00	0.000000e+00	0.000000e+00	0.000000e+00
1.602212e+00	1.633628e+00	0.000000e+00	0.000000e+00	0.000000e+00
1.633628e+00	1.665044e+00	0.000000e+00	0.000000e+00	0.000000e+00
1.665044e+00	1.696460e+00	0.000000e+00	0.000000e+00	0.000000e+00
1.696460e+00	1.727876e+00	0.000000e+00	0.000000e+00	0.000000e+00
1.727876e+00	1.759292e+00	0.000000e+00	0.000000e+00	0.000000e+00
1.759292e+00	1.790708e+00	0.000000e+00	0.000000e+00	0.000000e+00
1.790708e+00	1.822124e+00	0.000000e+00	0.000000e+00	0.000000e+00
1.822124e+00	1.853540e+00	0.000000e+00	0.000000e+00	0.000000e+00
1.853540e+00	1.884956e+00	0.000000e+00	0.000000e+00	0.000000e+00
1.884956e+00	1.916372e+00	0.000000e+00	0.000000e+00	0.000000e+00
1.916372e+00	1.947787e+00	0.000000e+00	0.000000e+00	0.000000e+00
1.947787e+00	1.979203e+00	0.000000e+00	0.000000e+00	0.000000e+00
1.979203e+00	2.010619e+00	0.000000e+00	0.000000e+00	0.000000e+00
2.010619e+00	2.042035e+00	0.000000e+00	0.000000e+00	0.000000e+00
2.042035e+00	2.073451e+00	0.000000e+00	0.000000e+00	0.000000e+00
2.073451e+00	2.104867e+00	0.000000e+00	0.000000e+00	0.000000e+00
2.104867e+00	2.136283e+00	0.000000e+00	0.000000e+00	0.000000e+00
2.136283e+00	2.167699e+00	0.000000e+00	0.000000e+00	0.000000e+00
2.167699e+00	2.199115e+00	0.000000e+00	0.000000e+00	0.000000e+00
2.199115e+00	2.230531e+00	0.000000e+00	0.000000e+00	0.000000e+00
2.230531e+00	2.261947e+00	0.000000e+00	0.000000e+00	0.000000e+00
2.261947e+00	2.293363e+00	0.000000e+00	0.000000e+00	0.000000e+00
2.293363e+00	2.324779e+00	0.000000e+00	0.000000e+00	0.000000e+00
2.324779e+00	2.356194e+00	0.000000e+00	0.000000e+00	0.000000e+00
2.356194e+00	2.387610e+00	0.000000e+00	0.000000e+00	0.000000e+00
2.387610e+00	2.419026e+00	0.000000e+00	0.000000e+00	0.000000e+00
2.419026e+00	2.450442e+00	0.000000e+00	0.000000e+00	0.000000e+00
2.450442e+00	2.481858e+00	0.000000e+00	0.000000e+00	0.000000e+00
2.481858e+00	2.513274e+00	0.000000e+00	0.000000e+00	0.000000e+00
2.513274e+00	2.544690e+00	0.000000e+00	0.000000e+00	0.000000e+00
2.544690e+00	2.576106e+00	0.000000e+00	0.000000e+00	0.000000e+00
2.576106e+00	2.607522e+00	0.000000e+00	0.000000e+00	0.000000e+00
2.607522e+00	2.638938e+00	0.000000e+00	0.000000e+00	0.000000e+00
2.638938e+00	2.670354e+00	0.000000e+00	0.000000e+00	0.000000e+00
2.670354e+00	2.701770e+00	0.000000e+00	0.000000e+00	0.000000e+00
2.701770e+00	2.733186e+00	0.000000e+00	0.000000e+00	0.000000e+00
2.733186e+00	2.764602e+00	0.000000e+00	0.000000e+00	0.000000e+00
2.764602e+00	2.796017e+00	0.000000e+00	0.000000e+00	0.000000e+00
2.796017e+00	2.827433e+00	0.000000e+00	0.000000e+00	0.000000e+00
2.827433e+00	2.858849e+00	0.000000e+00	0.000000e+00	0.000000e+00
2.858849e+00	2.890265e+00	0.000000e+00	0.000000e+00	0.000000e+00
2.890265e+00	2.921681e+00	0.000000e+00	0.000000e+00	0.000000e+00
2.921681e+00	2.953097e+00	0.000000e+00	0.000000e+00	0.000000e+00
2.953097e+00	2.984513e+00	0.000000e+00	0.000000e+00	0.000000e+00
2.984513e+00	3.015929e+00	0.000000e+00	0.000000e+00	0.000000e+00
3.015929e+00	3.047345e+00	0.000000e+00	0.000000e+00	0.000000e+00
3.047345e+00	3.078761e+00	0.000000e+00	0.000000e+00	0.000000e+00
3.078761e+00	3.110177e+00	1.591546e+01	1.591546e+01	1.591546e+01
3.110177e+00	3.141593e+00	1.591546e+01	1.591546e+01	1.591546e+01
# END HISTO1D

