# BEGIN PLOT
LegendOnly=//afs/cern.ch/user/d/dkar/lh2015-qg/Vincia-2001/lhc/hadron/zjet.yoda/MC_LHQG_Zjet/log_mMDT_GA_10_10_Q400_R4 //afs/cern.ch/user/d/dkar/lh2015-qg/Vincia-2001/lhc/hadron/zjet_born.yoda/MC_LHQG_Zjet/log_mMDT_GA_10_10_Q400_R4
DrawOnly=//afs/cern.ch/user/d/dkar/lh2015-qg/Vincia-2001/lhc/hadron/zjet.yoda/MC_LHQG_Zjet/log_mMDT_GA_10_10_Q400_R4 //afs/cern.ch/user/d/dkar/lh2015-qg/Vincia-2001/lhc/hadron/zjet_born.yoda/MC_LHQG_Zjet/log_mMDT_GA_10_10_Q400_R4
RatioPlotReference=//afs/cern.ch/user/d/dkar/lh2015-qg/Vincia-2001/lhc/hadron/zjet.yoda/MC_LHQG_Zjet/log_mMDT_GA_10_10_Q400_R4
RatioPlot=1
LogY=1
RatioPlotYLabel=Ratio
Legend=1
# END PLOT

# BEGIN HISTO1D //afs/cern.ch/user/d/dkar/lh2015-qg/Vincia-2001/lhc/hadron/zjet.yoda/MC_LHQG_Zjet/log_mMDT_GA_10_10_Q400_R4
LineColor=red
LineStyle=solid
Path=//afs/cern.ch/user/d/dkar/lh2015-qg/Vincia-2001/lhc/hadron/zjet.yoda/MC_LHQG_Zjet/log_mMDT_GA_10_10_Q400_R4
ScaledBy=4186.3464317743328
Title=zjet
XLabel=
YLabel=
# xlow	 xhigh	 val	 errminus	 errplus
-1.500000e+01	-1.497000e+01	3.608420e-02	1.911792e-02	1.911792e-02
-1.497000e+01	-1.494000e+01	0.000000e+00	0.000000e+00	0.000000e+00
-1.494000e+01	-1.491000e+01	0.000000e+00	0.000000e+00	0.000000e+00
-1.491000e+01	-1.488000e+01	0.000000e+00	0.000000e+00	0.000000e+00
-1.488000e+01	-1.485000e+01	0.000000e+00	0.000000e+00	0.000000e+00
-1.485000e+01	-1.482000e+01	0.000000e+00	0.000000e+00	0.000000e+00
-1.482000e+01	-1.479000e+01	0.000000e+00	0.000000e+00	0.000000e+00
-1.479000e+01	-1.476000e+01	0.000000e+00	0.000000e+00	0.000000e+00
-1.476000e+01	-1.473000e+01	0.000000e+00	0.000000e+00	0.000000e+00
-1.473000e+01	-1.470000e+01	0.000000e+00	0.000000e+00	0.000000e+00
-1.470000e+01	-1.467000e+01	0.000000e+00	0.000000e+00	0.000000e+00
-1.467000e+01	-1.464000e+01	0.000000e+00	0.000000e+00	0.000000e+00
-1.464000e+01	-1.461000e+01	0.000000e+00	0.000000e+00	0.000000e+00
-1.461000e+01	-1.458000e+01	0.000000e+00	0.000000e+00	0.000000e+00
-1.458000e+01	-1.455000e+01	0.000000e+00	0.000000e+00	0.000000e+00
-1.455000e+01	-1.452000e+01	0.000000e+00	0.000000e+00	0.000000e+00
-1.452000e+01	-1.449000e+01	0.000000e+00	0.000000e+00	0.000000e+00
-1.449000e+01	-1.446000e+01	0.000000e+00	0.000000e+00	0.000000e+00
-1.446000e+01	-1.443000e+01	0.000000e+00	0.000000e+00	0.000000e+00
-1.443000e+01	-1.440000e+01	0.000000e+00	0.000000e+00	0.000000e+00
-1.440000e+01	-1.437000e+01	0.000000e+00	0.000000e+00	0.000000e+00
-1.437000e+01	-1.434000e+01	0.000000e+00	0.000000e+00	0.000000e+00
-1.434000e+01	-1.431000e+01	0.000000e+00	0.000000e+00	0.000000e+00
-1.431000e+01	-1.428000e+01	0.000000e+00	0.000000e+00	0.000000e+00
-1.428000e+01	-1.425000e+01	0.000000e+00	0.000000e+00	0.000000e+00
-1.425000e+01	-1.422000e+01	0.000000e+00	0.000000e+00	0.000000e+00
-1.422000e+01	-1.419000e+01	0.000000e+00	0.000000e+00	0.000000e+00
-1.419000e+01	-1.416000e+01	0.000000e+00	0.000000e+00	0.000000e+00
-1.416000e+01	-1.413000e+01	0.000000e+00	0.000000e+00	0.000000e+00
-1.413000e+01	-1.410000e+01	0.000000e+00	0.000000e+00	0.000000e+00
-1.410000e+01	-1.407000e+01	0.000000e+00	0.000000e+00	0.000000e+00
-1.407000e+01	-1.404000e+01	0.000000e+00	0.000000e+00	0.000000e+00
-1.404000e+01	-1.401000e+01	0.000000e+00	0.000000e+00	0.000000e+00
-1.401000e+01	-1.398000e+01	0.000000e+00	0.000000e+00	0.000000e+00
-1.398000e+01	-1.395000e+01	0.000000e+00	0.000000e+00	0.000000e+00
-1.395000e+01	-1.392000e+01	0.000000e+00	0.000000e+00	0.000000e+00
-1.392000e+01	-1.389000e+01	0.000000e+00	0.000000e+00	0.000000e+00
-1.389000e+01	-1.386000e+01	0.000000e+00	0.000000e+00	0.000000e+00
-1.386000e+01	-1.383000e+01	0.000000e+00	0.000000e+00	0.000000e+00
-1.383000e+01	-1.380000e+01	0.000000e+00	0.000000e+00	0.000000e+00
-1.380000e+01	-1.377000e+01	0.000000e+00	0.000000e+00	0.000000e+00
-1.377000e+01	-1.374000e+01	0.000000e+00	0.000000e+00	0.000000e+00
-1.374000e+01	-1.371000e+01	0.000000e+00	0.000000e+00	0.000000e+00
-1.371000e+01	-1.368000e+01	0.000000e+00	0.000000e+00	0.000000e+00
-1.368000e+01	-1.365000e+01	0.000000e+00	0.000000e+00	0.000000e+00
-1.365000e+01	-1.362000e+01	0.000000e+00	0.000000e+00	0.000000e+00
-1.362000e+01	-1.359000e+01	0.000000e+00	0.000000e+00	0.000000e+00
-1.359000e+01	-1.356000e+01	0.000000e+00	0.000000e+00	0.000000e+00
-1.356000e+01	-1.353000e+01	0.000000e+00	0.000000e+00	0.000000e+00
-1.353000e+01	-1.350000e+01	0.000000e+00	0.000000e+00	0.000000e+00
-1.350000e+01	-1.347000e+01	0.000000e+00	0.000000e+00	0.000000e+00
-1.347000e+01	-1.344000e+01	0.000000e+00	0.000000e+00	0.000000e+00
-1.344000e+01	-1.341000e+01	0.000000e+00	0.000000e+00	0.000000e+00
-1.341000e+01	-1.338000e+01	0.000000e+00	0.000000e+00	0.000000e+00
-1.338000e+01	-1.335000e+01	0.000000e+00	0.000000e+00	0.000000e+00
-1.335000e+01	-1.332000e+01	0.000000e+00	0.000000e+00	0.000000e+00
-1.332000e+01	-1.329000e+01	0.000000e+00	0.000000e+00	0.000000e+00
-1.329000e+01	-1.326000e+01	0.000000e+00	0.000000e+00	0.000000e+00
-1.326000e+01	-1.323000e+01	0.000000e+00	0.000000e+00	0.000000e+00
-1.323000e+01	-1.320000e+01	0.000000e+00	0.000000e+00	0.000000e+00
-1.320000e+01	-1.317000e+01	0.000000e+00	0.000000e+00	0.000000e+00
-1.317000e+01	-1.314000e+01	0.000000e+00	0.000000e+00	0.000000e+00
-1.314000e+01	-1.311000e+01	0.000000e+00	0.000000e+00	0.000000e+00
-1.311000e+01	-1.308000e+01	0.000000e+00	0.000000e+00	0.000000e+00
-1.308000e+01	-1.305000e+01	0.000000e+00	0.000000e+00	0.000000e+00
-1.305000e+01	-1.302000e+01	0.000000e+00	0.000000e+00	0.000000e+00
-1.302000e+01	-1.299000e+01	0.000000e+00	0.000000e+00	0.000000e+00
-1.299000e+01	-1.296000e+01	0.000000e+00	0.000000e+00	0.000000e+00
-1.296000e+01	-1.293000e+01	0.000000e+00	0.000000e+00	0.000000e+00
-1.293000e+01	-1.290000e+01	0.000000e+00	0.000000e+00	0.000000e+00
-1.290000e+01	-1.287000e+01	0.000000e+00	0.000000e+00	0.000000e+00
-1.287000e+01	-1.284000e+01	0.000000e+00	0.000000e+00	0.000000e+00
-1.284000e+01	-1.281000e+01	0.000000e+00	0.000000e+00	0.000000e+00
-1.281000e+01	-1.278000e+01	0.000000e+00	0.000000e+00	0.000000e+00
-1.278000e+01	-1.275000e+01	0.000000e+00	0.000000e+00	0.000000e+00
-1.275000e+01	-1.272000e+01	0.000000e+00	0.000000e+00	0.000000e+00
-1.272000e+01	-1.269000e+01	0.000000e+00	0.000000e+00	0.000000e+00
-1.269000e+01	-1.266000e+01	0.000000e+00	0.000000e+00	0.000000e+00
-1.266000e+01	-1.263000e+01	0.000000e+00	0.000000e+00	0.000000e+00
-1.263000e+01	-1.260000e+01	0.000000e+00	0.000000e+00	0.000000e+00
-1.260000e+01	-1.257000e+01	0.000000e+00	0.000000e+00	0.000000e+00
-1.257000e+01	-1.254000e+01	0.000000e+00	0.000000e+00	0.000000e+00
-1.254000e+01	-1.251000e+01	0.000000e+00	0.000000e+00	0.000000e+00
-1.251000e+01	-1.248000e+01	0.000000e+00	0.000000e+00	0.000000e+00
-1.248000e+01	-1.245000e+01	0.000000e+00	0.000000e+00	0.000000e+00
-1.245000e+01	-1.242000e+01	0.000000e+00	0.000000e+00	0.000000e+00
-1.242000e+01	-1.239000e+01	0.000000e+00	0.000000e+00	0.000000e+00
-1.239000e+01	-1.236000e+01	0.000000e+00	0.000000e+00	0.000000e+00
-1.236000e+01	-1.233000e+01	0.000000e+00	0.000000e+00	0.000000e+00
-1.233000e+01	-1.230000e+01	0.000000e+00	0.000000e+00	0.000000e+00
-1.230000e+01	-1.227000e+01	0.000000e+00	0.000000e+00	0.000000e+00
-1.227000e+01	-1.224000e+01	0.000000e+00	0.000000e+00	0.000000e+00
-1.224000e+01	-1.221000e+01	0.000000e+00	0.000000e+00	0.000000e+00
-1.221000e+01	-1.218000e+01	0.000000e+00	0.000000e+00	0.000000e+00
-1.218000e+01	-1.215000e+01	0.000000e+00	0.000000e+00	0.000000e+00
-1.215000e+01	-1.212000e+01	0.000000e+00	0.000000e+00	0.000000e+00
-1.212000e+01	-1.209000e+01	0.000000e+00	0.000000e+00	0.000000e+00
-1.209000e+01	-1.206000e+01	0.000000e+00	0.000000e+00	0.000000e+00
-1.206000e+01	-1.203000e+01	0.000000e+00	0.000000e+00	0.000000e+00
-1.203000e+01	-1.200000e+01	0.000000e+00	0.000000e+00	0.000000e+00
-1.200000e+01	-1.197000e+01	0.000000e+00	0.000000e+00	0.000000e+00
-1.197000e+01	-1.194000e+01	0.000000e+00	0.000000e+00	0.000000e+00
-1.194000e+01	-1.191000e+01	0.000000e+00	0.000000e+00	0.000000e+00
-1.191000e+01	-1.188000e+01	0.000000e+00	0.000000e+00	0.000000e+00
-1.188000e+01	-1.185000e+01	0.000000e+00	0.000000e+00	0.000000e+00
-1.185000e+01	-1.182000e+01	0.000000e+00	0.000000e+00	0.000000e+00
-1.182000e+01	-1.179000e+01	0.000000e+00	0.000000e+00	0.000000e+00
-1.179000e+01	-1.176000e+01	0.000000e+00	0.000000e+00	0.000000e+00
-1.176000e+01	-1.173000e+01	0.000000e+00	0.000000e+00	0.000000e+00
-1.173000e+01	-1.170000e+01	0.000000e+00	0.000000e+00	0.000000e+00
-1.170000e+01	-1.167000e+01	0.000000e+00	0.000000e+00	0.000000e+00
-1.167000e+01	-1.164000e+01	0.000000e+00	0.000000e+00	0.000000e+00
-1.164000e+01	-1.161000e+01	0.000000e+00	0.000000e+00	0.000000e+00
-1.161000e+01	-1.158000e+01	0.000000e+00	0.000000e+00	0.000000e+00
-1.158000e+01	-1.155000e+01	0.000000e+00	0.000000e+00	0.000000e+00
-1.155000e+01	-1.152000e+01	0.000000e+00	0.000000e+00	0.000000e+00
-1.152000e+01	-1.149000e+01	0.000000e+00	0.000000e+00	0.000000e+00
-1.149000e+01	-1.146000e+01	0.000000e+00	0.000000e+00	0.000000e+00
-1.146000e+01	-1.143000e+01	0.000000e+00	0.000000e+00	0.000000e+00
-1.143000e+01	-1.140000e+01	0.000000e+00	0.000000e+00	0.000000e+00
-1.140000e+01	-1.137000e+01	0.000000e+00	0.000000e+00	0.000000e+00
-1.137000e+01	-1.134000e+01	0.000000e+00	0.000000e+00	0.000000e+00
-1.134000e+01	-1.131000e+01	0.000000e+00	0.000000e+00	0.000000e+00
-1.131000e+01	-1.128000e+01	0.000000e+00	0.000000e+00	0.000000e+00
-1.128000e+01	-1.125000e+01	0.000000e+00	0.000000e+00	0.000000e+00
-1.125000e+01	-1.122000e+01	0.000000e+00	0.000000e+00	0.000000e+00
-1.122000e+01	-1.119000e+01	0.000000e+00	0.000000e+00	0.000000e+00
-1.119000e+01	-1.116000e+01	0.000000e+00	0.000000e+00	0.000000e+00
-1.116000e+01	-1.113000e+01	0.000000e+00	0.000000e+00	0.000000e+00
-1.113000e+01	-1.110000e+01	0.000000e+00	0.000000e+00	0.000000e+00
-1.110000e+01	-1.107000e+01	0.000000e+00	0.000000e+00	0.000000e+00
-1.107000e+01	-1.104000e+01	0.000000e+00	0.000000e+00	0.000000e+00
-1.104000e+01	-1.101000e+01	0.000000e+00	0.000000e+00	0.000000e+00
-1.101000e+01	-1.098000e+01	0.000000e+00	0.000000e+00	0.000000e+00
-1.098000e+01	-1.095000e+01	0.000000e+00	0.000000e+00	0.000000e+00
-1.095000e+01	-1.092000e+01	0.000000e+00	0.000000e+00	0.000000e+00
-1.092000e+01	-1.089000e+01	0.000000e+00	0.000000e+00	0.000000e+00
-1.089000e+01	-1.086000e+01	0.000000e+00	0.000000e+00	0.000000e+00
-1.086000e+01	-1.083000e+01	0.000000e+00	0.000000e+00	0.000000e+00
-1.083000e+01	-1.080000e+01	0.000000e+00	0.000000e+00	0.000000e+00
-1.080000e+01	-1.077000e+01	0.000000e+00	0.000000e+00	0.000000e+00
-1.077000e+01	-1.074000e+01	0.000000e+00	0.000000e+00	0.000000e+00
-1.074000e+01	-1.071000e+01	0.000000e+00	0.000000e+00	0.000000e+00
-1.071000e+01	-1.068000e+01	0.000000e+00	0.000000e+00	0.000000e+00
-1.068000e+01	-1.065000e+01	0.000000e+00	0.000000e+00	0.000000e+00
-1.065000e+01	-1.062000e+01	0.000000e+00	0.000000e+00	0.000000e+00
-1.062000e+01	-1.059000e+01	0.000000e+00	0.000000e+00	0.000000e+00
-1.059000e+01	-1.056000e+01	0.000000e+00	0.000000e+00	0.000000e+00
-1.056000e+01	-1.053000e+01	0.000000e+00	0.000000e+00	0.000000e+00
-1.053000e+01	-1.050000e+01	0.000000e+00	0.000000e+00	0.000000e+00
-1.050000e+01	-1.047000e+01	0.000000e+00	0.000000e+00	0.000000e+00
-1.047000e+01	-1.044000e+01	0.000000e+00	0.000000e+00	0.000000e+00
-1.044000e+01	-1.041000e+01	0.000000e+00	0.000000e+00	0.000000e+00
-1.041000e+01	-1.038000e+01	0.000000e+00	0.000000e+00	0.000000e+00
-1.038000e+01	-1.035000e+01	0.000000e+00	0.000000e+00	0.000000e+00
-1.035000e+01	-1.032000e+01	0.000000e+00	0.000000e+00	0.000000e+00
-1.032000e+01	-1.029000e+01	0.000000e+00	0.000000e+00	0.000000e+00
-1.029000e+01	-1.026000e+01	0.000000e+00	0.000000e+00	0.000000e+00
-1.026000e+01	-1.023000e+01	0.000000e+00	0.000000e+00	0.000000e+00
-1.023000e+01	-1.020000e+01	0.000000e+00	0.000000e+00	0.000000e+00
-1.020000e+01	-1.017000e+01	0.000000e+00	0.000000e+00	0.000000e+00
-1.017000e+01	-1.014000e+01	0.000000e+00	0.000000e+00	0.000000e+00
-1.014000e+01	-1.011000e+01	0.000000e+00	0.000000e+00	0.000000e+00
-1.011000e+01	-1.008000e+01	0.000000e+00	0.000000e+00	0.000000e+00
-1.008000e+01	-1.005000e+01	0.000000e+00	0.000000e+00	0.000000e+00
-1.005000e+01	-1.002000e+01	0.000000e+00	0.000000e+00	0.000000e+00
-1.002000e+01	-9.990000e+00	0.000000e+00	0.000000e+00	0.000000e+00
-9.990000e+00	-9.960000e+00	0.000000e+00	0.000000e+00	0.000000e+00
-9.960000e+00	-9.930000e+00	0.000000e+00	0.000000e+00	0.000000e+00
-9.930000e+00	-9.900000e+00	0.000000e+00	0.000000e+00	0.000000e+00
-9.900000e+00	-9.870000e+00	0.000000e+00	0.000000e+00	0.000000e+00
-9.870000e+00	-9.840000e+00	0.000000e+00	0.000000e+00	0.000000e+00
-9.840000e+00	-9.810000e+00	0.000000e+00	0.000000e+00	0.000000e+00
-9.810000e+00	-9.780000e+00	0.000000e+00	0.000000e+00	0.000000e+00
-9.780000e+00	-9.750000e+00	0.000000e+00	0.000000e+00	0.000000e+00
-9.750000e+00	-9.720000e+00	0.000000e+00	0.000000e+00	0.000000e+00
-9.720000e+00	-9.690000e+00	0.000000e+00	0.000000e+00	0.000000e+00
-9.690000e+00	-9.660000e+00	0.000000e+00	0.000000e+00	0.000000e+00
-9.660000e+00	-9.630000e+00	0.000000e+00	0.000000e+00	0.000000e+00
-9.630000e+00	-9.600000e+00	0.000000e+00	0.000000e+00	0.000000e+00
-9.600000e+00	-9.570000e+00	0.000000e+00	0.000000e+00	0.000000e+00
-9.570000e+00	-9.540000e+00	0.000000e+00	0.000000e+00	0.000000e+00
-9.540000e+00	-9.510000e+00	0.000000e+00	0.000000e+00	0.000000e+00
-9.510000e+00	-9.480000e+00	0.000000e+00	0.000000e+00	0.000000e+00
-9.480000e+00	-9.450000e+00	0.000000e+00	0.000000e+00	0.000000e+00
-9.450000e+00	-9.420000e+00	0.000000e+00	0.000000e+00	0.000000e+00
-9.420000e+00	-9.390000e+00	0.000000e+00	0.000000e+00	0.000000e+00
-9.390000e+00	-9.360000e+00	0.000000e+00	0.000000e+00	0.000000e+00
-9.360000e+00	-9.330000e+00	0.000000e+00	0.000000e+00	0.000000e+00
-9.330000e+00	-9.300000e+00	0.000000e+00	0.000000e+00	0.000000e+00
-9.300000e+00	-9.270000e+00	0.000000e+00	0.000000e+00	0.000000e+00
-9.270000e+00	-9.240000e+00	0.000000e+00	0.000000e+00	0.000000e+00
-9.240000e+00	-9.210000e+00	0.000000e+00	0.000000e+00	0.000000e+00
-9.210000e+00	-9.180000e+00	0.000000e+00	0.000000e+00	0.000000e+00
-9.180000e+00	-9.150000e+00	0.000000e+00	0.000000e+00	0.000000e+00
-9.150000e+00	-9.120000e+00	0.000000e+00	0.000000e+00	0.000000e+00
-9.120000e+00	-9.090000e+00	0.000000e+00	0.000000e+00	0.000000e+00
-9.090000e+00	-9.060000e+00	0.000000e+00	0.000000e+00	0.000000e+00
-9.060000e+00	-9.030000e+00	0.000000e+00	0.000000e+00	0.000000e+00
-9.030000e+00	-9.000000e+00	0.000000e+00	0.000000e+00	0.000000e+00
-9.000000e+00	-8.970000e+00	0.000000e+00	0.000000e+00	0.000000e+00
-8.970000e+00	-8.940000e+00	0.000000e+00	0.000000e+00	0.000000e+00
-8.940000e+00	-8.910000e+00	0.000000e+00	0.000000e+00	0.000000e+00
-8.910000e+00	-8.880000e+00	0.000000e+00	0.000000e+00	0.000000e+00
-8.880000e+00	-8.850000e+00	0.000000e+00	0.000000e+00	0.000000e+00
-8.850000e+00	-8.820000e+00	0.000000e+00	0.000000e+00	0.000000e+00
-8.820000e+00	-8.790000e+00	0.000000e+00	0.000000e+00	0.000000e+00
-8.790000e+00	-8.760000e+00	0.000000e+00	0.000000e+00	0.000000e+00
-8.760000e+00	-8.730000e+00	0.000000e+00	0.000000e+00	0.000000e+00
-8.730000e+00	-8.700000e+00	0.000000e+00	0.000000e+00	0.000000e+00
-8.700000e+00	-8.670000e+00	0.000000e+00	0.000000e+00	0.000000e+00
-8.670000e+00	-8.640000e+00	0.000000e+00	0.000000e+00	0.000000e+00
-8.640000e+00	-8.610000e+00	0.000000e+00	0.000000e+00	0.000000e+00
-8.610000e+00	-8.580000e+00	0.000000e+00	0.000000e+00	0.000000e+00
-8.580000e+00	-8.550000e+00	0.000000e+00	0.000000e+00	0.000000e+00
-8.550000e+00	-8.520000e+00	0.000000e+00	0.000000e+00	0.000000e+00
-8.520000e+00	-8.490000e+00	0.000000e+00	0.000000e+00	0.000000e+00
-8.490000e+00	-8.460000e+00	0.000000e+00	0.000000e+00	0.000000e+00
-8.460000e+00	-8.430000e+00	0.000000e+00	0.000000e+00	0.000000e+00
-8.430000e+00	-8.400000e+00	0.000000e+00	0.000000e+00	0.000000e+00
-8.400000e+00	-8.370000e+00	0.000000e+00	0.000000e+00	0.000000e+00
-8.370000e+00	-8.340000e+00	0.000000e+00	0.000000e+00	0.000000e+00
-8.340000e+00	-8.310000e+00	0.000000e+00	0.000000e+00	0.000000e+00
-8.310000e+00	-8.280000e+00	0.000000e+00	0.000000e+00	0.000000e+00
-8.280000e+00	-8.250000e+00	0.000000e+00	0.000000e+00	0.000000e+00
-8.250000e+00	-8.220000e+00	0.000000e+00	0.000000e+00	0.000000e+00
-8.220000e+00	-8.190000e+00	0.000000e+00	0.000000e+00	0.000000e+00
-8.190000e+00	-8.160000e+00	0.000000e+00	0.000000e+00	0.000000e+00
-8.160000e+00	-8.130000e+00	0.000000e+00	0.000000e+00	0.000000e+00
-8.130000e+00	-8.100000e+00	0.000000e+00	0.000000e+00	0.000000e+00
-8.100000e+00	-8.070000e+00	0.000000e+00	0.000000e+00	0.000000e+00
-8.070000e+00	-8.040000e+00	0.000000e+00	0.000000e+00	0.000000e+00
-8.040000e+00	-8.010000e+00	0.000000e+00	0.000000e+00	0.000000e+00
-8.010000e+00	-7.980000e+00	0.000000e+00	0.000000e+00	0.000000e+00
-7.980000e+00	-7.950000e+00	0.000000e+00	0.000000e+00	0.000000e+00
-7.950000e+00	-7.920000e+00	0.000000e+00	0.000000e+00	0.000000e+00
-7.920000e+00	-7.890000e+00	0.000000e+00	0.000000e+00	0.000000e+00
-7.890000e+00	-7.860000e+00	0.000000e+00	0.000000e+00	0.000000e+00
-7.860000e+00	-7.830000e+00	0.000000e+00	0.000000e+00	0.000000e+00
-7.830000e+00	-7.800000e+00	0.000000e+00	0.000000e+00	0.000000e+00
-7.800000e+00	-7.770000e+00	0.000000e+00	0.000000e+00	0.000000e+00
-7.770000e+00	-7.740000e+00	0.000000e+00	0.000000e+00	0.000000e+00
-7.740000e+00	-7.710000e+00	1.133000e-02	1.133000e-02	1.133000e-02
-7.710000e+00	-7.680000e+00	0.000000e+00	0.000000e+00	0.000000e+00
-7.680000e+00	-7.650000e+00	0.000000e+00	0.000000e+00	0.000000e+00
-7.650000e+00	-7.620000e+00	0.000000e+00	0.000000e+00	0.000000e+00
-7.620000e+00	-7.590000e+00	0.000000e+00	0.000000e+00	0.000000e+00
-7.590000e+00	-7.560000e+00	0.000000e+00	0.000000e+00	0.000000e+00
-7.560000e+00	-7.530000e+00	0.000000e+00	0.000000e+00	0.000000e+00
-7.530000e+00	-7.500000e+00	0.000000e+00	0.000000e+00	0.000000e+00
-7.500000e+00	-7.470000e+00	6.001753e-04	6.001753e-04	6.001753e-04
-7.470000e+00	-7.440000e+00	0.000000e+00	0.000000e+00	0.000000e+00
-7.440000e+00	-7.410000e+00	0.000000e+00	0.000000e+00	0.000000e+00
-7.410000e+00	-7.380000e+00	0.000000e+00	0.000000e+00	0.000000e+00
-7.380000e+00	-7.350000e+00	0.000000e+00	0.000000e+00	0.000000e+00
-7.350000e+00	-7.320000e+00	0.000000e+00	0.000000e+00	0.000000e+00
-7.320000e+00	-7.290000e+00	0.000000e+00	0.000000e+00	0.000000e+00
-7.290000e+00	-7.260000e+00	0.000000e+00	0.000000e+00	0.000000e+00
-7.260000e+00	-7.230000e+00	2.035424e-04	2.035424e-04	2.035424e-04
-7.230000e+00	-7.200000e+00	0.000000e+00	0.000000e+00	0.000000e+00
-7.200000e+00	-7.170000e+00	0.000000e+00	0.000000e+00	0.000000e+00
-7.170000e+00	-7.140000e+00	0.000000e+00	0.000000e+00	0.000000e+00
-7.140000e+00	-7.110000e+00	3.481060e-03	3.481061e-03	3.481061e-03
-7.110000e+00	-7.080000e+00	0.000000e+00	0.000000e+00	0.000000e+00
-7.080000e+00	-7.050000e+00	0.000000e+00	0.000000e+00	0.000000e+00
-7.050000e+00	-7.020000e+00	3.027460e-04	3.027460e-04	3.027460e-04
-7.020000e+00	-6.990000e+00	7.770567e-03	7.770568e-03	7.770568e-03
-6.990000e+00	-6.960000e+00	0.000000e+00	0.000000e+00	0.000000e+00
-6.960000e+00	-6.930000e+00	0.000000e+00	0.000000e+00	0.000000e+00
-6.930000e+00	-6.900000e+00	1.510150e-02	1.067906e-02	1.067906e-02
-6.900000e+00	-6.870000e+00	0.000000e+00	0.000000e+00	0.000000e+00
-6.870000e+00	-6.840000e+00	8.429637e-04	8.429636e-04	8.429636e-04
-6.840000e+00	-6.810000e+00	2.919450e-03	2.919450e-03	2.919450e-03
-6.810000e+00	-6.780000e+00	0.000000e+00	0.000000e+00	0.000000e+00
-6.780000e+00	-6.750000e+00	2.169394e-03	2.169394e-03	2.169394e-03
-6.750000e+00	-6.720000e+00	0.000000e+00	0.000000e+00	0.000000e+00
-6.720000e+00	-6.690000e+00	1.087699e-03	1.087698e-03	1.087698e-03
-6.690000e+00	-6.660000e+00	5.854293e-03	4.430235e-03	4.430235e-03
-6.660000e+00	-6.630000e+00	0.000000e+00	0.000000e+00	0.000000e+00
-6.630000e+00	-6.600000e+00	0.000000e+00	0.000000e+00	0.000000e+00
-6.600000e+00	-6.570000e+00	0.000000e+00	0.000000e+00	0.000000e+00
-6.570000e+00	-6.540000e+00	2.267261e-04	2.267261e-04	2.267261e-04
-6.540000e+00	-6.510000e+00	1.538631e-02	1.058130e-02	1.058130e-02
-6.510000e+00	-6.480000e+00	0.000000e+00	0.000000e+00	0.000000e+00
-6.480000e+00	-6.450000e+00	3.618423e-03	3.618422e-03	3.618422e-03
-6.450000e+00	-6.420000e+00	1.290247e-02	1.024865e-02	1.024865e-02
-6.420000e+00	-6.390000e+00	8.227620e-03	6.888170e-03	6.888170e-03
-6.390000e+00	-6.360000e+00	2.185244e-03	1.669820e-03	1.669820e-03
-6.360000e+00	-6.330000e+00	1.009048e-03	7.322066e-04	7.322066e-04
-6.330000e+00	-6.300000e+00	3.588803e-04	3.588802e-04	3.588802e-04
-6.300000e+00	-6.270000e+00	0.000000e+00	0.000000e+00	0.000000e+00
-6.270000e+00	-6.240000e+00	8.503013e-03	8.503012e-03	8.503012e-03
-6.240000e+00	-6.210000e+00	0.000000e+00	0.000000e+00	0.000000e+00
-6.210000e+00	-6.180000e+00	1.037179e-02	7.643354e-03	7.643354e-03
-6.180000e+00	-6.150000e+00	2.610673e-02	2.102208e-02	2.102208e-02
-6.150000e+00	-6.120000e+00	2.737181e-02	2.471294e-02	2.471294e-02
-6.120000e+00	-6.090000e+00	1.822496e-03	1.822496e-03	1.822496e-03
-6.090000e+00	-6.060000e+00	1.298856e-03	1.298856e-03	1.298856e-03
-6.060000e+00	-6.030000e+00	3.481473e-02	2.231326e-02	2.231326e-02
-6.030000e+00	-6.000000e+00	3.325089e-02	3.301795e-02	3.301795e-02
-6.000000e+00	-5.970000e+00	2.057753e-03	2.057753e-03	2.057753e-03
-5.970000e+00	-5.940000e+00	7.794943e-03	7.794944e-03	7.794944e-03
-5.940000e+00	-5.910000e+00	3.431400e-04	3.431401e-04	3.431401e-04
-5.910000e+00	-5.880000e+00	1.270814e-04	1.270814e-04	1.270814e-04
-5.880000e+00	-5.850000e+00	1.179073e-02	1.179073e-02	1.179073e-02
-5.850000e+00	-5.820000e+00	5.805070e-02	3.181788e-02	3.181788e-02
-5.820000e+00	-5.790000e+00	4.178160e-03	2.231326e-03	2.231326e-03
-5.790000e+00	-5.760000e+00	2.149289e-02	1.332004e-02	1.332004e-02
-5.760000e+00	-5.730000e+00	4.802877e-02	2.759458e-02	2.759458e-02
-5.730000e+00	-5.700000e+00	6.490393e-02	4.054426e-02	4.054426e-02
-5.700000e+00	-5.670000e+00	1.493753e-02	1.361592e-02	1.361592e-02
-5.670000e+00	-5.640000e+00	4.098100e-02	3.297895e-02	3.297895e-02
-5.640000e+00	-5.610000e+00	5.942937e-02	4.329425e-02	4.329425e-02
-5.610000e+00	-5.580000e+00	3.373473e-02	2.306678e-02	2.306678e-02
-5.580000e+00	-5.550000e+00	2.567368e-02	2.204739e-02	2.204739e-02
-5.550000e+00	-5.520000e+00	5.219623e-02	4.104496e-02	4.104496e-02
-5.520000e+00	-5.490000e+00	6.110610e-02	4.378915e-02	4.378915e-02
-5.490000e+00	-5.460000e+00	4.389370e-02	3.000512e-02	3.000512e-02
-5.460000e+00	-5.430000e+00	1.611203e-02	1.279418e-02	1.279418e-02
-5.430000e+00	-5.400000e+00	3.406923e-02	2.114771e-02	2.114771e-02
-5.400000e+00	-5.370000e+00	2.088922e-02	1.801546e-02	1.801546e-02
-5.370000e+00	-5.340000e+00	8.872113e-02	5.266395e-02	5.266395e-02
-5.340000e+00	-5.310000e+00	7.527110e-02	3.358182e-02	3.358182e-02
-5.310000e+00	-5.280000e+00	2.652987e-02	1.255256e-02	1.255256e-02
-5.280000e+00	-5.250000e+00	2.565775e-02	2.061781e-02	2.061781e-02
-5.250000e+00	-5.220000e+00	2.967800e-02	1.481925e-02	1.481925e-02
-5.220000e+00	-5.190000e+00	3.847930e-02	1.631006e-02	1.631006e-02
-5.190000e+00	-5.160000e+00	6.208163e-02	4.058462e-02	4.058462e-02
-5.160000e+00	-5.130000e+00	8.349730e-02	3.789500e-02	3.789500e-02
-5.130000e+00	-5.100000e+00	1.433919e-01	6.096493e-02	6.096493e-02
-5.100000e+00	-5.070000e+00	1.355446e-01	6.675621e-02	6.675621e-02
-5.070000e+00	-5.040000e+00	7.523807e-02	4.962803e-02	4.962803e-02
-5.040000e+00	-5.010000e+00	6.689183e-02	3.592702e-02	3.592702e-02
-5.010000e+00	-4.980000e+00	9.326483e-02	3.708793e-02	3.708793e-02
-4.980000e+00	-4.950000e+00	3.690810e-02	1.714721e-02	1.714721e-02
-4.950000e+00	-4.920000e+00	1.350580e-01	6.327280e-02	6.327280e-02
-4.920000e+00	-4.890000e+00	1.503669e-01	5.514386e-02	5.514386e-02
-4.890000e+00	-4.860000e+00	3.054147e-02	2.140567e-02	2.140567e-02
-4.860000e+00	-4.830000e+00	1.160182e-01	4.708394e-02	4.708394e-02
-4.830000e+00	-4.800000e+00	1.004642e-01	6.478096e-02	6.478096e-02
-4.800000e+00	-4.770000e+00	1.659615e-01	6.133587e-02	6.133587e-02
-4.770000e+00	-4.740000e+00	1.781127e-01	6.121751e-02	6.121751e-02
-4.740000e+00	-4.710000e+00	1.012036e-01	4.320392e-02	4.320392e-02
-4.710000e+00	-4.680000e+00	1.309606e-01	5.037495e-02	5.037495e-02
-4.680000e+00	-4.650000e+00	1.417796e-01	4.191697e-02	4.191697e-02
-4.650000e+00	-4.620000e+00	2.478351e-01	8.661445e-02	8.661445e-02
-4.620000e+00	-4.590000e+00	3.098376e-01	1.012570e-01	1.012570e-01
-4.590000e+00	-4.560000e+00	1.647185e-01	4.986834e-02	4.986834e-02
-4.560000e+00	-4.530000e+00	3.768723e-01	1.926141e-01	1.926141e-01
-4.530000e+00	-4.500000e+00	1.272409e-01	5.528118e-02	5.528118e-02
-4.500000e+00	-4.470000e+00	2.640006e-01	8.240804e-02	8.240804e-02
-4.470000e+00	-4.440000e+00	2.720857e-01	9.301957e-02	9.301957e-02
-4.440000e+00	-4.410000e+00	3.921790e-01	1.407691e-01	1.407691e-01
-4.410000e+00	-4.380000e+00	2.261974e-01	9.897413e-02	9.897413e-02
-4.380000e+00	-4.350000e+00	1.559093e-01	5.593761e-02	5.593761e-02
-4.350000e+00	-4.320000e+00	3.698957e-01	1.131300e-01	1.131300e-01
-4.320000e+00	-4.290000e+00	3.896720e-01	1.255190e-01	1.255190e-01
-4.290000e+00	-4.260000e+00	2.582156e-01	9.533678e-02	9.533678e-02
-4.260000e+00	-4.230000e+00	1.312456e-01	5.325823e-02	5.325823e-02
-4.230000e+00	-4.200000e+00	3.434973e-01	1.037361e-01	1.037361e-01
-4.200000e+00	-4.170000e+00	2.439298e-01	9.055107e-02	9.055107e-02
-4.170000e+00	-4.140000e+00	3.009617e-01	9.272007e-02	9.272007e-02
-4.140000e+00	-4.110000e+00	2.796839e-01	1.048646e-01	1.048646e-01
-4.110000e+00	-4.080000e+00	1.694554e-01	6.127538e-02	6.127538e-02
-4.080000e+00	-4.050000e+00	3.262972e-01	1.090305e-01	1.090305e-01
-4.050000e+00	-4.020000e+00	1.625285e-01	7.157538e-02	7.157538e-02
-4.020000e+00	-3.990000e+00	1.008068e-01	3.805187e-02	3.805187e-02
-3.990000e+00	-3.960000e+00	1.733751e-01	6.991731e-02	6.991731e-02
-3.960000e+00	-3.930000e+00	2.465778e-01	1.034925e-01	1.034925e-01
-3.930000e+00	-3.900000e+00	1.822259e-01	7.686613e-02	7.686613e-02
-3.900000e+00	-3.870000e+00	3.353500e-01	1.019872e-01	1.019872e-01
-3.870000e+00	-3.840000e+00	1.778558e-01	7.253887e-02	7.253887e-02
-3.840000e+00	-3.810000e+00	3.393570e-01	9.186583e-02	9.186583e-02
-3.810000e+00	-3.780000e+00	1.570210e-01	6.796985e-02	6.796985e-02
-3.780000e+00	-3.750000e+00	1.886208e-01	8.243466e-02	8.243466e-02
-3.750000e+00	-3.720000e+00	4.190220e-01	1.301357e-01	1.301357e-01
-3.720000e+00	-3.690000e+00	2.718872e-01	8.454203e-02	8.454203e-02
-3.690000e+00	-3.660000e+00	1.583322e-01	7.219935e-02	7.219935e-02
-3.660000e+00	-3.630000e+00	8.894893e-02	4.476214e-02	4.476214e-02
-3.630000e+00	-3.600000e+00	8.198420e-01	6.190599e-01	6.190599e-01
-3.600000e+00	-3.570000e+00	4.378093e-02	2.083111e-02	2.083111e-02
-3.570000e+00	-3.540000e+00	1.259235e-01	5.779800e-02	5.779800e-02
-3.540000e+00	-3.510000e+00	2.276956e-01	8.774363e-02	8.774363e-02
-3.510000e+00	-3.480000e+00	1.389000e-01	5.755528e-02	5.755528e-02
-3.480000e+00	-3.450000e+00	1.078140e-01	5.187725e-02	5.187725e-02
-3.450000e+00	-3.420000e+00	1.106759e-01	4.093962e-02	4.093962e-02
-3.420000e+00	-3.390000e+00	1.813430e-01	7.142713e-02	7.142713e-02
-3.390000e+00	-3.360000e+00	1.717142e-01	6.694865e-02	6.694865e-02
-3.360000e+00	-3.330000e+00	1.173637e-01	5.236764e-02	5.236764e-02
-3.330000e+00	-3.300000e+00	3.895267e-01	3.091358e-01	3.091358e-01
-3.300000e+00	-3.270000e+00	2.342553e-02	1.077076e-02	1.077076e-02
-3.270000e+00	-3.240000e+00	1.528817e-01	8.111551e-02	8.111551e-02
-3.240000e+00	-3.210000e+00	1.900692e-01	7.815314e-02	7.815314e-02
-3.210000e+00	-3.180000e+00	1.933733e-01	7.375731e-02	7.375731e-02
-3.180000e+00	-3.150000e+00	7.961783e-02	4.276014e-02	4.276014e-02
-3.150000e+00	-3.120000e+00	2.359339e-01	8.765530e-02	8.765530e-02
-3.120000e+00	-3.090000e+00	2.565350e-01	9.208868e-02	9.208868e-02
-3.090000e+00	-3.060000e+00	1.239270e-01	4.683005e-02	4.683005e-02
-3.060000e+00	-3.030000e+00	2.201024e-01	9.621318e-02	9.621318e-02
-3.030000e+00	-3.000000e+00	9.909300e-02	6.020321e-02	6.020321e-02
-3.000000e+00	-2.970000e+00	8.200500e-02	4.621083e-02	4.621083e-02
-2.970000e+00	-2.940000e+00	2.191143e-01	8.116826e-02	8.116826e-02
-2.940000e+00	-2.910000e+00	1.396739e-01	4.797417e-02	4.797417e-02
-2.910000e+00	-2.880000e+00	1.825461e-01	7.421881e-02	7.421881e-02
-2.880000e+00	-2.850000e+00	9.161640e-02	3.847393e-02	3.847393e-02
-2.850000e+00	-2.820000e+00	9.103263e-02	5.263687e-02	5.263687e-02
-2.820000e+00	-2.790000e+00	1.105824e+00	1.062464e+00	1.062464e+00
-2.790000e+00	-2.760000e+00	1.720382e-01	7.158062e-02	7.158062e-02
-2.760000e+00	-2.730000e+00	7.502837e-02	3.559850e-02	3.559850e-02
-2.730000e+00	-2.700000e+00	1.136757e-01	4.903464e-02	4.903464e-02
-2.700000e+00	-2.670000e+00	2.013832e-01	8.064265e-02	8.064265e-02
-2.670000e+00	-2.640000e+00	1.825147e-01	6.936562e-02	6.936562e-02
-2.640000e+00	-2.610000e+00	2.042632e-01	8.577355e-02	8.577355e-02
-2.610000e+00	-2.580000e+00	2.917326e-02	1.837904e-02	1.837904e-02
-2.580000e+00	-2.550000e+00	1.311891e-01	6.258045e-02	6.258045e-02
-2.550000e+00	-2.520000e+00	8.804237e-02	3.973217e-02	3.973217e-02
-2.520000e+00	-2.490000e+00	2.562624e-01	1.094399e-01	1.094399e-01
-2.490000e+00	-2.460000e+00	2.057335e-01	8.028990e-02	8.028990e-02
-2.460000e+00	-2.430000e+00	2.274345e-01	9.144693e-02	9.144693e-02
-2.430000e+00	-2.400000e+00	5.444590e-02	2.904595e-02	2.904595e-02
-2.400000e+00	-2.370000e+00	9.796073e-02	3.854733e-02	3.854733e-02
-2.370000e+00	-2.340000e+00	1.989578e-01	7.586144e-02	7.586144e-02
-2.340000e+00	-2.310000e+00	2.037786e-01	6.912524e-02	6.912524e-02
-2.310000e+00	-2.280000e+00	8.385590e-02	4.880700e-02	4.880700e-02
-2.280000e+00	-2.250000e+00	8.132233e-02	5.617197e-02	5.617197e-02
-2.250000e+00	-2.220000e+00	1.671494e-01	7.359974e-02	7.359974e-02
-2.220000e+00	-2.190000e+00	1.365257e-01	5.840012e-02	5.840012e-02
-2.190000e+00	-2.160000e+00	1.501246e-01	7.064781e-02	7.064781e-02
-2.160000e+00	-2.130000e+00	9.525190e-02	4.643276e-02	4.643276e-02
-2.130000e+00	-2.100000e+00	2.463194e-01	9.653458e-02	9.653458e-02
-2.100000e+00	-2.070000e+00	2.825863e-01	9.388613e-02	9.388613e-02
-2.070000e+00	-2.040000e+00	1.656701e-01	6.467032e-02	6.467032e-02
-2.040000e+00	-2.010000e+00	9.497570e-02	3.983159e-02	3.983159e-02
-2.010000e+00	-1.980000e+00	4.742083e-02	2.757695e-02	2.757695e-02
-1.980000e+00	-1.950000e+00	1.114629e-01	5.378077e-02	5.378077e-02
-1.950000e+00	-1.920000e+00	1.807517e-01	6.851516e-02	6.851516e-02
-1.920000e+00	-1.890000e+00	7.304780e+00	7.079550e+00	7.079550e+00
-1.890000e+00	-1.860000e+00	7.083797e-02	3.237031e-02	3.237031e-02
-1.860000e+00	-1.830000e+00	1.687036e-01	7.023690e-02	7.023690e-02
-1.830000e+00	-1.800000e+00	1.206646e-01	5.944659e-02	5.944659e-02
-1.800000e+00	-1.770000e+00	1.792765e-01	6.826638e-02	6.826638e-02
-1.770000e+00	-1.740000e+00	1.185826e-01	7.296839e-02	7.296839e-02
-1.740000e+00	-1.710000e+00	1.318126e-01	6.700022e-02	6.700022e-02
-1.710000e+00	-1.680000e+00	1.004445e-01	5.233045e-02	5.233045e-02
-1.680000e+00	-1.650000e+00	1.851322e-01	8.233917e-02	8.233917e-02
-1.650000e+00	-1.620000e+00	1.632835e-01	7.278617e-02	7.278617e-02
-1.620000e+00	-1.590000e+00	1.559881e-01	5.839117e-02	5.839117e-02
-1.590000e+00	-1.560000e+00	9.529660e-02	5.510821e-02	5.510821e-02
-1.560000e+00	-1.530000e+00	2.102228e-01	7.021949e-02	7.021949e-02
-1.530000e+00	-1.500000e+00	3.553510e-01	1.259681e-01	1.259681e-01
-1.500000e+00	-1.470000e+00	1.640983e-01	7.091875e-02	7.091875e-02
-1.470000e+00	-1.440000e+00	6.322167e-02	4.211453e-02	4.211453e-02
-1.440000e+00	-1.410000e+00	1.968365e-01	8.550845e-02	8.550845e-02
-1.410000e+00	-1.380000e+00	2.326667e-02	1.425295e-02	1.425295e-02
-1.380000e+00	-1.350000e+00	1.168415e-02	7.163829e-03	7.163829e-03
-1.350000e+00	-1.320000e+00	6.277207e-02	3.119729e-02	3.119729e-02
-1.320000e+00	-1.290000e+00	1.290800e-01	7.333551e-02	7.333551e-02
-1.290000e+00	-1.260000e+00	1.518903e-01	7.808150e-02	7.808150e-02
-1.260000e+00	-1.230000e+00	6.496687e-02	3.142689e-02	3.142689e-02
-1.230000e+00	-1.200000e+00	5.566253e-02	3.056229e-02	3.056229e-02
-1.200000e+00	-1.170000e+00	3.046774e-01	2.429964e-01	2.429964e-01
-1.170000e+00	-1.140000e+00	5.289817e-02	4.297327e-02	4.297327e-02
-1.140000e+00	-1.110000e+00	9.991093e-03	6.675750e-03	6.675750e-03
-1.110000e+00	-1.080000e+00	1.795680e-02	9.688818e-03	9.688818e-03
-1.080000e+00	-1.050000e+00	3.136162e-02	1.797832e-02	1.797832e-02
-1.050000e+00	-1.020000e+00	1.081170e-01	6.482751e-02	6.482751e-02
-1.020000e+00	-9.900000e-01	1.027285e-01	6.001317e-02	6.001317e-02
-9.900000e-01	-9.600000e-01	1.251844e-01	6.838830e-02	6.838830e-02
-9.600000e-01	-9.300000e-01	0.000000e+00	0.000000e+00	0.000000e+00
-9.300000e-01	-9.000000e-01	1.286355e-01	5.553974e-02	5.553974e-02
-9.000000e-01	-8.700000e-01	1.111220e-01	8.039233e-02	8.039233e-02
-8.700000e-01	-8.400000e-01	4.046123e-02	3.776063e-02	3.776063e-02
-8.400000e-01	-8.100000e-01	1.106882e-01	6.954806e-02	6.954806e-02
-8.100000e-01	-7.800000e-01	5.589977e-02	3.457705e-02	3.457705e-02
-7.800000e-01	-7.500000e-01	4.738643e-02	3.049724e-02	3.049724e-02
-7.500000e-01	-7.200000e-01	2.321446e-02	2.321446e-02	2.321446e-02
-7.200000e-01	-6.900000e-01	4.733750e-02	4.085198e-02	4.085198e-02
-6.900000e-01	-6.600000e-01	2.206417e-03	2.206417e-03	2.206417e-03
-6.600000e-01	-6.300000e-01	0.000000e+00	0.000000e+00	0.000000e+00
-6.300000e-01	-6.000000e-01	0.000000e+00	0.000000e+00	0.000000e+00
-6.000000e-01	-5.700000e-01	0.000000e+00	0.000000e+00	0.000000e+00
-5.700000e-01	-5.400000e-01	1.364737e-02	9.779844e-03	9.779844e-03
-5.400000e-01	-5.100000e-01	0.000000e+00	0.000000e+00	0.000000e+00
-5.100000e-01	-4.800000e-01	0.000000e+00	0.000000e+00	0.000000e+00
-4.800000e-01	-4.500000e-01	0.000000e+00	0.000000e+00	0.000000e+00
-4.500000e-01	-4.200000e-01	0.000000e+00	0.000000e+00	0.000000e+00
-4.200000e-01	-3.900000e-01	0.000000e+00	0.000000e+00	0.000000e+00
-3.900000e-01	-3.600000e-01	2.905865e-02	2.905865e-02	2.905865e-02
-3.600000e-01	-3.300000e-01	0.000000e+00	0.000000e+00	0.000000e+00
-3.300000e-01	-3.000000e-01	0.000000e+00	0.000000e+00	0.000000e+00
-3.000000e-01	-2.700000e-01	0.000000e+00	0.000000e+00	0.000000e+00
-2.700000e-01	-2.400000e-01	0.000000e+00	0.000000e+00	0.000000e+00
-2.400000e-01	-2.100000e-01	0.000000e+00	0.000000e+00	0.000000e+00
-2.100000e-01	-1.800000e-01	0.000000e+00	0.000000e+00	0.000000e+00
-1.800000e-01	-1.500000e-01	0.000000e+00	0.000000e+00	0.000000e+00
-1.500000e-01	-1.200000e-01	0.000000e+00	0.000000e+00	0.000000e+00
-1.200000e-01	-9.000000e-02	0.000000e+00	0.000000e+00	0.000000e+00
-9.000000e-02	-6.000000e-02	0.000000e+00	0.000000e+00	0.000000e+00
-6.000000e-02	-3.000000e-02	0.000000e+00	0.000000e+00	0.000000e+00
-3.000000e-02	0.000000e+00	0.000000e+00	0.000000e+00	0.000000e+00
# END HISTO1D

# BEGIN HISTO1D //afs/cern.ch/user/d/dkar/lh2015-qg/Vincia-2001/lhc/hadron/zjet_born.yoda/MC_LHQG_Zjet/log_mMDT_GA_10_10_Q400_R4
LineColor=blue
LineStyle=solid
Path=//afs/cern.ch/user/d/dkar/lh2015-qg/Vincia-2001/lhc/hadron/zjet_born.yoda/MC_LHQG_Zjet/log_mMDT_GA_10_10_Q400_R4
Title=zjet_born
XLabel=
YLabel=
# xlow	 xhigh	 val	 errminus	 errplus
-1.500000e+01	-1.497000e+01	0.000000e+00	0.000000e+00	0.000000e+00
-1.497000e+01	-1.494000e+01	0.000000e+00	0.000000e+00	0.000000e+00
-1.494000e+01	-1.491000e+01	0.000000e+00	0.000000e+00	0.000000e+00
-1.491000e+01	-1.488000e+01	0.000000e+00	0.000000e+00	0.000000e+00
-1.488000e+01	-1.485000e+01	0.000000e+00	0.000000e+00	0.000000e+00
-1.485000e+01	-1.482000e+01	0.000000e+00	0.000000e+00	0.000000e+00
-1.482000e+01	-1.479000e+01	0.000000e+00	0.000000e+00	0.000000e+00
-1.479000e+01	-1.476000e+01	0.000000e+00	0.000000e+00	0.000000e+00
-1.476000e+01	-1.473000e+01	0.000000e+00	0.000000e+00	0.000000e+00
-1.473000e+01	-1.470000e+01	0.000000e+00	0.000000e+00	0.000000e+00
-1.470000e+01	-1.467000e+01	0.000000e+00	0.000000e+00	0.000000e+00
-1.467000e+01	-1.464000e+01	0.000000e+00	0.000000e+00	0.000000e+00
-1.464000e+01	-1.461000e+01	0.000000e+00	0.000000e+00	0.000000e+00
-1.461000e+01	-1.458000e+01	0.000000e+00	0.000000e+00	0.000000e+00
-1.458000e+01	-1.455000e+01	0.000000e+00	0.000000e+00	0.000000e+00
-1.455000e+01	-1.452000e+01	0.000000e+00	0.000000e+00	0.000000e+00
-1.452000e+01	-1.449000e+01	0.000000e+00	0.000000e+00	0.000000e+00
-1.449000e+01	-1.446000e+01	0.000000e+00	0.000000e+00	0.000000e+00
-1.446000e+01	-1.443000e+01	0.000000e+00	0.000000e+00	0.000000e+00
-1.443000e+01	-1.440000e+01	0.000000e+00	0.000000e+00	0.000000e+00
-1.440000e+01	-1.437000e+01	0.000000e+00	0.000000e+00	0.000000e+00
-1.437000e+01	-1.434000e+01	0.000000e+00	0.000000e+00	0.000000e+00
-1.434000e+01	-1.431000e+01	0.000000e+00	0.000000e+00	0.000000e+00
-1.431000e+01	-1.428000e+01	0.000000e+00	0.000000e+00	0.000000e+00
-1.428000e+01	-1.425000e+01	0.000000e+00	0.000000e+00	0.000000e+00
-1.425000e+01	-1.422000e+01	0.000000e+00	0.000000e+00	0.000000e+00
-1.422000e+01	-1.419000e+01	0.000000e+00	0.000000e+00	0.000000e+00
-1.419000e+01	-1.416000e+01	0.000000e+00	0.000000e+00	0.000000e+00
-1.416000e+01	-1.413000e+01	0.000000e+00	0.000000e+00	0.000000e+00
-1.413000e+01	-1.410000e+01	0.000000e+00	0.000000e+00	0.000000e+00
-1.410000e+01	-1.407000e+01	0.000000e+00	0.000000e+00	0.000000e+00
-1.407000e+01	-1.404000e+01	0.000000e+00	0.000000e+00	0.000000e+00
-1.404000e+01	-1.401000e+01	0.000000e+00	0.000000e+00	0.000000e+00
-1.401000e+01	-1.398000e+01	0.000000e+00	0.000000e+00	0.000000e+00
-1.398000e+01	-1.395000e+01	0.000000e+00	0.000000e+00	0.000000e+00
-1.395000e+01	-1.392000e+01	0.000000e+00	0.000000e+00	0.000000e+00
-1.392000e+01	-1.389000e+01	0.000000e+00	0.000000e+00	0.000000e+00
-1.389000e+01	-1.386000e+01	0.000000e+00	0.000000e+00	0.000000e+00
-1.386000e+01	-1.383000e+01	0.000000e+00	0.000000e+00	0.000000e+00
-1.383000e+01	-1.380000e+01	0.000000e+00	0.000000e+00	0.000000e+00
-1.380000e+01	-1.377000e+01	0.000000e+00	0.000000e+00	0.000000e+00
-1.377000e+01	-1.374000e+01	0.000000e+00	0.000000e+00	0.000000e+00
-1.374000e+01	-1.371000e+01	0.000000e+00	0.000000e+00	0.000000e+00
-1.371000e+01	-1.368000e+01	0.000000e+00	0.000000e+00	0.000000e+00
-1.368000e+01	-1.365000e+01	0.000000e+00	0.000000e+00	0.000000e+00
-1.365000e+01	-1.362000e+01	0.000000e+00	0.000000e+00	0.000000e+00
-1.362000e+01	-1.359000e+01	0.000000e+00	0.000000e+00	0.000000e+00
-1.359000e+01	-1.356000e+01	0.000000e+00	0.000000e+00	0.000000e+00
-1.356000e+01	-1.353000e+01	0.000000e+00	0.000000e+00	0.000000e+00
-1.353000e+01	-1.350000e+01	0.000000e+00	0.000000e+00	0.000000e+00
-1.350000e+01	-1.347000e+01	0.000000e+00	0.000000e+00	0.000000e+00
-1.347000e+01	-1.344000e+01	0.000000e+00	0.000000e+00	0.000000e+00
-1.344000e+01	-1.341000e+01	0.000000e+00	0.000000e+00	0.000000e+00
-1.341000e+01	-1.338000e+01	0.000000e+00	0.000000e+00	0.000000e+00
-1.338000e+01	-1.335000e+01	0.000000e+00	0.000000e+00	0.000000e+00
-1.335000e+01	-1.332000e+01	0.000000e+00	0.000000e+00	0.000000e+00
-1.332000e+01	-1.329000e+01	0.000000e+00	0.000000e+00	0.000000e+00
-1.329000e+01	-1.326000e+01	0.000000e+00	0.000000e+00	0.000000e+00
-1.326000e+01	-1.323000e+01	0.000000e+00	0.000000e+00	0.000000e+00
-1.323000e+01	-1.320000e+01	0.000000e+00	0.000000e+00	0.000000e+00
-1.320000e+01	-1.317000e+01	0.000000e+00	0.000000e+00	0.000000e+00
-1.317000e+01	-1.314000e+01	0.000000e+00	0.000000e+00	0.000000e+00
-1.314000e+01	-1.311000e+01	0.000000e+00	0.000000e+00	0.000000e+00
-1.311000e+01	-1.308000e+01	0.000000e+00	0.000000e+00	0.000000e+00
-1.308000e+01	-1.305000e+01	0.000000e+00	0.000000e+00	0.000000e+00
-1.305000e+01	-1.302000e+01	0.000000e+00	0.000000e+00	0.000000e+00
-1.302000e+01	-1.299000e+01	0.000000e+00	0.000000e+00	0.000000e+00
-1.299000e+01	-1.296000e+01	0.000000e+00	0.000000e+00	0.000000e+00
-1.296000e+01	-1.293000e+01	0.000000e+00	0.000000e+00	0.000000e+00
-1.293000e+01	-1.290000e+01	0.000000e+00	0.000000e+00	0.000000e+00
-1.290000e+01	-1.287000e+01	0.000000e+00	0.000000e+00	0.000000e+00
-1.287000e+01	-1.284000e+01	0.000000e+00	0.000000e+00	0.000000e+00
-1.284000e+01	-1.281000e+01	0.000000e+00	0.000000e+00	0.000000e+00
-1.281000e+01	-1.278000e+01	0.000000e+00	0.000000e+00	0.000000e+00
-1.278000e+01	-1.275000e+01	0.000000e+00	0.000000e+00	0.000000e+00
-1.275000e+01	-1.272000e+01	0.000000e+00	0.000000e+00	0.000000e+00
-1.272000e+01	-1.269000e+01	0.000000e+00	0.000000e+00	0.000000e+00
-1.269000e+01	-1.266000e+01	0.000000e+00	0.000000e+00	0.000000e+00
-1.266000e+01	-1.263000e+01	0.000000e+00	0.000000e+00	0.000000e+00
-1.263000e+01	-1.260000e+01	0.000000e+00	0.000000e+00	0.000000e+00
-1.260000e+01	-1.257000e+01	0.000000e+00	0.000000e+00	0.000000e+00
-1.257000e+01	-1.254000e+01	0.000000e+00	0.000000e+00	0.000000e+00
-1.254000e+01	-1.251000e+01	0.000000e+00	0.000000e+00	0.000000e+00
-1.251000e+01	-1.248000e+01	0.000000e+00	0.000000e+00	0.000000e+00
-1.248000e+01	-1.245000e+01	0.000000e+00	0.000000e+00	0.000000e+00
-1.245000e+01	-1.242000e+01	0.000000e+00	0.000000e+00	0.000000e+00
-1.242000e+01	-1.239000e+01	0.000000e+00	0.000000e+00	0.000000e+00
-1.239000e+01	-1.236000e+01	0.000000e+00	0.000000e+00	0.000000e+00
-1.236000e+01	-1.233000e+01	0.000000e+00	0.000000e+00	0.000000e+00
-1.233000e+01	-1.230000e+01	0.000000e+00	0.000000e+00	0.000000e+00
-1.230000e+01	-1.227000e+01	0.000000e+00	0.000000e+00	0.000000e+00
-1.227000e+01	-1.224000e+01	0.000000e+00	0.000000e+00	0.000000e+00
-1.224000e+01	-1.221000e+01	0.000000e+00	0.000000e+00	0.000000e+00
-1.221000e+01	-1.218000e+01	0.000000e+00	0.000000e+00	0.000000e+00
-1.218000e+01	-1.215000e+01	0.000000e+00	0.000000e+00	0.000000e+00
-1.215000e+01	-1.212000e+01	0.000000e+00	0.000000e+00	0.000000e+00
-1.212000e+01	-1.209000e+01	0.000000e+00	0.000000e+00	0.000000e+00
-1.209000e+01	-1.206000e+01	0.000000e+00	0.000000e+00	0.000000e+00
-1.206000e+01	-1.203000e+01	0.000000e+00	0.000000e+00	0.000000e+00
-1.203000e+01	-1.200000e+01	0.000000e+00	0.000000e+00	0.000000e+00
-1.200000e+01	-1.197000e+01	0.000000e+00	0.000000e+00	0.000000e+00
-1.197000e+01	-1.194000e+01	0.000000e+00	0.000000e+00	0.000000e+00
-1.194000e+01	-1.191000e+01	0.000000e+00	0.000000e+00	0.000000e+00
-1.191000e+01	-1.188000e+01	0.000000e+00	0.000000e+00	0.000000e+00
-1.188000e+01	-1.185000e+01	0.000000e+00	0.000000e+00	0.000000e+00
-1.185000e+01	-1.182000e+01	0.000000e+00	0.000000e+00	0.000000e+00
-1.182000e+01	-1.179000e+01	0.000000e+00	0.000000e+00	0.000000e+00
-1.179000e+01	-1.176000e+01	0.000000e+00	0.000000e+00	0.000000e+00
-1.176000e+01	-1.173000e+01	0.000000e+00	0.000000e+00	0.000000e+00
-1.173000e+01	-1.170000e+01	0.000000e+00	0.000000e+00	0.000000e+00
-1.170000e+01	-1.167000e+01	0.000000e+00	0.000000e+00	0.000000e+00
-1.167000e+01	-1.164000e+01	0.000000e+00	0.000000e+00	0.000000e+00
-1.164000e+01	-1.161000e+01	0.000000e+00	0.000000e+00	0.000000e+00
-1.161000e+01	-1.158000e+01	0.000000e+00	0.000000e+00	0.000000e+00
-1.158000e+01	-1.155000e+01	0.000000e+00	0.000000e+00	0.000000e+00
-1.155000e+01	-1.152000e+01	0.000000e+00	0.000000e+00	0.000000e+00
-1.152000e+01	-1.149000e+01	0.000000e+00	0.000000e+00	0.000000e+00
-1.149000e+01	-1.146000e+01	0.000000e+00	0.000000e+00	0.000000e+00
-1.146000e+01	-1.143000e+01	0.000000e+00	0.000000e+00	0.000000e+00
-1.143000e+01	-1.140000e+01	0.000000e+00	0.000000e+00	0.000000e+00
-1.140000e+01	-1.137000e+01	0.000000e+00	0.000000e+00	0.000000e+00
-1.137000e+01	-1.134000e+01	0.000000e+00	0.000000e+00	0.000000e+00
-1.134000e+01	-1.131000e+01	0.000000e+00	0.000000e+00	0.000000e+00
-1.131000e+01	-1.128000e+01	0.000000e+00	0.000000e+00	0.000000e+00
-1.128000e+01	-1.125000e+01	0.000000e+00	0.000000e+00	0.000000e+00
-1.125000e+01	-1.122000e+01	0.000000e+00	0.000000e+00	0.000000e+00
-1.122000e+01	-1.119000e+01	0.000000e+00	0.000000e+00	0.000000e+00
-1.119000e+01	-1.116000e+01	0.000000e+00	0.000000e+00	0.000000e+00
-1.116000e+01	-1.113000e+01	0.000000e+00	0.000000e+00	0.000000e+00
-1.113000e+01	-1.110000e+01	0.000000e+00	0.000000e+00	0.000000e+00
-1.110000e+01	-1.107000e+01	0.000000e+00	0.000000e+00	0.000000e+00
-1.107000e+01	-1.104000e+01	0.000000e+00	0.000000e+00	0.000000e+00
-1.104000e+01	-1.101000e+01	0.000000e+00	0.000000e+00	0.000000e+00
-1.101000e+01	-1.098000e+01	0.000000e+00	0.000000e+00	0.000000e+00
-1.098000e+01	-1.095000e+01	0.000000e+00	0.000000e+00	0.000000e+00
-1.095000e+01	-1.092000e+01	0.000000e+00	0.000000e+00	0.000000e+00
-1.092000e+01	-1.089000e+01	0.000000e+00	0.000000e+00	0.000000e+00
-1.089000e+01	-1.086000e+01	0.000000e+00	0.000000e+00	0.000000e+00
-1.086000e+01	-1.083000e+01	0.000000e+00	0.000000e+00	0.000000e+00
-1.083000e+01	-1.080000e+01	0.000000e+00	0.000000e+00	0.000000e+00
-1.080000e+01	-1.077000e+01	0.000000e+00	0.000000e+00	0.000000e+00
-1.077000e+01	-1.074000e+01	0.000000e+00	0.000000e+00	0.000000e+00
-1.074000e+01	-1.071000e+01	0.000000e+00	0.000000e+00	0.000000e+00
-1.071000e+01	-1.068000e+01	0.000000e+00	0.000000e+00	0.000000e+00
-1.068000e+01	-1.065000e+01	0.000000e+00	0.000000e+00	0.000000e+00
-1.065000e+01	-1.062000e+01	0.000000e+00	0.000000e+00	0.000000e+00
-1.062000e+01	-1.059000e+01	0.000000e+00	0.000000e+00	0.000000e+00
-1.059000e+01	-1.056000e+01	0.000000e+00	0.000000e+00	0.000000e+00
-1.056000e+01	-1.053000e+01	0.000000e+00	0.000000e+00	0.000000e+00
-1.053000e+01	-1.050000e+01	0.000000e+00	0.000000e+00	0.000000e+00
-1.050000e+01	-1.047000e+01	0.000000e+00	0.000000e+00	0.000000e+00
-1.047000e+01	-1.044000e+01	0.000000e+00	0.000000e+00	0.000000e+00
-1.044000e+01	-1.041000e+01	0.000000e+00	0.000000e+00	0.000000e+00
-1.041000e+01	-1.038000e+01	0.000000e+00	0.000000e+00	0.000000e+00
-1.038000e+01	-1.035000e+01	0.000000e+00	0.000000e+00	0.000000e+00
-1.035000e+01	-1.032000e+01	0.000000e+00	0.000000e+00	0.000000e+00
-1.032000e+01	-1.029000e+01	0.000000e+00	0.000000e+00	0.000000e+00
-1.029000e+01	-1.026000e+01	0.000000e+00	0.000000e+00	0.000000e+00
-1.026000e+01	-1.023000e+01	0.000000e+00	0.000000e+00	0.000000e+00
-1.023000e+01	-1.020000e+01	0.000000e+00	0.000000e+00	0.000000e+00
-1.020000e+01	-1.017000e+01	0.000000e+00	0.000000e+00	0.000000e+00
-1.017000e+01	-1.014000e+01	0.000000e+00	0.000000e+00	0.000000e+00
-1.014000e+01	-1.011000e+01	0.000000e+00	0.000000e+00	0.000000e+00
-1.011000e+01	-1.008000e+01	0.000000e+00	0.000000e+00	0.000000e+00
-1.008000e+01	-1.005000e+01	0.000000e+00	0.000000e+00	0.000000e+00
-1.005000e+01	-1.002000e+01	0.000000e+00	0.000000e+00	0.000000e+00
-1.002000e+01	-9.990000e+00	0.000000e+00	0.000000e+00	0.000000e+00
-9.990000e+00	-9.960000e+00	0.000000e+00	0.000000e+00	0.000000e+00
-9.960000e+00	-9.930000e+00	0.000000e+00	0.000000e+00	0.000000e+00
-9.930000e+00	-9.900000e+00	0.000000e+00	0.000000e+00	0.000000e+00
-9.900000e+00	-9.870000e+00	0.000000e+00	0.000000e+00	0.000000e+00
-9.870000e+00	-9.840000e+00	0.000000e+00	0.000000e+00	0.000000e+00
-9.840000e+00	-9.810000e+00	0.000000e+00	0.000000e+00	0.000000e+00
-9.810000e+00	-9.780000e+00	0.000000e+00	0.000000e+00	0.000000e+00
-9.780000e+00	-9.750000e+00	0.000000e+00	0.000000e+00	0.000000e+00
-9.750000e+00	-9.720000e+00	0.000000e+00	0.000000e+00	0.000000e+00
-9.720000e+00	-9.690000e+00	0.000000e+00	0.000000e+00	0.000000e+00
-9.690000e+00	-9.660000e+00	0.000000e+00	0.000000e+00	0.000000e+00
-9.660000e+00	-9.630000e+00	0.000000e+00	0.000000e+00	0.000000e+00
-9.630000e+00	-9.600000e+00	0.000000e+00	0.000000e+00	0.000000e+00
-9.600000e+00	-9.570000e+00	0.000000e+00	0.000000e+00	0.000000e+00
-9.570000e+00	-9.540000e+00	0.000000e+00	0.000000e+00	0.000000e+00
-9.540000e+00	-9.510000e+00	0.000000e+00	0.000000e+00	0.000000e+00
-9.510000e+00	-9.480000e+00	0.000000e+00	0.000000e+00	0.000000e+00
-9.480000e+00	-9.450000e+00	0.000000e+00	0.000000e+00	0.000000e+00
-9.450000e+00	-9.420000e+00	0.000000e+00	0.000000e+00	0.000000e+00
-9.420000e+00	-9.390000e+00	0.000000e+00	0.000000e+00	0.000000e+00
-9.390000e+00	-9.360000e+00	0.000000e+00	0.000000e+00	0.000000e+00
-9.360000e+00	-9.330000e+00	0.000000e+00	0.000000e+00	0.000000e+00
-9.330000e+00	-9.300000e+00	0.000000e+00	0.000000e+00	0.000000e+00
-9.300000e+00	-9.270000e+00	0.000000e+00	0.000000e+00	0.000000e+00
-9.270000e+00	-9.240000e+00	0.000000e+00	0.000000e+00	0.000000e+00
-9.240000e+00	-9.210000e+00	0.000000e+00	0.000000e+00	0.000000e+00
-9.210000e+00	-9.180000e+00	0.000000e+00	0.000000e+00	0.000000e+00
-9.180000e+00	-9.150000e+00	0.000000e+00	0.000000e+00	0.000000e+00
-9.150000e+00	-9.120000e+00	0.000000e+00	0.000000e+00	0.000000e+00
-9.120000e+00	-9.090000e+00	0.000000e+00	0.000000e+00	0.000000e+00
-9.090000e+00	-9.060000e+00	0.000000e+00	0.000000e+00	0.000000e+00
-9.060000e+00	-9.030000e+00	0.000000e+00	0.000000e+00	0.000000e+00
-9.030000e+00	-9.000000e+00	0.000000e+00	0.000000e+00	0.000000e+00
-9.000000e+00	-8.970000e+00	0.000000e+00	0.000000e+00	0.000000e+00
-8.970000e+00	-8.940000e+00	0.000000e+00	0.000000e+00	0.000000e+00
-8.940000e+00	-8.910000e+00	0.000000e+00	0.000000e+00	0.000000e+00
-8.910000e+00	-8.880000e+00	0.000000e+00	0.000000e+00	0.000000e+00
-8.880000e+00	-8.850000e+00	0.000000e+00	0.000000e+00	0.000000e+00
-8.850000e+00	-8.820000e+00	0.000000e+00	0.000000e+00	0.000000e+00
-8.820000e+00	-8.790000e+00	0.000000e+00	0.000000e+00	0.000000e+00
-8.790000e+00	-8.760000e+00	0.000000e+00	0.000000e+00	0.000000e+00
-8.760000e+00	-8.730000e+00	0.000000e+00	0.000000e+00	0.000000e+00
-8.730000e+00	-8.700000e+00	0.000000e+00	0.000000e+00	0.000000e+00
-8.700000e+00	-8.670000e+00	0.000000e+00	0.000000e+00	0.000000e+00
-8.670000e+00	-8.640000e+00	0.000000e+00	0.000000e+00	0.000000e+00
-8.640000e+00	-8.610000e+00	0.000000e+00	0.000000e+00	0.000000e+00
-8.610000e+00	-8.580000e+00	0.000000e+00	0.000000e+00	0.000000e+00
-8.580000e+00	-8.550000e+00	0.000000e+00	0.000000e+00	0.000000e+00
-8.550000e+00	-8.520000e+00	0.000000e+00	0.000000e+00	0.000000e+00
-8.520000e+00	-8.490000e+00	0.000000e+00	0.000000e+00	0.000000e+00
-8.490000e+00	-8.460000e+00	0.000000e+00	0.000000e+00	0.000000e+00
-8.460000e+00	-8.430000e+00	0.000000e+00	0.000000e+00	0.000000e+00
-8.430000e+00	-8.400000e+00	0.000000e+00	0.000000e+00	0.000000e+00
-8.400000e+00	-8.370000e+00	0.000000e+00	0.000000e+00	0.000000e+00
-8.370000e+00	-8.340000e+00	0.000000e+00	0.000000e+00	0.000000e+00
-8.340000e+00	-8.310000e+00	0.000000e+00	0.000000e+00	0.000000e+00
-8.310000e+00	-8.280000e+00	0.000000e+00	0.000000e+00	0.000000e+00
-8.280000e+00	-8.250000e+00	0.000000e+00	0.000000e+00	0.000000e+00
-8.250000e+00	-8.220000e+00	0.000000e+00	0.000000e+00	0.000000e+00
-8.220000e+00	-8.190000e+00	0.000000e+00	0.000000e+00	0.000000e+00
-8.190000e+00	-8.160000e+00	0.000000e+00	0.000000e+00	0.000000e+00
-8.160000e+00	-8.130000e+00	0.000000e+00	0.000000e+00	0.000000e+00
-8.130000e+00	-8.100000e+00	0.000000e+00	0.000000e+00	0.000000e+00
-8.100000e+00	-8.070000e+00	0.000000e+00	0.000000e+00	0.000000e+00
-8.070000e+00	-8.040000e+00	0.000000e+00	0.000000e+00	0.000000e+00
-8.040000e+00	-8.010000e+00	0.000000e+00	0.000000e+00	0.000000e+00
-8.010000e+00	-7.980000e+00	0.000000e+00	0.000000e+00	0.000000e+00
-7.980000e+00	-7.950000e+00	0.000000e+00	0.000000e+00	0.000000e+00
-7.950000e+00	-7.920000e+00	0.000000e+00	0.000000e+00	0.000000e+00
-7.920000e+00	-7.890000e+00	0.000000e+00	0.000000e+00	0.000000e+00
-7.890000e+00	-7.860000e+00	0.000000e+00	0.000000e+00	0.000000e+00
-7.860000e+00	-7.830000e+00	0.000000e+00	0.000000e+00	0.000000e+00
-7.830000e+00	-7.800000e+00	0.000000e+00	0.000000e+00	0.000000e+00
-7.800000e+00	-7.770000e+00	0.000000e+00	0.000000e+00	0.000000e+00
-7.770000e+00	-7.740000e+00	0.000000e+00	0.000000e+00	0.000000e+00
-7.740000e+00	-7.710000e+00	0.000000e+00	0.000000e+00	0.000000e+00
-7.710000e+00	-7.680000e+00	0.000000e+00	0.000000e+00	0.000000e+00
-7.680000e+00	-7.650000e+00	0.000000e+00	0.000000e+00	0.000000e+00
-7.650000e+00	-7.620000e+00	0.000000e+00	0.000000e+00	0.000000e+00
-7.620000e+00	-7.590000e+00	0.000000e+00	0.000000e+00	0.000000e+00
-7.590000e+00	-7.560000e+00	0.000000e+00	0.000000e+00	0.000000e+00
-7.560000e+00	-7.530000e+00	0.000000e+00	0.000000e+00	0.000000e+00
-7.530000e+00	-7.500000e+00	0.000000e+00	0.000000e+00	0.000000e+00
-7.500000e+00	-7.470000e+00	0.000000e+00	0.000000e+00	0.000000e+00
-7.470000e+00	-7.440000e+00	0.000000e+00	0.000000e+00	0.000000e+00
-7.440000e+00	-7.410000e+00	0.000000e+00	0.000000e+00	0.000000e+00
-7.410000e+00	-7.380000e+00	0.000000e+00	0.000000e+00	0.000000e+00
-7.380000e+00	-7.350000e+00	0.000000e+00	0.000000e+00	0.000000e+00
-7.350000e+00	-7.320000e+00	0.000000e+00	0.000000e+00	0.000000e+00
-7.320000e+00	-7.290000e+00	0.000000e+00	0.000000e+00	0.000000e+00
-7.290000e+00	-7.260000e+00	0.000000e+00	0.000000e+00	0.000000e+00
-7.260000e+00	-7.230000e+00	0.000000e+00	0.000000e+00	0.000000e+00
-7.230000e+00	-7.200000e+00	0.000000e+00	0.000000e+00	0.000000e+00
-7.200000e+00	-7.170000e+00	0.000000e+00	0.000000e+00	0.000000e+00
-7.170000e+00	-7.140000e+00	0.000000e+00	0.000000e+00	0.000000e+00
-7.140000e+00	-7.110000e+00	0.000000e+00	0.000000e+00	0.000000e+00
-7.110000e+00	-7.080000e+00	0.000000e+00	0.000000e+00	0.000000e+00
-7.080000e+00	-7.050000e+00	0.000000e+00	0.000000e+00	0.000000e+00
-7.050000e+00	-7.020000e+00	0.000000e+00	0.000000e+00	0.000000e+00
-7.020000e+00	-6.990000e+00	0.000000e+00	0.000000e+00	0.000000e+00
-6.990000e+00	-6.960000e+00	0.000000e+00	0.000000e+00	0.000000e+00
-6.960000e+00	-6.930000e+00	0.000000e+00	0.000000e+00	0.000000e+00
-6.930000e+00	-6.900000e+00	0.000000e+00	0.000000e+00	0.000000e+00
-6.900000e+00	-6.870000e+00	0.000000e+00	0.000000e+00	0.000000e+00
-6.870000e+00	-6.840000e+00	0.000000e+00	0.000000e+00	0.000000e+00
-6.840000e+00	-6.810000e+00	0.000000e+00	0.000000e+00	0.000000e+00
-6.810000e+00	-6.780000e+00	0.000000e+00	0.000000e+00	0.000000e+00
-6.780000e+00	-6.750000e+00	0.000000e+00	0.000000e+00	0.000000e+00
-6.750000e+00	-6.720000e+00	0.000000e+00	0.000000e+00	0.000000e+00
-6.720000e+00	-6.690000e+00	0.000000e+00	0.000000e+00	0.000000e+00
-6.690000e+00	-6.660000e+00	0.000000e+00	0.000000e+00	0.000000e+00
-6.660000e+00	-6.630000e+00	0.000000e+00	0.000000e+00	0.000000e+00
-6.630000e+00	-6.600000e+00	0.000000e+00	0.000000e+00	0.000000e+00
-6.600000e+00	-6.570000e+00	0.000000e+00	0.000000e+00	0.000000e+00
-6.570000e+00	-6.540000e+00	0.000000e+00	0.000000e+00	0.000000e+00
-6.540000e+00	-6.510000e+00	0.000000e+00	0.000000e+00	0.000000e+00
-6.510000e+00	-6.480000e+00	0.000000e+00	0.000000e+00	0.000000e+00
-6.480000e+00	-6.450000e+00	0.000000e+00	0.000000e+00	0.000000e+00
-6.450000e+00	-6.420000e+00	0.000000e+00	0.000000e+00	0.000000e+00
-6.420000e+00	-6.390000e+00	0.000000e+00	0.000000e+00	0.000000e+00
-6.390000e+00	-6.360000e+00	0.000000e+00	0.000000e+00	0.000000e+00
-6.360000e+00	-6.330000e+00	0.000000e+00	0.000000e+00	0.000000e+00
-6.330000e+00	-6.300000e+00	0.000000e+00	0.000000e+00	0.000000e+00
-6.300000e+00	-6.270000e+00	0.000000e+00	0.000000e+00	0.000000e+00
-6.270000e+00	-6.240000e+00	0.000000e+00	0.000000e+00	0.000000e+00
-6.240000e+00	-6.210000e+00	0.000000e+00	0.000000e+00	0.000000e+00
-6.210000e+00	-6.180000e+00	0.000000e+00	0.000000e+00	0.000000e+00
-6.180000e+00	-6.150000e+00	0.000000e+00	0.000000e+00	0.000000e+00
-6.150000e+00	-6.120000e+00	0.000000e+00	0.000000e+00	0.000000e+00
-6.120000e+00	-6.090000e+00	0.000000e+00	0.000000e+00	0.000000e+00
-6.090000e+00	-6.060000e+00	0.000000e+00	0.000000e+00	0.000000e+00
-6.060000e+00	-6.030000e+00	0.000000e+00	0.000000e+00	0.000000e+00
-6.030000e+00	-6.000000e+00	0.000000e+00	0.000000e+00	0.000000e+00
-6.000000e+00	-5.970000e+00	0.000000e+00	0.000000e+00	0.000000e+00
-5.970000e+00	-5.940000e+00	0.000000e+00	0.000000e+00	0.000000e+00
-5.940000e+00	-5.910000e+00	0.000000e+00	0.000000e+00	0.000000e+00
-5.910000e+00	-5.880000e+00	0.000000e+00	0.000000e+00	0.000000e+00
-5.880000e+00	-5.850000e+00	0.000000e+00	0.000000e+00	0.000000e+00
-5.850000e+00	-5.820000e+00	0.000000e+00	0.000000e+00	0.000000e+00
-5.820000e+00	-5.790000e+00	0.000000e+00	0.000000e+00	0.000000e+00
-5.790000e+00	-5.760000e+00	0.000000e+00	0.000000e+00	0.000000e+00
-5.760000e+00	-5.730000e+00	0.000000e+00	0.000000e+00	0.000000e+00
-5.730000e+00	-5.700000e+00	0.000000e+00	0.000000e+00	0.000000e+00
-5.700000e+00	-5.670000e+00	0.000000e+00	0.000000e+00	0.000000e+00
-5.670000e+00	-5.640000e+00	0.000000e+00	0.000000e+00	0.000000e+00
-5.640000e+00	-5.610000e+00	0.000000e+00	0.000000e+00	0.000000e+00
-5.610000e+00	-5.580000e+00	0.000000e+00	0.000000e+00	0.000000e+00
-5.580000e+00	-5.550000e+00	0.000000e+00	0.000000e+00	0.000000e+00
-5.550000e+00	-5.520000e+00	0.000000e+00	0.000000e+00	0.000000e+00
-5.520000e+00	-5.490000e+00	0.000000e+00	0.000000e+00	0.000000e+00
-5.490000e+00	-5.460000e+00	0.000000e+00	0.000000e+00	0.000000e+00
-5.460000e+00	-5.430000e+00	0.000000e+00	0.000000e+00	0.000000e+00
-5.430000e+00	-5.400000e+00	0.000000e+00	0.000000e+00	0.000000e+00
-5.400000e+00	-5.370000e+00	0.000000e+00	0.000000e+00	0.000000e+00
-5.370000e+00	-5.340000e+00	0.000000e+00	0.000000e+00	0.000000e+00
-5.340000e+00	-5.310000e+00	0.000000e+00	0.000000e+00	0.000000e+00
-5.310000e+00	-5.280000e+00	0.000000e+00	0.000000e+00	0.000000e+00
-5.280000e+00	-5.250000e+00	0.000000e+00	0.000000e+00	0.000000e+00
-5.250000e+00	-5.220000e+00	0.000000e+00	0.000000e+00	0.000000e+00
-5.220000e+00	-5.190000e+00	0.000000e+00	0.000000e+00	0.000000e+00
-5.190000e+00	-5.160000e+00	0.000000e+00	0.000000e+00	0.000000e+00
-5.160000e+00	-5.130000e+00	0.000000e+00	0.000000e+00	0.000000e+00
-5.130000e+00	-5.100000e+00	0.000000e+00	0.000000e+00	0.000000e+00
-5.100000e+00	-5.070000e+00	0.000000e+00	0.000000e+00	0.000000e+00
-5.070000e+00	-5.040000e+00	0.000000e+00	0.000000e+00	0.000000e+00
-5.040000e+00	-5.010000e+00	0.000000e+00	0.000000e+00	0.000000e+00
-5.010000e+00	-4.980000e+00	0.000000e+00	0.000000e+00	0.000000e+00
-4.980000e+00	-4.950000e+00	0.000000e+00	0.000000e+00	0.000000e+00
-4.950000e+00	-4.920000e+00	0.000000e+00	0.000000e+00	0.000000e+00
-4.920000e+00	-4.890000e+00	0.000000e+00	0.000000e+00	0.000000e+00
-4.890000e+00	-4.860000e+00	0.000000e+00	0.000000e+00	0.000000e+00
-4.860000e+00	-4.830000e+00	0.000000e+00	0.000000e+00	0.000000e+00
-4.830000e+00	-4.800000e+00	0.000000e+00	0.000000e+00	0.000000e+00
-4.800000e+00	-4.770000e+00	0.000000e+00	0.000000e+00	0.000000e+00
-4.770000e+00	-4.740000e+00	0.000000e+00	0.000000e+00	0.000000e+00
-4.740000e+00	-4.710000e+00	0.000000e+00	0.000000e+00	0.000000e+00
-4.710000e+00	-4.680000e+00	0.000000e+00	0.000000e+00	0.000000e+00
-4.680000e+00	-4.650000e+00	0.000000e+00	0.000000e+00	0.000000e+00
-4.650000e+00	-4.620000e+00	0.000000e+00	0.000000e+00	0.000000e+00
-4.620000e+00	-4.590000e+00	0.000000e+00	0.000000e+00	0.000000e+00
-4.590000e+00	-4.560000e+00	0.000000e+00	0.000000e+00	0.000000e+00
-4.560000e+00	-4.530000e+00	0.000000e+00	0.000000e+00	0.000000e+00
-4.530000e+00	-4.500000e+00	0.000000e+00	0.000000e+00	0.000000e+00
-4.500000e+00	-4.470000e+00	0.000000e+00	0.000000e+00	0.000000e+00
-4.470000e+00	-4.440000e+00	0.000000e+00	0.000000e+00	0.000000e+00
-4.440000e+00	-4.410000e+00	0.000000e+00	0.000000e+00	0.000000e+00
-4.410000e+00	-4.380000e+00	0.000000e+00	0.000000e+00	0.000000e+00
-4.380000e+00	-4.350000e+00	0.000000e+00	0.000000e+00	0.000000e+00
-4.350000e+00	-4.320000e+00	0.000000e+00	0.000000e+00	0.000000e+00
-4.320000e+00	-4.290000e+00	0.000000e+00	0.000000e+00	0.000000e+00
-4.290000e+00	-4.260000e+00	0.000000e+00	0.000000e+00	0.000000e+00
-4.260000e+00	-4.230000e+00	0.000000e+00	0.000000e+00	0.000000e+00
-4.230000e+00	-4.200000e+00	0.000000e+00	0.000000e+00	0.000000e+00
-4.200000e+00	-4.170000e+00	0.000000e+00	0.000000e+00	0.000000e+00
-4.170000e+00	-4.140000e+00	0.000000e+00	0.000000e+00	0.000000e+00
-4.140000e+00	-4.110000e+00	0.000000e+00	0.000000e+00	0.000000e+00
-4.110000e+00	-4.080000e+00	0.000000e+00	0.000000e+00	0.000000e+00
-4.080000e+00	-4.050000e+00	0.000000e+00	0.000000e+00	0.000000e+00
-4.050000e+00	-4.020000e+00	0.000000e+00	0.000000e+00	0.000000e+00
-4.020000e+00	-3.990000e+00	0.000000e+00	0.000000e+00	0.000000e+00
-3.990000e+00	-3.960000e+00	0.000000e+00	0.000000e+00	0.000000e+00
-3.960000e+00	-3.930000e+00	0.000000e+00	0.000000e+00	0.000000e+00
-3.930000e+00	-3.900000e+00	0.000000e+00	0.000000e+00	0.000000e+00
-3.900000e+00	-3.870000e+00	0.000000e+00	0.000000e+00	0.000000e+00
-3.870000e+00	-3.840000e+00	0.000000e+00	0.000000e+00	0.000000e+00
-3.840000e+00	-3.810000e+00	0.000000e+00	0.000000e+00	0.000000e+00
-3.810000e+00	-3.780000e+00	0.000000e+00	0.000000e+00	0.000000e+00
-3.780000e+00	-3.750000e+00	0.000000e+00	0.000000e+00	0.000000e+00
-3.750000e+00	-3.720000e+00	0.000000e+00	0.000000e+00	0.000000e+00
-3.720000e+00	-3.690000e+00	0.000000e+00	0.000000e+00	0.000000e+00
-3.690000e+00	-3.660000e+00	0.000000e+00	0.000000e+00	0.000000e+00
-3.660000e+00	-3.630000e+00	0.000000e+00	0.000000e+00	0.000000e+00
-3.630000e+00	-3.600000e+00	0.000000e+00	0.000000e+00	0.000000e+00
-3.600000e+00	-3.570000e+00	0.000000e+00	0.000000e+00	0.000000e+00
-3.570000e+00	-3.540000e+00	0.000000e+00	0.000000e+00	0.000000e+00
-3.540000e+00	-3.510000e+00	0.000000e+00	0.000000e+00	0.000000e+00
-3.510000e+00	-3.480000e+00	0.000000e+00	0.000000e+00	0.000000e+00
-3.480000e+00	-3.450000e+00	0.000000e+00	0.000000e+00	0.000000e+00
-3.450000e+00	-3.420000e+00	0.000000e+00	0.000000e+00	0.000000e+00
-3.420000e+00	-3.390000e+00	0.000000e+00	0.000000e+00	0.000000e+00
-3.390000e+00	-3.360000e+00	0.000000e+00	0.000000e+00	0.000000e+00
-3.360000e+00	-3.330000e+00	0.000000e+00	0.000000e+00	0.000000e+00
-3.330000e+00	-3.300000e+00	0.000000e+00	0.000000e+00	0.000000e+00
-3.300000e+00	-3.270000e+00	0.000000e+00	0.000000e+00	0.000000e+00
-3.270000e+00	-3.240000e+00	0.000000e+00	0.000000e+00	0.000000e+00
-3.240000e+00	-3.210000e+00	0.000000e+00	0.000000e+00	0.000000e+00
-3.210000e+00	-3.180000e+00	0.000000e+00	0.000000e+00	0.000000e+00
-3.180000e+00	-3.150000e+00	0.000000e+00	0.000000e+00	0.000000e+00
-3.150000e+00	-3.120000e+00	0.000000e+00	0.000000e+00	0.000000e+00
-3.120000e+00	-3.090000e+00	0.000000e+00	0.000000e+00	0.000000e+00
-3.090000e+00	-3.060000e+00	0.000000e+00	0.000000e+00	0.000000e+00
-3.060000e+00	-3.030000e+00	0.000000e+00	0.000000e+00	0.000000e+00
-3.030000e+00	-3.000000e+00	0.000000e+00	0.000000e+00	0.000000e+00
-3.000000e+00	-2.970000e+00	0.000000e+00	0.000000e+00	0.000000e+00
-2.970000e+00	-2.940000e+00	0.000000e+00	0.000000e+00	0.000000e+00
-2.940000e+00	-2.910000e+00	0.000000e+00	0.000000e+00	0.000000e+00
-2.910000e+00	-2.880000e+00	0.000000e+00	0.000000e+00	0.000000e+00
-2.880000e+00	-2.850000e+00	0.000000e+00	0.000000e+00	0.000000e+00
-2.850000e+00	-2.820000e+00	0.000000e+00	0.000000e+00	0.000000e+00
-2.820000e+00	-2.790000e+00	0.000000e+00	0.000000e+00	0.000000e+00
-2.790000e+00	-2.760000e+00	0.000000e+00	0.000000e+00	0.000000e+00
-2.760000e+00	-2.730000e+00	0.000000e+00	0.000000e+00	0.000000e+00
-2.730000e+00	-2.700000e+00	0.000000e+00	0.000000e+00	0.000000e+00
-2.700000e+00	-2.670000e+00	0.000000e+00	0.000000e+00	0.000000e+00
-2.670000e+00	-2.640000e+00	0.000000e+00	0.000000e+00	0.000000e+00
-2.640000e+00	-2.610000e+00	0.000000e+00	0.000000e+00	0.000000e+00
-2.610000e+00	-2.580000e+00	0.000000e+00	0.000000e+00	0.000000e+00
-2.580000e+00	-2.550000e+00	0.000000e+00	0.000000e+00	0.000000e+00
-2.550000e+00	-2.520000e+00	0.000000e+00	0.000000e+00	0.000000e+00
-2.520000e+00	-2.490000e+00	0.000000e+00	0.000000e+00	0.000000e+00
-2.490000e+00	-2.460000e+00	0.000000e+00	0.000000e+00	0.000000e+00
-2.460000e+00	-2.430000e+00	0.000000e+00	0.000000e+00	0.000000e+00
-2.430000e+00	-2.400000e+00	0.000000e+00	0.000000e+00	0.000000e+00
-2.400000e+00	-2.370000e+00	0.000000e+00	0.000000e+00	0.000000e+00
-2.370000e+00	-2.340000e+00	0.000000e+00	0.000000e+00	0.000000e+00
-2.340000e+00	-2.310000e+00	0.000000e+00	0.000000e+00	0.000000e+00
-2.310000e+00	-2.280000e+00	0.000000e+00	0.000000e+00	0.000000e+00
-2.280000e+00	-2.250000e+00	0.000000e+00	0.000000e+00	0.000000e+00
-2.250000e+00	-2.220000e+00	0.000000e+00	0.000000e+00	0.000000e+00
-2.220000e+00	-2.190000e+00	0.000000e+00	0.000000e+00	0.000000e+00
-2.190000e+00	-2.160000e+00	0.000000e+00	0.000000e+00	0.000000e+00
-2.160000e+00	-2.130000e+00	0.000000e+00	0.000000e+00	0.000000e+00
-2.130000e+00	-2.100000e+00	0.000000e+00	0.000000e+00	0.000000e+00
-2.100000e+00	-2.070000e+00	0.000000e+00	0.000000e+00	0.000000e+00
-2.070000e+00	-2.040000e+00	0.000000e+00	0.000000e+00	0.000000e+00
-2.040000e+00	-2.010000e+00	0.000000e+00	0.000000e+00	0.000000e+00
-2.010000e+00	-1.980000e+00	0.000000e+00	0.000000e+00	0.000000e+00
-1.980000e+00	-1.950000e+00	0.000000e+00	0.000000e+00	0.000000e+00
-1.950000e+00	-1.920000e+00	0.000000e+00	0.000000e+00	0.000000e+00
-1.920000e+00	-1.890000e+00	0.000000e+00	0.000000e+00	0.000000e+00
-1.890000e+00	-1.860000e+00	0.000000e+00	0.000000e+00	0.000000e+00
-1.860000e+00	-1.830000e+00	0.000000e+00	0.000000e+00	0.000000e+00
-1.830000e+00	-1.800000e+00	0.000000e+00	0.000000e+00	0.000000e+00
-1.800000e+00	-1.770000e+00	0.000000e+00	0.000000e+00	0.000000e+00
-1.770000e+00	-1.740000e+00	0.000000e+00	0.000000e+00	0.000000e+00
-1.740000e+00	-1.710000e+00	0.000000e+00	0.000000e+00	0.000000e+00
-1.710000e+00	-1.680000e+00	0.000000e+00	0.000000e+00	0.000000e+00
-1.680000e+00	-1.650000e+00	0.000000e+00	0.000000e+00	0.000000e+00
-1.650000e+00	-1.620000e+00	0.000000e+00	0.000000e+00	0.000000e+00
-1.620000e+00	-1.590000e+00	0.000000e+00	0.000000e+00	0.000000e+00
-1.590000e+00	-1.560000e+00	0.000000e+00	0.000000e+00	0.000000e+00
-1.560000e+00	-1.530000e+00	0.000000e+00	0.000000e+00	0.000000e+00
-1.530000e+00	-1.500000e+00	0.000000e+00	0.000000e+00	0.000000e+00
-1.500000e+00	-1.470000e+00	0.000000e+00	0.000000e+00	0.000000e+00
-1.470000e+00	-1.440000e+00	0.000000e+00	0.000000e+00	0.000000e+00
-1.440000e+00	-1.410000e+00	0.000000e+00	0.000000e+00	0.000000e+00
-1.410000e+00	-1.380000e+00	0.000000e+00	0.000000e+00	0.000000e+00
-1.380000e+00	-1.350000e+00	0.000000e+00	0.000000e+00	0.000000e+00
-1.350000e+00	-1.320000e+00	0.000000e+00	0.000000e+00	0.000000e+00
-1.320000e+00	-1.290000e+00	0.000000e+00	0.000000e+00	0.000000e+00
-1.290000e+00	-1.260000e+00	0.000000e+00	0.000000e+00	0.000000e+00
-1.260000e+00	-1.230000e+00	0.000000e+00	0.000000e+00	0.000000e+00
-1.230000e+00	-1.200000e+00	0.000000e+00	0.000000e+00	0.000000e+00
-1.200000e+00	-1.170000e+00	0.000000e+00	0.000000e+00	0.000000e+00
-1.170000e+00	-1.140000e+00	0.000000e+00	0.000000e+00	0.000000e+00
-1.140000e+00	-1.110000e+00	0.000000e+00	0.000000e+00	0.000000e+00
-1.110000e+00	-1.080000e+00	0.000000e+00	0.000000e+00	0.000000e+00
-1.080000e+00	-1.050000e+00	0.000000e+00	0.000000e+00	0.000000e+00
-1.050000e+00	-1.020000e+00	0.000000e+00	0.000000e+00	0.000000e+00
-1.020000e+00	-9.900000e-01	0.000000e+00	0.000000e+00	0.000000e+00
-9.900000e-01	-9.600000e-01	0.000000e+00	0.000000e+00	0.000000e+00
-9.600000e-01	-9.300000e-01	0.000000e+00	0.000000e+00	0.000000e+00
-9.300000e-01	-9.000000e-01	0.000000e+00	0.000000e+00	0.000000e+00
-9.000000e-01	-8.700000e-01	0.000000e+00	0.000000e+00	0.000000e+00
-8.700000e-01	-8.400000e-01	0.000000e+00	0.000000e+00	0.000000e+00
-8.400000e-01	-8.100000e-01	0.000000e+00	0.000000e+00	0.000000e+00
-8.100000e-01	-7.800000e-01	0.000000e+00	0.000000e+00	0.000000e+00
-7.800000e-01	-7.500000e-01	0.000000e+00	0.000000e+00	0.000000e+00
-7.500000e-01	-7.200000e-01	0.000000e+00	0.000000e+00	0.000000e+00
-7.200000e-01	-6.900000e-01	0.000000e+00	0.000000e+00	0.000000e+00
-6.900000e-01	-6.600000e-01	0.000000e+00	0.000000e+00	0.000000e+00
-6.600000e-01	-6.300000e-01	0.000000e+00	0.000000e+00	0.000000e+00
-6.300000e-01	-6.000000e-01	0.000000e+00	0.000000e+00	0.000000e+00
-6.000000e-01	-5.700000e-01	0.000000e+00	0.000000e+00	0.000000e+00
-5.700000e-01	-5.400000e-01	0.000000e+00	0.000000e+00	0.000000e+00
-5.400000e-01	-5.100000e-01	0.000000e+00	0.000000e+00	0.000000e+00
-5.100000e-01	-4.800000e-01	0.000000e+00	0.000000e+00	0.000000e+00
-4.800000e-01	-4.500000e-01	0.000000e+00	0.000000e+00	0.000000e+00
-4.500000e-01	-4.200000e-01	0.000000e+00	0.000000e+00	0.000000e+00
-4.200000e-01	-3.900000e-01	0.000000e+00	0.000000e+00	0.000000e+00
-3.900000e-01	-3.600000e-01	0.000000e+00	0.000000e+00	0.000000e+00
-3.600000e-01	-3.300000e-01	0.000000e+00	0.000000e+00	0.000000e+00
-3.300000e-01	-3.000000e-01	0.000000e+00	0.000000e+00	0.000000e+00
-3.000000e-01	-2.700000e-01	0.000000e+00	0.000000e+00	0.000000e+00
-2.700000e-01	-2.400000e-01	0.000000e+00	0.000000e+00	0.000000e+00
-2.400000e-01	-2.100000e-01	0.000000e+00	0.000000e+00	0.000000e+00
-2.100000e-01	-1.800000e-01	0.000000e+00	0.000000e+00	0.000000e+00
-1.800000e-01	-1.500000e-01	0.000000e+00	0.000000e+00	0.000000e+00
-1.500000e-01	-1.200000e-01	0.000000e+00	0.000000e+00	0.000000e+00
-1.200000e-01	-9.000000e-02	0.000000e+00	0.000000e+00	0.000000e+00
-9.000000e-02	-6.000000e-02	0.000000e+00	0.000000e+00	0.000000e+00
-6.000000e-02	-3.000000e-02	0.000000e+00	0.000000e+00	0.000000e+00
-3.000000e-02	0.000000e+00	0.000000e+00	0.000000e+00	0.000000e+00
# END HISTO1D

