# BEGIN PLOT
LegendOnly=//afs/cern.ch/user/d/dkar/lh2015-qg/Vincia-2001/lhc/hadron/zjet.yoda/MC_LHQG_Zjet/log_mMDT_GA_10_20_Q200_R4 //afs/cern.ch/user/d/dkar/lh2015-qg/Vincia-2001/lhc/hadron/zjet_born.yoda/MC_LHQG_Zjet/log_mMDT_GA_10_20_Q200_R4
DrawOnly=//afs/cern.ch/user/d/dkar/lh2015-qg/Vincia-2001/lhc/hadron/zjet.yoda/MC_LHQG_Zjet/log_mMDT_GA_10_20_Q200_R4 //afs/cern.ch/user/d/dkar/lh2015-qg/Vincia-2001/lhc/hadron/zjet_born.yoda/MC_LHQG_Zjet/log_mMDT_GA_10_20_Q200_R4
RatioPlotReference=//afs/cern.ch/user/d/dkar/lh2015-qg/Vincia-2001/lhc/hadron/zjet.yoda/MC_LHQG_Zjet/log_mMDT_GA_10_20_Q200_R4
RatioPlot=1
LogY=1
RatioPlotYLabel=Ratio
Legend=1
# END PLOT

# BEGIN HISTO1D //afs/cern.ch/user/d/dkar/lh2015-qg/Vincia-2001/lhc/hadron/zjet.yoda/MC_LHQG_Zjet/log_mMDT_GA_10_20_Q200_R4
LineColor=red
LineStyle=solid
Path=//afs/cern.ch/user/d/dkar/lh2015-qg/Vincia-2001/lhc/hadron/zjet.yoda/MC_LHQG_Zjet/log_mMDT_GA_10_20_Q200_R4
ScaledBy=503.58980794705508
Title=zjet
XLabel=
YLabel=
# xlow	 xhigh	 val	 errminus	 errplus
-1.500000e+01	-1.497000e+01	1.851944e-01	8.454295e-02	8.454295e-02
-1.497000e+01	-1.494000e+01	0.000000e+00	0.000000e+00	0.000000e+00
-1.494000e+01	-1.491000e+01	0.000000e+00	0.000000e+00	0.000000e+00
-1.491000e+01	-1.488000e+01	0.000000e+00	0.000000e+00	0.000000e+00
-1.488000e+01	-1.485000e+01	0.000000e+00	0.000000e+00	0.000000e+00
-1.485000e+01	-1.482000e+01	0.000000e+00	0.000000e+00	0.000000e+00
-1.482000e+01	-1.479000e+01	0.000000e+00	0.000000e+00	0.000000e+00
-1.479000e+01	-1.476000e+01	0.000000e+00	0.000000e+00	0.000000e+00
-1.476000e+01	-1.473000e+01	0.000000e+00	0.000000e+00	0.000000e+00
-1.473000e+01	-1.470000e+01	0.000000e+00	0.000000e+00	0.000000e+00
-1.470000e+01	-1.467000e+01	0.000000e+00	0.000000e+00	0.000000e+00
-1.467000e+01	-1.464000e+01	0.000000e+00	0.000000e+00	0.000000e+00
-1.464000e+01	-1.461000e+01	0.000000e+00	0.000000e+00	0.000000e+00
-1.461000e+01	-1.458000e+01	0.000000e+00	0.000000e+00	0.000000e+00
-1.458000e+01	-1.455000e+01	0.000000e+00	0.000000e+00	0.000000e+00
-1.455000e+01	-1.452000e+01	0.000000e+00	0.000000e+00	0.000000e+00
-1.452000e+01	-1.449000e+01	0.000000e+00	0.000000e+00	0.000000e+00
-1.449000e+01	-1.446000e+01	0.000000e+00	0.000000e+00	0.000000e+00
-1.446000e+01	-1.443000e+01	0.000000e+00	0.000000e+00	0.000000e+00
-1.443000e+01	-1.440000e+01	0.000000e+00	0.000000e+00	0.000000e+00
-1.440000e+01	-1.437000e+01	0.000000e+00	0.000000e+00	0.000000e+00
-1.437000e+01	-1.434000e+01	0.000000e+00	0.000000e+00	0.000000e+00
-1.434000e+01	-1.431000e+01	0.000000e+00	0.000000e+00	0.000000e+00
-1.431000e+01	-1.428000e+01	0.000000e+00	0.000000e+00	0.000000e+00
-1.428000e+01	-1.425000e+01	0.000000e+00	0.000000e+00	0.000000e+00
-1.425000e+01	-1.422000e+01	0.000000e+00	0.000000e+00	0.000000e+00
-1.422000e+01	-1.419000e+01	0.000000e+00	0.000000e+00	0.000000e+00
-1.419000e+01	-1.416000e+01	7.219710e-05	7.219711e-05	7.219711e-05
-1.416000e+01	-1.413000e+01	1.362924e-03	1.362925e-03	1.362925e-03
-1.413000e+01	-1.410000e+01	0.000000e+00	0.000000e+00	0.000000e+00
-1.410000e+01	-1.407000e+01	0.000000e+00	0.000000e+00	0.000000e+00
-1.407000e+01	-1.404000e+01	0.000000e+00	0.000000e+00	0.000000e+00
-1.404000e+01	-1.401000e+01	0.000000e+00	0.000000e+00	0.000000e+00
-1.401000e+01	-1.398000e+01	0.000000e+00	0.000000e+00	0.000000e+00
-1.398000e+01	-1.395000e+01	0.000000e+00	0.000000e+00	0.000000e+00
-1.395000e+01	-1.392000e+01	0.000000e+00	0.000000e+00	0.000000e+00
-1.392000e+01	-1.389000e+01	0.000000e+00	0.000000e+00	0.000000e+00
-1.389000e+01	-1.386000e+01	0.000000e+00	0.000000e+00	0.000000e+00
-1.386000e+01	-1.383000e+01	0.000000e+00	0.000000e+00	0.000000e+00
-1.383000e+01	-1.380000e+01	0.000000e+00	0.000000e+00	0.000000e+00
-1.380000e+01	-1.377000e+01	0.000000e+00	0.000000e+00	0.000000e+00
-1.377000e+01	-1.374000e+01	0.000000e+00	0.000000e+00	0.000000e+00
-1.374000e+01	-1.371000e+01	0.000000e+00	0.000000e+00	0.000000e+00
-1.371000e+01	-1.368000e+01	0.000000e+00	0.000000e+00	0.000000e+00
-1.368000e+01	-1.365000e+01	0.000000e+00	0.000000e+00	0.000000e+00
-1.365000e+01	-1.362000e+01	0.000000e+00	0.000000e+00	0.000000e+00
-1.362000e+01	-1.359000e+01	0.000000e+00	0.000000e+00	0.000000e+00
-1.359000e+01	-1.356000e+01	0.000000e+00	0.000000e+00	0.000000e+00
-1.356000e+01	-1.353000e+01	0.000000e+00	0.000000e+00	0.000000e+00
-1.353000e+01	-1.350000e+01	0.000000e+00	0.000000e+00	0.000000e+00
-1.350000e+01	-1.347000e+01	0.000000e+00	0.000000e+00	0.000000e+00
-1.347000e+01	-1.344000e+01	0.000000e+00	0.000000e+00	0.000000e+00
-1.344000e+01	-1.341000e+01	0.000000e+00	0.000000e+00	0.000000e+00
-1.341000e+01	-1.338000e+01	0.000000e+00	0.000000e+00	0.000000e+00
-1.338000e+01	-1.335000e+01	0.000000e+00	0.000000e+00	0.000000e+00
-1.335000e+01	-1.332000e+01	0.000000e+00	0.000000e+00	0.000000e+00
-1.332000e+01	-1.329000e+01	0.000000e+00	0.000000e+00	0.000000e+00
-1.329000e+01	-1.326000e+01	0.000000e+00	0.000000e+00	0.000000e+00
-1.326000e+01	-1.323000e+01	0.000000e+00	0.000000e+00	0.000000e+00
-1.323000e+01	-1.320000e+01	4.187487e-04	4.187487e-04	4.187487e-04
-1.320000e+01	-1.317000e+01	0.000000e+00	0.000000e+00	0.000000e+00
-1.317000e+01	-1.314000e+01	0.000000e+00	0.000000e+00	0.000000e+00
-1.314000e+01	-1.311000e+01	0.000000e+00	0.000000e+00	0.000000e+00
-1.311000e+01	-1.308000e+01	0.000000e+00	0.000000e+00	0.000000e+00
-1.308000e+01	-1.305000e+01	0.000000e+00	0.000000e+00	0.000000e+00
-1.305000e+01	-1.302000e+01	0.000000e+00	0.000000e+00	0.000000e+00
-1.302000e+01	-1.299000e+01	0.000000e+00	0.000000e+00	0.000000e+00
-1.299000e+01	-1.296000e+01	0.000000e+00	0.000000e+00	0.000000e+00
-1.296000e+01	-1.293000e+01	0.000000e+00	0.000000e+00	0.000000e+00
-1.293000e+01	-1.290000e+01	0.000000e+00	0.000000e+00	0.000000e+00
-1.290000e+01	-1.287000e+01	0.000000e+00	0.000000e+00	0.000000e+00
-1.287000e+01	-1.284000e+01	0.000000e+00	0.000000e+00	0.000000e+00
-1.284000e+01	-1.281000e+01	1.308429e-04	1.308430e-04	1.308430e-04
-1.281000e+01	-1.278000e+01	0.000000e+00	0.000000e+00	0.000000e+00
-1.278000e+01	-1.275000e+01	0.000000e+00	0.000000e+00	0.000000e+00
-1.275000e+01	-1.272000e+01	0.000000e+00	0.000000e+00	0.000000e+00
-1.272000e+01	-1.269000e+01	0.000000e+00	0.000000e+00	0.000000e+00
-1.269000e+01	-1.266000e+01	0.000000e+00	0.000000e+00	0.000000e+00
-1.266000e+01	-1.263000e+01	0.000000e+00	0.000000e+00	0.000000e+00
-1.263000e+01	-1.260000e+01	3.710110e-02	3.710109e-02	3.710109e-02
-1.260000e+01	-1.257000e+01	0.000000e+00	0.000000e+00	0.000000e+00
-1.257000e+01	-1.254000e+01	6.863520e-04	5.326279e-04	5.326279e-04
-1.254000e+01	-1.251000e+01	0.000000e+00	0.000000e+00	0.000000e+00
-1.251000e+01	-1.248000e+01	0.000000e+00	0.000000e+00	0.000000e+00
-1.248000e+01	-1.245000e+01	0.000000e+00	0.000000e+00	0.000000e+00
-1.245000e+01	-1.242000e+01	1.645230e-02	1.645230e-02	1.645230e-02
-1.242000e+01	-1.239000e+01	3.511907e-04	3.511905e-04	3.511905e-04
-1.239000e+01	-1.236000e+01	2.448481e-05	2.448481e-05	2.448481e-05
-1.236000e+01	-1.233000e+01	1.181279e-03	1.181279e-03	1.181279e-03
-1.233000e+01	-1.230000e+01	3.178132e-04	3.178132e-04	3.178132e-04
-1.230000e+01	-1.227000e+01	1.192838e-04	1.029674e-04	1.029674e-04
-1.227000e+01	-1.224000e+01	0.000000e+00	0.000000e+00	0.000000e+00
-1.224000e+01	-1.221000e+01	0.000000e+00	0.000000e+00	0.000000e+00
-1.221000e+01	-1.218000e+01	0.000000e+00	0.000000e+00	0.000000e+00
-1.218000e+01	-1.215000e+01	0.000000e+00	0.000000e+00	0.000000e+00
-1.215000e+01	-1.212000e+01	0.000000e+00	0.000000e+00	0.000000e+00
-1.212000e+01	-1.209000e+01	1.086811e-04	8.092100e-05	8.092100e-05
-1.209000e+01	-1.206000e+01	9.347480e-04	9.347480e-04	9.347480e-04
-1.206000e+01	-1.203000e+01	0.000000e+00	0.000000e+00	0.000000e+00
-1.203000e+01	-1.200000e+01	8.979877e-04	8.979878e-04	8.979878e-04
-1.200000e+01	-1.197000e+01	0.000000e+00	0.000000e+00	0.000000e+00
-1.197000e+01	-1.194000e+01	5.042250e-05	4.377572e-05	4.377572e-05
-1.194000e+01	-1.191000e+01	3.387250e-05	3.387249e-05	3.387249e-05
-1.191000e+01	-1.188000e+01	0.000000e+00	0.000000e+00	0.000000e+00
-1.188000e+01	-1.185000e+01	1.173172e-03	1.173172e-03	1.173172e-03
-1.185000e+01	-1.182000e+01	0.000000e+00	0.000000e+00	0.000000e+00
-1.182000e+01	-1.179000e+01	0.000000e+00	0.000000e+00	0.000000e+00
-1.179000e+01	-1.176000e+01	4.407240e-04	4.407240e-04	4.407240e-04
-1.176000e+01	-1.173000e+01	0.000000e+00	0.000000e+00	0.000000e+00
-1.173000e+01	-1.170000e+01	0.000000e+00	0.000000e+00	0.000000e+00
-1.170000e+01	-1.167000e+01	3.789093e-04	3.789094e-04	3.789094e-04
-1.167000e+01	-1.164000e+01	1.614859e-03	1.049492e-03	1.049492e-03
-1.164000e+01	-1.161000e+01	0.000000e+00	0.000000e+00	0.000000e+00
-1.161000e+01	-1.158000e+01	0.000000e+00	0.000000e+00	0.000000e+00
-1.158000e+01	-1.155000e+01	8.069333e-04	8.069333e-04	8.069333e-04
-1.155000e+01	-1.152000e+01	9.573023e-05	7.049944e-05	7.049944e-05
-1.152000e+01	-1.149000e+01	0.000000e+00	0.000000e+00	0.000000e+00
-1.149000e+01	-1.146000e+01	0.000000e+00	0.000000e+00	0.000000e+00
-1.146000e+01	-1.143000e+01	1.075719e-03	5.835445e-04	5.835445e-04
-1.143000e+01	-1.140000e+01	0.000000e+00	0.000000e+00	0.000000e+00
-1.140000e+01	-1.137000e+01	0.000000e+00	0.000000e+00	0.000000e+00
-1.137000e+01	-1.134000e+01	0.000000e+00	0.000000e+00	0.000000e+00
-1.134000e+01	-1.131000e+01	3.148442e-03	2.959815e-03	2.959815e-03
-1.131000e+01	-1.128000e+01	9.106627e-03	9.009317e-03	9.009317e-03
-1.128000e+01	-1.125000e+01	0.000000e+00	0.000000e+00	0.000000e+00
-1.125000e+01	-1.122000e+01	3.144665e-03	2.599114e-03	2.599114e-03
-1.122000e+01	-1.119000e+01	4.751183e-04	4.751185e-04	4.751185e-04
-1.119000e+01	-1.116000e+01	4.084117e-03	3.973331e-03	3.973331e-03
-1.116000e+01	-1.113000e+01	2.475340e-04	2.475340e-04	2.475340e-04
-1.113000e+01	-1.110000e+01	0.000000e+00	0.000000e+00	0.000000e+00
-1.110000e+01	-1.107000e+01	9.009653e-03	8.982420e-03	8.982420e-03
-1.107000e+01	-1.104000e+01	1.843495e-03	1.828272e-03	1.828272e-03
-1.104000e+01	-1.101000e+01	3.489510e-03	2.593364e-03	2.593364e-03
-1.101000e+01	-1.098000e+01	0.000000e+00	0.000000e+00	0.000000e+00
-1.098000e+01	-1.095000e+01	2.402731e-03	1.700921e-03	1.700921e-03
-1.095000e+01	-1.092000e+01	2.812027e-05	2.812027e-05	2.812027e-05
-1.092000e+01	-1.089000e+01	0.000000e+00	0.000000e+00	0.000000e+00
-1.089000e+01	-1.086000e+01	4.861393e-03	4.578190e-03	4.578190e-03
-1.086000e+01	-1.083000e+01	2.149223e-03	1.944486e-03	1.944486e-03
-1.083000e+01	-1.080000e+01	2.499421e-03	2.417694e-03	2.417694e-03
-1.080000e+01	-1.077000e+01	1.820571e-03	1.796754e-03	1.796754e-03
-1.077000e+01	-1.074000e+01	1.341624e-04	1.016437e-04	1.016437e-04
-1.074000e+01	-1.071000e+01	3.479070e-03	2.776870e-03	2.776870e-03
-1.071000e+01	-1.068000e+01	3.846660e-03	2.343980e-03	2.343980e-03
-1.068000e+01	-1.065000e+01	3.362933e-03	2.418211e-03	2.418211e-03
-1.065000e+01	-1.062000e+01	4.651013e-03	4.535098e-03	4.535098e-03
-1.062000e+01	-1.059000e+01	3.700620e-05	3.700619e-05	3.700619e-05
-1.059000e+01	-1.056000e+01	0.000000e+00	0.000000e+00	0.000000e+00
-1.056000e+01	-1.053000e+01	2.567731e-04	2.296038e-04	2.296038e-04
-1.053000e+01	-1.050000e+01	1.088590e-03	1.024966e-03	1.024966e-03
-1.050000e+01	-1.047000e+01	1.267347e-02	1.218650e-02	1.218650e-02
-1.047000e+01	-1.044000e+01	1.900807e-04	1.360606e-04	1.360606e-04
-1.044000e+01	-1.041000e+01	0.000000e+00	0.000000e+00	0.000000e+00
-1.041000e+01	-1.038000e+01	6.409360e-04	3.844617e-04	3.844617e-04
-1.038000e+01	-1.035000e+01	5.536740e-03	4.237508e-03	4.237508e-03
-1.035000e+01	-1.032000e+01	5.120543e-03	5.103474e-03	5.103474e-03
-1.032000e+01	-1.029000e+01	2.372882e-04	1.851250e-04	1.851250e-04
-1.029000e+01	-1.026000e+01	1.042879e-03	9.296820e-04	9.296820e-04
-1.026000e+01	-1.023000e+01	1.385470e-02	1.370535e-02	1.370535e-02
-1.023000e+01	-1.020000e+01	1.610308e-04	1.300614e-04	1.300614e-04
-1.020000e+01	-1.017000e+01	1.495483e-02	1.183666e-02	1.183666e-02
-1.017000e+01	-1.014000e+01	5.668780e-03	3.569146e-03	3.569146e-03
-1.014000e+01	-1.011000e+01	3.917757e-03	3.917757e-03	3.917757e-03
-1.011000e+01	-1.008000e+01	4.382807e-04	3.824552e-04	3.824552e-04
-1.008000e+01	-1.005000e+01	2.926824e-02	2.466066e-02	2.466066e-02
-1.005000e+01	-1.002000e+01	6.041617e-03	2.780024e-03	2.780024e-03
-1.002000e+01	-9.990000e+00	3.025686e-04	2.154060e-04	2.154060e-04
-9.990000e+00	-9.960000e+00	3.648697e-03	2.844947e-03	2.844947e-03
-9.960000e+00	-9.930000e+00	2.128932e-03	1.439528e-03	1.439528e-03
-9.930000e+00	-9.900000e+00	5.463770e-03	3.179999e-03	3.179999e-03
-9.900000e+00	-9.870000e+00	5.105277e-02	4.394196e-02	4.394196e-02
-9.870000e+00	-9.840000e+00	1.614070e-03	1.132292e-03	1.132292e-03
-9.840000e+00	-9.810000e+00	4.105900e-02	3.872315e-02	3.872315e-02
-9.810000e+00	-9.780000e+00	1.348844e-03	8.535723e-04	8.535723e-04
-9.780000e+00	-9.750000e+00	7.397230e-04	5.512120e-04	5.512120e-04
-9.750000e+00	-9.720000e+00	3.302137e-03	2.490773e-03	2.490773e-03
-9.720000e+00	-9.690000e+00	1.876025e-02	1.114627e-02	1.114627e-02
-9.690000e+00	-9.660000e+00	4.242000e-02	2.575244e-02	2.575244e-02
-9.660000e+00	-9.630000e+00	5.534670e-03	3.017791e-03	3.017791e-03
-9.630000e+00	-9.600000e+00	1.915365e-02	8.489803e-03	8.489803e-03
-9.600000e+00	-9.570000e+00	1.376775e-02	1.264626e-02	1.264626e-02
-9.570000e+00	-9.540000e+00	1.626589e-03	1.024310e-03	1.024310e-03
-9.540000e+00	-9.510000e+00	1.552005e-03	9.751069e-04	9.751069e-04
-9.510000e+00	-9.480000e+00	3.812080e-02	2.534121e-02	2.534121e-02
-9.480000e+00	-9.450000e+00	2.713491e-03	2.226653e-03	2.226653e-03
-9.450000e+00	-9.420000e+00	9.076837e-03	4.207265e-03	4.207265e-03
-9.420000e+00	-9.390000e+00	1.821585e-03	1.404015e-03	1.404015e-03
-9.390000e+00	-9.360000e+00	1.091960e-02	5.061689e-03	5.061689e-03
-9.360000e+00	-9.330000e+00	1.020467e-02	5.776390e-03	5.776390e-03
-9.330000e+00	-9.300000e+00	9.349750e-03	7.120332e-03	7.120332e-03
-9.300000e+00	-9.270000e+00	6.816537e-03	4.303997e-03	4.303997e-03
-9.270000e+00	-9.240000e+00	8.064903e-03	4.821528e-03	4.821528e-03
-9.240000e+00	-9.210000e+00	2.838684e-02	1.534349e-02	1.534349e-02
-9.210000e+00	-9.180000e+00	1.363634e-02	6.338150e-03	6.338150e-03
-9.180000e+00	-9.150000e+00	2.838380e-02	2.722246e-02	2.722246e-02
-9.150000e+00	-9.120000e+00	4.357703e-02	4.060033e-02	4.060033e-02
-9.120000e+00	-9.090000e+00	2.077934e-02	1.999355e-02	1.999355e-02
-9.090000e+00	-9.060000e+00	2.848866e-02	1.731654e-02	1.731654e-02
-9.060000e+00	-9.030000e+00	4.024907e-03	1.775249e-03	1.775249e-03
-9.030000e+00	-9.000000e+00	8.619647e-02	7.103223e-02	7.103223e-02
-9.000000e+00	-8.970000e+00	2.045346e-02	1.423453e-02	1.423453e-02
-8.970000e+00	-8.940000e+00	6.953717e-02	4.100579e-02	4.100579e-02
-8.940000e+00	-8.910000e+00	2.401695e-03	1.399012e-03	1.399012e-03
-8.910000e+00	-8.880000e+00	7.434973e-03	4.204787e-03	4.204787e-03
-8.880000e+00	-8.850000e+00	4.690857e-03	2.526791e-03	2.526791e-03
-8.850000e+00	-8.820000e+00	9.955390e-02	8.486500e-02	8.486500e-02
-8.820000e+00	-8.790000e+00	2.050614e-02	1.403542e-02	1.403542e-02
-8.790000e+00	-8.760000e+00	3.626160e-02	2.027692e-02	2.027692e-02
-8.760000e+00	-8.730000e+00	7.893363e-02	7.261031e-02	7.261031e-02
-8.730000e+00	-8.700000e+00	8.013983e-03	5.418464e-03	5.418464e-03
-8.700000e+00	-8.670000e+00	1.272528e-01	7.927618e-02	7.927618e-02
-8.670000e+00	-8.640000e+00	2.182248e-02	1.160097e-02	1.160097e-02
-8.640000e+00	-8.610000e+00	2.607008e-03	1.228487e-03	1.228487e-03
-8.610000e+00	-8.580000e+00	4.889640e-02	2.406609e-02	2.406609e-02
-8.580000e+00	-8.550000e+00	1.070327e-01	5.781104e-02	5.781104e-02
-8.550000e+00	-8.520000e+00	1.047647e-02	6.352589e-03	6.352589e-03
-8.520000e+00	-8.490000e+00	3.383373e-02	1.666292e-02	1.666292e-02
-8.490000e+00	-8.460000e+00	8.095167e-02	4.250605e-02	4.250605e-02
-8.460000e+00	-8.430000e+00	1.478988e-01	9.931963e-02	9.931963e-02
-8.430000e+00	-8.400000e+00	1.552363e-02	8.072441e-03	8.072441e-03
-8.400000e+00	-8.370000e+00	1.217797e-01	6.820829e-02	6.820829e-02
-8.370000e+00	-8.340000e+00	1.353312e-01	9.328492e-02	9.328492e-02
-8.340000e+00	-8.310000e+00	6.838810e-02	2.885803e-02	2.885803e-02
-8.310000e+00	-8.280000e+00	3.312836e-02	1.512826e-02	1.512826e-02
-8.280000e+00	-8.250000e+00	2.571985e-02	1.850416e-02	1.850416e-02
-8.250000e+00	-8.220000e+00	2.346305e-02	1.623051e-02	1.623051e-02
-8.220000e+00	-8.190000e+00	3.465617e-02	1.459303e-02	1.459303e-02
-8.190000e+00	-8.160000e+00	1.433010e-01	8.993973e-02	8.993973e-02
-8.160000e+00	-8.130000e+00	3.488467e-02	1.883616e-02	1.883616e-02
-8.130000e+00	-8.100000e+00	5.578740e-02	3.410212e-02	3.410212e-02
-8.100000e+00	-8.070000e+00	1.566601e-01	7.915679e-02	7.915679e-02
-8.070000e+00	-8.040000e+00	6.432740e-02	2.283074e-02	2.283074e-02
-8.040000e+00	-8.010000e+00	1.900024e-01	1.014263e-01	1.014263e-01
-8.010000e+00	-7.980000e+00	6.496957e-02	3.533706e-02	3.533706e-02
-7.980000e+00	-7.950000e+00	6.054493e-02	2.567248e-02	2.567248e-02
-7.950000e+00	-7.920000e+00	9.213393e-02	3.531037e-02	3.531037e-02
-7.920000e+00	-7.890000e+00	1.836278e-02	9.057601e-03	9.057601e-03
-7.890000e+00	-7.860000e+00	4.106377e-02	1.737519e-02	1.737519e-02
-7.860000e+00	-7.830000e+00	1.967412e-01	9.766313e-02	9.766313e-02
-7.830000e+00	-7.800000e+00	9.622077e-02	6.625773e-02	6.625773e-02
-7.800000e+00	-7.770000e+00	9.625033e-01	8.301110e-01	8.301110e-01
-7.770000e+00	-7.740000e+00	7.435747e-02	3.120863e-02	3.120863e-02
-7.740000e+00	-7.710000e+00	4.812063e-02	2.091712e-02	2.091712e-02
-7.710000e+00	-7.680000e+00	8.681933e-02	3.777920e-02	3.777920e-02
-7.680000e+00	-7.650000e+00	2.057764e-01	7.976318e-02	7.976318e-02
-7.650000e+00	-7.620000e+00	1.342972e-01	8.439001e-02	8.439001e-02
-7.620000e+00	-7.590000e+00	3.258327e-02	1.687521e-02	1.687521e-02
-7.590000e+00	-7.560000e+00	1.199544e-01	6.174795e-02	6.174795e-02
-7.560000e+00	-7.530000e+00	1.070777e-01	4.928423e-02	4.928423e-02
-7.530000e+00	-7.500000e+00	1.256457e-01	4.283895e-02	4.283895e-02
-7.500000e+00	-7.470000e+00	1.201794e-01	5.819244e-02	5.819244e-02
-7.470000e+00	-7.440000e+00	8.056433e-02	3.235342e-02	3.235342e-02
-7.440000e+00	-7.410000e+00	1.469060e-01	1.088364e-01	1.088364e-01
-7.410000e+00	-7.380000e+00	4.557203e-02	2.917965e-02	2.917965e-02
-7.380000e+00	-7.350000e+00	3.151371e-01	1.417204e-01	1.417204e-01
-7.350000e+00	-7.320000e+00	2.071858e-01	1.268474e-01	1.268474e-01
-7.320000e+00	-7.290000e+00	7.604277e-02	2.879228e-02	2.879228e-02
-7.290000e+00	-7.260000e+00	5.761963e-02	4.709211e-02	4.709211e-02
-7.260000e+00	-7.230000e+00	3.902727e-02	1.864287e-02	1.864287e-02
-7.230000e+00	-7.200000e+00	1.498166e-01	6.043275e-02	6.043275e-02
-7.200000e+00	-7.170000e+00	1.274325e-01	7.329845e-02	7.329845e-02
-7.170000e+00	-7.140000e+00	1.403861e-01	6.510620e-02	6.510620e-02
-7.140000e+00	-7.110000e+00	2.656230e-02	1.345888e-02	1.345888e-02
-7.110000e+00	-7.080000e+00	9.300500e-02	3.631195e-02	3.631195e-02
-7.080000e+00	-7.050000e+00	9.804970e-02	8.287554e-02	8.287554e-02
-7.050000e+00	-7.020000e+00	4.804367e-02	2.525533e-02	2.525533e-02
-7.020000e+00	-6.990000e+00	1.660136e-01	6.254294e-02	6.254294e-02
-6.990000e+00	-6.960000e+00	3.142489e-01	1.357752e-01	1.357752e-01
-6.960000e+00	-6.930000e+00	8.824810e-02	4.401546e-02	4.401546e-02
-6.930000e+00	-6.900000e+00	2.728882e-01	1.229143e-01	1.229143e-01
-6.900000e+00	-6.870000e+00	2.480049e-01	1.083779e-01	1.083779e-01
-6.870000e+00	-6.840000e+00	1.592918e+00	1.421161e+00	1.421161e+00
-6.840000e+00	-6.810000e+00	2.214104e-01	8.207757e-02	8.207757e-02
-6.810000e+00	-6.780000e+00	3.985467e-01	1.393730e-01	1.393730e-01
-6.780000e+00	-6.750000e+00	1.200783e-01	5.999087e-02	5.999087e-02
-6.750000e+00	-6.720000e+00	2.704891e-01	1.149875e-01	1.149875e-01
-6.720000e+00	-6.690000e+00	2.194417e-01	1.039559e-01	1.039559e-01
-6.690000e+00	-6.660000e+00	4.269670e-02	2.169330e-02	2.169330e-02
-6.660000e+00	-6.630000e+00	1.402555e-01	7.735798e-02	7.735798e-02
-6.630000e+00	-6.600000e+00	3.677020e-01	1.285685e-01	1.285685e-01
-6.600000e+00	-6.570000e+00	2.032745e-01	9.063517e-02	9.063517e-02
-6.570000e+00	-6.540000e+00	2.735437e-01	1.051953e-01	1.051953e-01
-6.540000e+00	-6.510000e+00	3.566763e-02	1.731087e-02	1.731087e-02
-6.510000e+00	-6.480000e+00	2.175617e-01	8.482843e-02	8.482843e-02
-6.480000e+00	-6.450000e+00	2.458451e-01	1.218218e-01	1.218218e-01
-6.450000e+00	-6.420000e+00	1.785810e-01	7.457209e-02	7.457209e-02
-6.420000e+00	-6.390000e+00	2.683321e-01	1.241163e-01	1.241163e-01
-6.390000e+00	-6.360000e+00	5.778653e-02	3.008995e-02	3.008995e-02
-6.360000e+00	-6.330000e+00	1.505795e-01	6.935899e-02	6.935899e-02
-6.330000e+00	-6.300000e+00	1.341678e-01	5.848450e-02	5.848450e-02
-6.300000e+00	-6.270000e+00	2.346612e-01	9.815189e-02	9.815189e-02
-6.270000e+00	-6.240000e+00	1.026854e-01	4.325056e-02	4.325056e-02
-6.240000e+00	-6.210000e+00	3.376143e-01	1.303891e-01	1.303891e-01
-6.210000e+00	-6.180000e+00	2.333937e-01	1.343870e-01	1.343870e-01
-6.180000e+00	-6.150000e+00	8.753887e-02	4.240396e-02	4.240396e-02
-6.150000e+00	-6.120000e+00	4.305453e-01	2.184033e-01	2.184033e-01
-6.120000e+00	-6.090000e+00	1.513449e-01	1.035144e-01	1.035144e-01
-6.090000e+00	-6.060000e+00	5.777923e-02	2.949951e-02	2.949951e-02
-6.060000e+00	-6.030000e+00	2.704504e-01	1.144132e-01	1.144132e-01
-6.030000e+00	-6.000000e+00	1.903582e-01	7.425353e-02	7.425353e-02
-6.000000e+00	-5.970000e+00	4.725830e-02	2.667218e-02	2.667218e-02
-5.970000e+00	-5.940000e+00	1.410166e-01	9.018522e-02	9.018522e-02
-5.940000e+00	-5.910000e+00	6.434753e-02	2.969206e-02	2.969206e-02
-5.910000e+00	-5.880000e+00	5.540573e-02	3.062115e-02	3.062115e-02
-5.880000e+00	-5.850000e+00	8.286983e-02	5.505645e-02	5.505645e-02
-5.850000e+00	-5.820000e+00	1.479305e-01	7.964046e-02	7.964046e-02
-5.820000e+00	-5.790000e+00	1.504551e-01	7.424429e-02	7.424429e-02
-5.790000e+00	-5.760000e+00	1.658962e-01	1.000038e-01	1.000038e-01
-5.760000e+00	-5.730000e+00	1.124978e-01	4.619354e-02	4.619354e-02
-5.730000e+00	-5.700000e+00	9.169837e-02	5.122366e-02	5.122366e-02
-5.700000e+00	-5.670000e+00	8.870927e-02	5.098440e-02	5.098440e-02
-5.670000e+00	-5.640000e+00	2.246639e-01	1.021322e-01	1.021322e-01
-5.640000e+00	-5.610000e+00	4.762143e-03	3.243077e-03	3.243077e-03
-5.610000e+00	-5.580000e+00	6.656713e-02	3.604124e-02	3.604124e-02
-5.580000e+00	-5.550000e+00	6.296440e-02	3.913318e-02	3.913318e-02
-5.550000e+00	-5.520000e+00	5.840013e-02	3.163358e-02	3.163358e-02
-5.520000e+00	-5.490000e+00	1.031589e-01	4.389611e-02	4.389611e-02
-5.490000e+00	-5.460000e+00	1.260620e-01	6.634312e-02	6.634312e-02
-5.460000e+00	-5.430000e+00	2.488413e-02	1.153518e-02	1.153518e-02
-5.430000e+00	-5.400000e+00	1.423482e-01	7.884173e-02	7.884173e-02
-5.400000e+00	-5.370000e+00	1.656152e-01	8.344783e-02	8.344783e-02
-5.370000e+00	-5.340000e+00	7.973170e-02	7.460528e-02	7.460528e-02
-5.340000e+00	-5.310000e+00	2.673259e-01	1.167307e-01	1.167307e-01
-5.310000e+00	-5.280000e+00	5.379627e-02	4.026672e-02	4.026672e-02
-5.280000e+00	-5.250000e+00	6.105287e-02	3.313674e-02	3.313674e-02
-5.250000e+00	-5.220000e+00	6.173167e-02	3.022194e-02	3.022194e-02
-5.220000e+00	-5.190000e+00	5.874747e-02	3.493437e-02	3.493437e-02
-5.190000e+00	-5.160000e+00	3.196005e-01	1.374339e-01	1.374339e-01
-5.160000e+00	-5.130000e+00	6.483850e-02	5.261298e-02	5.261298e-02
-5.130000e+00	-5.100000e+00	2.974018e-01	1.546574e-01	1.546574e-01
-5.100000e+00	-5.070000e+00	1.162301e-01	6.168586e-02	6.168586e-02
-5.070000e+00	-5.040000e+00	5.872337e-02	4.741131e-02	4.741131e-02
-5.040000e+00	-5.010000e+00	3.664473e-02	2.231242e-02	2.231242e-02
-5.010000e+00	-4.980000e+00	1.718005e-01	8.331008e-02	8.331008e-02
-4.980000e+00	-4.950000e+00	1.557408e-01	8.110091e-02	8.110091e-02
-4.950000e+00	-4.920000e+00	3.696297e-01	1.523137e-01	1.523137e-01
-4.920000e+00	-4.890000e+00	9.790543e-02	4.822669e-02	4.822669e-02
-4.890000e+00	-4.860000e+00	1.068823e-01	5.044553e-02	5.044553e-02
-4.860000e+00	-4.830000e+00	1.030131e-01	6.383101e-02	6.383101e-02
-4.830000e+00	-4.800000e+00	1.790317e-01	9.658389e-02	9.658389e-02
-4.800000e+00	-4.770000e+00	1.578557e-01	7.944514e-02	7.944514e-02
-4.770000e+00	-4.740000e+00	1.121151e-01	9.999141e-02	9.999141e-02
-4.740000e+00	-4.710000e+00	1.523837e-01	9.032899e-02	9.032899e-02
-4.710000e+00	-4.680000e+00	1.698118e-02	9.948249e-03	9.948249e-03
-4.680000e+00	-4.650000e+00	1.304818e-01	6.487067e-02	6.487067e-02
-4.650000e+00	-4.620000e+00	1.760684e-01	7.888515e-02	7.888515e-02
-4.620000e+00	-4.590000e+00	2.236663e-02	1.665627e-02	1.665627e-02
-4.590000e+00	-4.560000e+00	2.010048e-02	1.440388e-02	1.440388e-02
-4.560000e+00	-4.530000e+00	1.218357e-01	8.805823e-02	8.805823e-02
-4.530000e+00	-4.500000e+00	1.122794e-01	8.621557e-02	8.621557e-02
-4.500000e+00	-4.470000e+00	5.362150e-02	2.578021e-02	2.578021e-02
-4.470000e+00	-4.440000e+00	8.852263e-02	4.427253e-02	4.427253e-02
-4.440000e+00	-4.410000e+00	7.865693e-02	4.698767e-02	4.698767e-02
-4.410000e+00	-4.380000e+00	8.984800e-02	5.870112e-02	5.870112e-02
-4.380000e+00	-4.350000e+00	4.663787e-03	3.928356e-03	3.928356e-03
-4.350000e+00	-4.320000e+00	5.138517e-02	2.947059e-02	2.947059e-02
-4.320000e+00	-4.290000e+00	6.964387e-02	3.508665e-02	3.508665e-02
-4.290000e+00	-4.260000e+00	2.210584e-01	1.044689e-01	1.044689e-01
-4.260000e+00	-4.230000e+00	2.480260e-01	1.330318e-01	1.330318e-01
-4.230000e+00	-4.200000e+00	5.464603e-02	2.832702e-02	2.832702e-02
-4.200000e+00	-4.170000e+00	6.919680e-02	4.742588e-02	4.742588e-02
-4.170000e+00	-4.140000e+00	1.655036e-02	1.002522e-02	1.002522e-02
-4.140000e+00	-4.110000e+00	1.994136e-02	1.589995e-02	1.589995e-02
-4.110000e+00	-4.080000e+00	1.195915e-01	8.379231e-02	8.379231e-02
-4.080000e+00	-4.050000e+00	1.030470e-01	7.632825e-02	7.632825e-02
-4.050000e+00	-4.020000e+00	1.639292e-01	9.967937e-02	9.967937e-02
-4.020000e+00	-3.990000e+00	2.919968e-01	1.515002e-01	1.515002e-01
-3.990000e+00	-3.960000e+00	1.261649e-01	9.297092e-02	9.297092e-02
-3.960000e+00	-3.930000e+00	4.272253e-02	2.769447e-02	2.769447e-02
-3.930000e+00	-3.900000e+00	1.855923e-02	1.383984e-02	1.383984e-02
-3.900000e+00	-3.870000e+00	2.174853e-02	1.495319e-02	1.495319e-02
-3.870000e+00	-3.840000e+00	3.194966e-02	2.164662e-02	2.164662e-02
-3.840000e+00	-3.810000e+00	1.788436e-01	7.518539e-02	7.518539e-02
-3.810000e+00	-3.780000e+00	1.003604e-01	7.439073e-02	7.439073e-02
-3.780000e+00	-3.750000e+00	2.467335e-01	1.147008e-01	1.147008e-01
-3.750000e+00	-3.720000e+00	5.663983e-02	4.394399e-02	4.394399e-02
-3.720000e+00	-3.690000e+00	4.983610e-02	3.415172e-02	3.415172e-02
-3.690000e+00	-3.660000e+00	4.048607e-02	2.302664e-02	2.302664e-02
-3.660000e+00	-3.630000e+00	2.727833e-01	1.248374e-01	1.248374e-01
-3.630000e+00	-3.600000e+00	2.772203e-02	1.192138e-02	1.192138e-02
-3.600000e+00	-3.570000e+00	1.181230e-02	6.631018e-03	6.631018e-03
-3.570000e+00	-3.540000e+00	5.464647e-02	2.387515e-02	2.387515e-02
-3.540000e+00	-3.510000e+00	5.488573e-02	2.964753e-02	2.964753e-02
-3.510000e+00	-3.480000e+00	1.657674e-01	7.419947e-02	7.419947e-02
-3.480000e+00	-3.450000e+00	5.156513e-03	3.216187e-03	3.216187e-03
-3.450000e+00	-3.420000e+00	1.020053e+00	8.542055e-01	8.542055e-01
-3.420000e+00	-3.390000e+00	1.184269e-01	7.870068e-02	7.870068e-02
-3.390000e+00	-3.360000e+00	9.352870e-02	5.710978e-02	5.710978e-02
-3.360000e+00	-3.330000e+00	5.952600e-02	2.770678e-02	2.770678e-02
-3.330000e+00	-3.300000e+00	8.385980e-02	6.616048e-02	6.616048e-02
-3.300000e+00	-3.270000e+00	1.385032e-01	9.442214e-02	9.442214e-02
-3.270000e+00	-3.240000e+00	1.723768e-01	7.753067e-02	7.753067e-02
-3.240000e+00	-3.210000e+00	8.995683e-02	5.000640e-02	5.000640e-02
-3.210000e+00	-3.180000e+00	6.666657e-02	4.175173e-02	4.175173e-02
-3.180000e+00	-3.150000e+00	3.345400e-02	1.675908e-02	1.675908e-02
-3.150000e+00	-3.120000e+00	1.405011e-01	6.258559e-02	6.258559e-02
-3.120000e+00	-3.090000e+00	1.030838e-01	9.681777e-02	9.681777e-02
-3.090000e+00	-3.060000e+00	7.509923e-02	5.163128e-02	5.163128e-02
-3.060000e+00	-3.030000e+00	1.620239e-01	8.344905e-02	8.344905e-02
-3.030000e+00	-3.000000e+00	1.867460e-01	9.500509e-02	9.500509e-02
-3.000000e+00	-2.970000e+00	1.433716e-02	1.058376e-02	1.058376e-02
-2.970000e+00	-2.940000e+00	1.284839e-01	6.267727e-02	6.267727e-02
-2.940000e+00	-2.910000e+00	8.864977e-02	4.446938e-02	4.446938e-02
-2.910000e+00	-2.880000e+00	1.105006e-01	7.258356e-02	7.258356e-02
-2.880000e+00	-2.850000e+00	4.438590e-02	3.827368e-02	3.827368e-02
-2.850000e+00	-2.820000e+00	1.410347e-01	7.467472e-02	7.467472e-02
-2.820000e+00	-2.790000e+00	7.020637e-02	5.055858e-02	5.055858e-02
-2.790000e+00	-2.760000e+00	3.013040e-02	1.416989e-02	1.416989e-02
-2.760000e+00	-2.730000e+00	1.654838e-01	9.919973e-02	9.919973e-02
-2.730000e+00	-2.700000e+00	8.484933e-03	4.263438e-03	4.263438e-03
-2.700000e+00	-2.670000e+00	5.161790e-02	3.439921e-02	3.439921e-02
-2.670000e+00	-2.640000e+00	2.264145e-01	1.275266e-01	1.275266e-01
-2.640000e+00	-2.610000e+00	1.390387e-01	6.480150e-02	6.480150e-02
-2.610000e+00	-2.580000e+00	8.216043e-02	6.789566e-02	6.789566e-02
-2.580000e+00	-2.550000e+00	3.177177e-02	2.091415e-02	2.091415e-02
-2.550000e+00	-2.520000e+00	1.276481e-01	7.720130e-02	7.720130e-02
-2.520000e+00	-2.490000e+00	2.276661e-02	1.222356e-02	1.222356e-02
-2.490000e+00	-2.460000e+00	4.804493e-02	3.637832e-02	3.637832e-02
-2.460000e+00	-2.430000e+00	3.382953e-02	1.464881e-02	1.464881e-02
-2.430000e+00	-2.400000e+00	2.755073e-01	1.215266e-01	1.215266e-01
-2.400000e+00	-2.370000e+00	1.081528e-01	6.648624e-02	6.648624e-02
-2.370000e+00	-2.340000e+00	9.655027e-02	3.960657e-02	3.960657e-02
-2.340000e+00	-2.310000e+00	9.908727e-02	6.592153e-02	6.592153e-02
-2.310000e+00	-2.280000e+00	1.379124e-01	8.031527e-02	8.031527e-02
-2.280000e+00	-2.250000e+00	6.896980e-02	4.717545e-02	4.717545e-02
-2.250000e+00	-2.220000e+00	2.108253e-01	9.723294e-02	9.723294e-02
-2.220000e+00	-2.190000e+00	1.137780e-01	6.556160e-02	6.556160e-02
-2.190000e+00	-2.160000e+00	1.075707e-01	9.570799e-02	9.570799e-02
-2.160000e+00	-2.130000e+00	3.943657e-02	2.479001e-02	2.479001e-02
-2.130000e+00	-2.100000e+00	3.951903e-02	2.200131e-02	2.200131e-02
-2.100000e+00	-2.070000e+00	4.645600e-02	3.388771e-02	3.388771e-02
-2.070000e+00	-2.040000e+00	2.387767e-01	1.258160e-01	1.258160e-01
-2.040000e+00	-2.010000e+00	1.605817e-01	1.020390e-01	1.020390e-01
-2.010000e+00	-1.980000e+00	1.424513e-01	7.563927e-02	7.563927e-02
-1.980000e+00	-1.950000e+00	4.758097e-03	2.702830e-03	2.702830e-03
-1.950000e+00	-1.920000e+00	1.198448e-01	6.728270e-02	6.728270e-02
-1.920000e+00	-1.890000e+00	2.329429e-01	1.349814e-01	1.349814e-01
-1.890000e+00	-1.860000e+00	1.051364e-01	7.117646e-02	7.117646e-02
-1.860000e+00	-1.830000e+00	1.271956e-02	7.893746e-03	7.893746e-03
-1.830000e+00	-1.800000e+00	1.148254e-01	1.037467e-01	1.037467e-01
-1.800000e+00	-1.770000e+00	4.971707e-02	3.249627e-02	3.249627e-02
-1.770000e+00	-1.740000e+00	9.235727e-02	5.025676e-02	5.025676e-02
-1.740000e+00	-1.710000e+00	2.674949e-02	2.316122e-02	2.316122e-02
-1.710000e+00	-1.680000e+00	7.638507e-02	5.117167e-02	5.117167e-02
-1.680000e+00	-1.650000e+00	5.347360e-02	3.063764e-02	3.063764e-02
-1.650000e+00	-1.620000e+00	1.287866e-01	7.276015e-02	7.276015e-02
-1.620000e+00	-1.590000e+00	2.983870e-02	1.638605e-02	1.638605e-02
-1.590000e+00	-1.560000e+00	7.665127e-02	4.655818e-02	4.655818e-02
-1.560000e+00	-1.530000e+00	1.388393e-02	9.892844e-03	9.892844e-03
-1.530000e+00	-1.500000e+00	9.433860e-02	6.622505e-02	6.622505e-02
-1.500000e+00	-1.470000e+00	3.783213e-02	1.642139e-02	1.642139e-02
-1.470000e+00	-1.440000e+00	2.533956e-01	1.195032e-01	1.195032e-01
-1.440000e+00	-1.410000e+00	3.810270e-02	2.381063e-02	2.381063e-02
-1.410000e+00	-1.380000e+00	1.406870e-02	1.061951e-02	1.061951e-02
-1.380000e+00	-1.350000e+00	1.414957e-02	1.325022e-02	1.325022e-02
-1.350000e+00	-1.320000e+00	6.210360e-02	4.373063e-02	4.373063e-02
-1.320000e+00	-1.290000e+00	1.484156e-02	1.051936e-02	1.051936e-02
-1.290000e+00	-1.260000e+00	1.768701e-01	8.963381e-02	8.963381e-02
-1.260000e+00	-1.230000e+00	6.670707e-02	4.436598e-02	4.436598e-02
-1.230000e+00	-1.200000e+00	1.301924e-01	7.806366e-02	7.806366e-02
-1.200000e+00	-1.170000e+00	7.789613e-02	5.397381e-02	5.397381e-02
-1.170000e+00	-1.140000e+00	7.519593e-02	6.950308e-02	6.950308e-02
-1.140000e+00	-1.110000e+00	2.827044e-02	1.656113e-02	1.656113e-02
-1.110000e+00	-1.080000e+00	2.261313e-02	1.034911e-02	1.034911e-02
-1.080000e+00	-1.050000e+00	8.493873e-02	6.612675e-02	6.612675e-02
-1.050000e+00	-1.020000e+00	6.817587e-02	6.377741e-02	6.377741e-02
-1.020000e+00	-9.900000e-01	9.105283e-02	7.092950e-02	7.092950e-02
-9.900000e-01	-9.600000e-01	1.328888e-02	1.328888e-02	1.328888e-02
-9.600000e-01	-9.300000e-01	9.375733e-03	8.885549e-03	8.885549e-03
-9.300000e-01	-9.000000e-01	0.000000e+00	0.000000e+00	0.000000e+00
-9.000000e-01	-8.700000e-01	9.970137e-03	7.575102e-03	7.575102e-03
-8.700000e-01	-8.400000e-01	0.000000e+00	0.000000e+00	0.000000e+00
-8.400000e-01	-8.100000e-01	2.661018e-02	1.821257e-02	1.821257e-02
-8.100000e-01	-7.800000e-01	1.146922e-01	9.239147e-02	9.239147e-02
-7.800000e-01	-7.500000e-01	0.000000e+00	0.000000e+00	0.000000e+00
-7.500000e-01	-7.200000e-01	8.019893e-03	8.019893e-03	8.019893e-03
-7.200000e-01	-6.900000e-01	0.000000e+00	0.000000e+00	0.000000e+00
-6.900000e-01	-6.600000e-01	2.794354e-02	2.794354e-02	2.794354e-02
-6.600000e-01	-6.300000e-01	0.000000e+00	0.000000e+00	0.000000e+00
-6.300000e-01	-6.000000e-01	9.558733e-04	9.558734e-04	9.558734e-04
-6.000000e-01	-5.700000e-01	0.000000e+00	0.000000e+00	0.000000e+00
-5.700000e-01	-5.400000e-01	0.000000e+00	0.000000e+00	0.000000e+00
-5.400000e-01	-5.100000e-01	0.000000e+00	0.000000e+00	0.000000e+00
-5.100000e-01	-4.800000e-01	0.000000e+00	0.000000e+00	0.000000e+00
-4.800000e-01	-4.500000e-01	0.000000e+00	0.000000e+00	0.000000e+00
-4.500000e-01	-4.200000e-01	0.000000e+00	0.000000e+00	0.000000e+00
-4.200000e-01	-3.900000e-01	0.000000e+00	0.000000e+00	0.000000e+00
-3.900000e-01	-3.600000e-01	3.495563e-03	3.495564e-03	3.495564e-03
-3.600000e-01	-3.300000e-01	0.000000e+00	0.000000e+00	0.000000e+00
-3.300000e-01	-3.000000e-01	0.000000e+00	0.000000e+00	0.000000e+00
-3.000000e-01	-2.700000e-01	0.000000e+00	0.000000e+00	0.000000e+00
-2.700000e-01	-2.400000e-01	0.000000e+00	0.000000e+00	0.000000e+00
-2.400000e-01	-2.100000e-01	0.000000e+00	0.000000e+00	0.000000e+00
-2.100000e-01	-1.800000e-01	0.000000e+00	0.000000e+00	0.000000e+00
-1.800000e-01	-1.500000e-01	0.000000e+00	0.000000e+00	0.000000e+00
-1.500000e-01	-1.200000e-01	0.000000e+00	0.000000e+00	0.000000e+00
-1.200000e-01	-9.000000e-02	0.000000e+00	0.000000e+00	0.000000e+00
-9.000000e-02	-6.000000e-02	0.000000e+00	0.000000e+00	0.000000e+00
-6.000000e-02	-3.000000e-02	0.000000e+00	0.000000e+00	0.000000e+00
-3.000000e-02	0.000000e+00	0.000000e+00	0.000000e+00	0.000000e+00
# END HISTO1D

# BEGIN HISTO1D //afs/cern.ch/user/d/dkar/lh2015-qg/Vincia-2001/lhc/hadron/zjet_born.yoda/MC_LHQG_Zjet/log_mMDT_GA_10_20_Q200_R4
LineColor=blue
LineStyle=solid
Path=//afs/cern.ch/user/d/dkar/lh2015-qg/Vincia-2001/lhc/hadron/zjet_born.yoda/MC_LHQG_Zjet/log_mMDT_GA_10_20_Q200_R4
ScaledBy=1
Title=zjet_born
XLabel=
YLabel=
# xlow	 xhigh	 val	 errminus	 errplus
-1.500000e+01	-1.497000e+01	0.000000e+00	0.000000e+00	0.000000e+00
-1.497000e+01	-1.494000e+01	0.000000e+00	0.000000e+00	0.000000e+00
-1.494000e+01	-1.491000e+01	0.000000e+00	0.000000e+00	0.000000e+00
-1.491000e+01	-1.488000e+01	0.000000e+00	0.000000e+00	0.000000e+00
-1.488000e+01	-1.485000e+01	0.000000e+00	0.000000e+00	0.000000e+00
-1.485000e+01	-1.482000e+01	0.000000e+00	0.000000e+00	0.000000e+00
-1.482000e+01	-1.479000e+01	0.000000e+00	0.000000e+00	0.000000e+00
-1.479000e+01	-1.476000e+01	0.000000e+00	0.000000e+00	0.000000e+00
-1.476000e+01	-1.473000e+01	0.000000e+00	0.000000e+00	0.000000e+00
-1.473000e+01	-1.470000e+01	0.000000e+00	0.000000e+00	0.000000e+00
-1.470000e+01	-1.467000e+01	0.000000e+00	0.000000e+00	0.000000e+00
-1.467000e+01	-1.464000e+01	0.000000e+00	0.000000e+00	0.000000e+00
-1.464000e+01	-1.461000e+01	0.000000e+00	0.000000e+00	0.000000e+00
-1.461000e+01	-1.458000e+01	0.000000e+00	0.000000e+00	0.000000e+00
-1.458000e+01	-1.455000e+01	0.000000e+00	0.000000e+00	0.000000e+00
-1.455000e+01	-1.452000e+01	0.000000e+00	0.000000e+00	0.000000e+00
-1.452000e+01	-1.449000e+01	0.000000e+00	0.000000e+00	0.000000e+00
-1.449000e+01	-1.446000e+01	0.000000e+00	0.000000e+00	0.000000e+00
-1.446000e+01	-1.443000e+01	0.000000e+00	0.000000e+00	0.000000e+00
-1.443000e+01	-1.440000e+01	0.000000e+00	0.000000e+00	0.000000e+00
-1.440000e+01	-1.437000e+01	0.000000e+00	0.000000e+00	0.000000e+00
-1.437000e+01	-1.434000e+01	0.000000e+00	0.000000e+00	0.000000e+00
-1.434000e+01	-1.431000e+01	0.000000e+00	0.000000e+00	0.000000e+00
-1.431000e+01	-1.428000e+01	0.000000e+00	0.000000e+00	0.000000e+00
-1.428000e+01	-1.425000e+01	0.000000e+00	0.000000e+00	0.000000e+00
-1.425000e+01	-1.422000e+01	0.000000e+00	0.000000e+00	0.000000e+00
-1.422000e+01	-1.419000e+01	0.000000e+00	0.000000e+00	0.000000e+00
-1.419000e+01	-1.416000e+01	0.000000e+00	0.000000e+00	0.000000e+00
-1.416000e+01	-1.413000e+01	0.000000e+00	0.000000e+00	0.000000e+00
-1.413000e+01	-1.410000e+01	0.000000e+00	0.000000e+00	0.000000e+00
-1.410000e+01	-1.407000e+01	0.000000e+00	0.000000e+00	0.000000e+00
-1.407000e+01	-1.404000e+01	0.000000e+00	0.000000e+00	0.000000e+00
-1.404000e+01	-1.401000e+01	0.000000e+00	0.000000e+00	0.000000e+00
-1.401000e+01	-1.398000e+01	0.000000e+00	0.000000e+00	0.000000e+00
-1.398000e+01	-1.395000e+01	0.000000e+00	0.000000e+00	0.000000e+00
-1.395000e+01	-1.392000e+01	0.000000e+00	0.000000e+00	0.000000e+00
-1.392000e+01	-1.389000e+01	0.000000e+00	0.000000e+00	0.000000e+00
-1.389000e+01	-1.386000e+01	0.000000e+00	0.000000e+00	0.000000e+00
-1.386000e+01	-1.383000e+01	0.000000e+00	0.000000e+00	0.000000e+00
-1.383000e+01	-1.380000e+01	0.000000e+00	0.000000e+00	0.000000e+00
-1.380000e+01	-1.377000e+01	0.000000e+00	0.000000e+00	0.000000e+00
-1.377000e+01	-1.374000e+01	0.000000e+00	0.000000e+00	0.000000e+00
-1.374000e+01	-1.371000e+01	0.000000e+00	0.000000e+00	0.000000e+00
-1.371000e+01	-1.368000e+01	0.000000e+00	0.000000e+00	0.000000e+00
-1.368000e+01	-1.365000e+01	0.000000e+00	0.000000e+00	0.000000e+00
-1.365000e+01	-1.362000e+01	0.000000e+00	0.000000e+00	0.000000e+00
-1.362000e+01	-1.359000e+01	0.000000e+00	0.000000e+00	0.000000e+00
-1.359000e+01	-1.356000e+01	0.000000e+00	0.000000e+00	0.000000e+00
-1.356000e+01	-1.353000e+01	0.000000e+00	0.000000e+00	0.000000e+00
-1.353000e+01	-1.350000e+01	0.000000e+00	0.000000e+00	0.000000e+00
-1.350000e+01	-1.347000e+01	0.000000e+00	0.000000e+00	0.000000e+00
-1.347000e+01	-1.344000e+01	0.000000e+00	0.000000e+00	0.000000e+00
-1.344000e+01	-1.341000e+01	0.000000e+00	0.000000e+00	0.000000e+00
-1.341000e+01	-1.338000e+01	0.000000e+00	0.000000e+00	0.000000e+00
-1.338000e+01	-1.335000e+01	0.000000e+00	0.000000e+00	0.000000e+00
-1.335000e+01	-1.332000e+01	0.000000e+00	0.000000e+00	0.000000e+00
-1.332000e+01	-1.329000e+01	0.000000e+00	0.000000e+00	0.000000e+00
-1.329000e+01	-1.326000e+01	0.000000e+00	0.000000e+00	0.000000e+00
-1.326000e+01	-1.323000e+01	0.000000e+00	0.000000e+00	0.000000e+00
-1.323000e+01	-1.320000e+01	0.000000e+00	0.000000e+00	0.000000e+00
-1.320000e+01	-1.317000e+01	0.000000e+00	0.000000e+00	0.000000e+00
-1.317000e+01	-1.314000e+01	0.000000e+00	0.000000e+00	0.000000e+00
-1.314000e+01	-1.311000e+01	0.000000e+00	0.000000e+00	0.000000e+00
-1.311000e+01	-1.308000e+01	0.000000e+00	0.000000e+00	0.000000e+00
-1.308000e+01	-1.305000e+01	0.000000e+00	0.000000e+00	0.000000e+00
-1.305000e+01	-1.302000e+01	0.000000e+00	0.000000e+00	0.000000e+00
-1.302000e+01	-1.299000e+01	0.000000e+00	0.000000e+00	0.000000e+00
-1.299000e+01	-1.296000e+01	0.000000e+00	0.000000e+00	0.000000e+00
-1.296000e+01	-1.293000e+01	0.000000e+00	0.000000e+00	0.000000e+00
-1.293000e+01	-1.290000e+01	0.000000e+00	0.000000e+00	0.000000e+00
-1.290000e+01	-1.287000e+01	0.000000e+00	0.000000e+00	0.000000e+00
-1.287000e+01	-1.284000e+01	0.000000e+00	0.000000e+00	0.000000e+00
-1.284000e+01	-1.281000e+01	0.000000e+00	0.000000e+00	0.000000e+00
-1.281000e+01	-1.278000e+01	0.000000e+00	0.000000e+00	0.000000e+00
-1.278000e+01	-1.275000e+01	0.000000e+00	0.000000e+00	0.000000e+00
-1.275000e+01	-1.272000e+01	0.000000e+00	0.000000e+00	0.000000e+00
-1.272000e+01	-1.269000e+01	0.000000e+00	0.000000e+00	0.000000e+00
-1.269000e+01	-1.266000e+01	0.000000e+00	0.000000e+00	0.000000e+00
-1.266000e+01	-1.263000e+01	0.000000e+00	0.000000e+00	0.000000e+00
-1.263000e+01	-1.260000e+01	0.000000e+00	0.000000e+00	0.000000e+00
-1.260000e+01	-1.257000e+01	0.000000e+00	0.000000e+00	0.000000e+00
-1.257000e+01	-1.254000e+01	0.000000e+00	0.000000e+00	0.000000e+00
-1.254000e+01	-1.251000e+01	0.000000e+00	0.000000e+00	0.000000e+00
-1.251000e+01	-1.248000e+01	0.000000e+00	0.000000e+00	0.000000e+00
-1.248000e+01	-1.245000e+01	0.000000e+00	0.000000e+00	0.000000e+00
-1.245000e+01	-1.242000e+01	0.000000e+00	0.000000e+00	0.000000e+00
-1.242000e+01	-1.239000e+01	0.000000e+00	0.000000e+00	0.000000e+00
-1.239000e+01	-1.236000e+01	0.000000e+00	0.000000e+00	0.000000e+00
-1.236000e+01	-1.233000e+01	0.000000e+00	0.000000e+00	0.000000e+00
-1.233000e+01	-1.230000e+01	0.000000e+00	0.000000e+00	0.000000e+00
-1.230000e+01	-1.227000e+01	0.000000e+00	0.000000e+00	0.000000e+00
-1.227000e+01	-1.224000e+01	0.000000e+00	0.000000e+00	0.000000e+00
-1.224000e+01	-1.221000e+01	0.000000e+00	0.000000e+00	0.000000e+00
-1.221000e+01	-1.218000e+01	0.000000e+00	0.000000e+00	0.000000e+00
-1.218000e+01	-1.215000e+01	0.000000e+00	0.000000e+00	0.000000e+00
-1.215000e+01	-1.212000e+01	0.000000e+00	0.000000e+00	0.000000e+00
-1.212000e+01	-1.209000e+01	0.000000e+00	0.000000e+00	0.000000e+00
-1.209000e+01	-1.206000e+01	0.000000e+00	0.000000e+00	0.000000e+00
-1.206000e+01	-1.203000e+01	0.000000e+00	0.000000e+00	0.000000e+00
-1.203000e+01	-1.200000e+01	0.000000e+00	0.000000e+00	0.000000e+00
-1.200000e+01	-1.197000e+01	0.000000e+00	0.000000e+00	0.000000e+00
-1.197000e+01	-1.194000e+01	0.000000e+00	0.000000e+00	0.000000e+00
-1.194000e+01	-1.191000e+01	0.000000e+00	0.000000e+00	0.000000e+00
-1.191000e+01	-1.188000e+01	0.000000e+00	0.000000e+00	0.000000e+00
-1.188000e+01	-1.185000e+01	0.000000e+00	0.000000e+00	0.000000e+00
-1.185000e+01	-1.182000e+01	0.000000e+00	0.000000e+00	0.000000e+00
-1.182000e+01	-1.179000e+01	0.000000e+00	0.000000e+00	0.000000e+00
-1.179000e+01	-1.176000e+01	0.000000e+00	0.000000e+00	0.000000e+00
-1.176000e+01	-1.173000e+01	0.000000e+00	0.000000e+00	0.000000e+00
-1.173000e+01	-1.170000e+01	0.000000e+00	0.000000e+00	0.000000e+00
-1.170000e+01	-1.167000e+01	0.000000e+00	0.000000e+00	0.000000e+00
-1.167000e+01	-1.164000e+01	0.000000e+00	0.000000e+00	0.000000e+00
-1.164000e+01	-1.161000e+01	0.000000e+00	0.000000e+00	0.000000e+00
-1.161000e+01	-1.158000e+01	0.000000e+00	0.000000e+00	0.000000e+00
-1.158000e+01	-1.155000e+01	0.000000e+00	0.000000e+00	0.000000e+00
-1.155000e+01	-1.152000e+01	0.000000e+00	0.000000e+00	0.000000e+00
-1.152000e+01	-1.149000e+01	0.000000e+00	0.000000e+00	0.000000e+00
-1.149000e+01	-1.146000e+01	0.000000e+00	0.000000e+00	0.000000e+00
-1.146000e+01	-1.143000e+01	0.000000e+00	0.000000e+00	0.000000e+00
-1.143000e+01	-1.140000e+01	0.000000e+00	0.000000e+00	0.000000e+00
-1.140000e+01	-1.137000e+01	0.000000e+00	0.000000e+00	0.000000e+00
-1.137000e+01	-1.134000e+01	0.000000e+00	0.000000e+00	0.000000e+00
-1.134000e+01	-1.131000e+01	0.000000e+00	0.000000e+00	0.000000e+00
-1.131000e+01	-1.128000e+01	0.000000e+00	0.000000e+00	0.000000e+00
-1.128000e+01	-1.125000e+01	0.000000e+00	0.000000e+00	0.000000e+00
-1.125000e+01	-1.122000e+01	0.000000e+00	0.000000e+00	0.000000e+00
-1.122000e+01	-1.119000e+01	0.000000e+00	0.000000e+00	0.000000e+00
-1.119000e+01	-1.116000e+01	0.000000e+00	0.000000e+00	0.000000e+00
-1.116000e+01	-1.113000e+01	0.000000e+00	0.000000e+00	0.000000e+00
-1.113000e+01	-1.110000e+01	0.000000e+00	0.000000e+00	0.000000e+00
-1.110000e+01	-1.107000e+01	0.000000e+00	0.000000e+00	0.000000e+00
-1.107000e+01	-1.104000e+01	0.000000e+00	0.000000e+00	0.000000e+00
-1.104000e+01	-1.101000e+01	0.000000e+00	0.000000e+00	0.000000e+00
-1.101000e+01	-1.098000e+01	0.000000e+00	0.000000e+00	0.000000e+00
-1.098000e+01	-1.095000e+01	0.000000e+00	0.000000e+00	0.000000e+00
-1.095000e+01	-1.092000e+01	0.000000e+00	0.000000e+00	0.000000e+00
-1.092000e+01	-1.089000e+01	0.000000e+00	0.000000e+00	0.000000e+00
-1.089000e+01	-1.086000e+01	0.000000e+00	0.000000e+00	0.000000e+00
-1.086000e+01	-1.083000e+01	0.000000e+00	0.000000e+00	0.000000e+00
-1.083000e+01	-1.080000e+01	0.000000e+00	0.000000e+00	0.000000e+00
-1.080000e+01	-1.077000e+01	0.000000e+00	0.000000e+00	0.000000e+00
-1.077000e+01	-1.074000e+01	0.000000e+00	0.000000e+00	0.000000e+00
-1.074000e+01	-1.071000e+01	0.000000e+00	0.000000e+00	0.000000e+00
-1.071000e+01	-1.068000e+01	0.000000e+00	0.000000e+00	0.000000e+00
-1.068000e+01	-1.065000e+01	0.000000e+00	0.000000e+00	0.000000e+00
-1.065000e+01	-1.062000e+01	0.000000e+00	0.000000e+00	0.000000e+00
-1.062000e+01	-1.059000e+01	0.000000e+00	0.000000e+00	0.000000e+00
-1.059000e+01	-1.056000e+01	0.000000e+00	0.000000e+00	0.000000e+00
-1.056000e+01	-1.053000e+01	0.000000e+00	0.000000e+00	0.000000e+00
-1.053000e+01	-1.050000e+01	0.000000e+00	0.000000e+00	0.000000e+00
-1.050000e+01	-1.047000e+01	0.000000e+00	0.000000e+00	0.000000e+00
-1.047000e+01	-1.044000e+01	0.000000e+00	0.000000e+00	0.000000e+00
-1.044000e+01	-1.041000e+01	0.000000e+00	0.000000e+00	0.000000e+00
-1.041000e+01	-1.038000e+01	0.000000e+00	0.000000e+00	0.000000e+00
-1.038000e+01	-1.035000e+01	0.000000e+00	0.000000e+00	0.000000e+00
-1.035000e+01	-1.032000e+01	0.000000e+00	0.000000e+00	0.000000e+00
-1.032000e+01	-1.029000e+01	0.000000e+00	0.000000e+00	0.000000e+00
-1.029000e+01	-1.026000e+01	0.000000e+00	0.000000e+00	0.000000e+00
-1.026000e+01	-1.023000e+01	0.000000e+00	0.000000e+00	0.000000e+00
-1.023000e+01	-1.020000e+01	0.000000e+00	0.000000e+00	0.000000e+00
-1.020000e+01	-1.017000e+01	0.000000e+00	0.000000e+00	0.000000e+00
-1.017000e+01	-1.014000e+01	0.000000e+00	0.000000e+00	0.000000e+00
-1.014000e+01	-1.011000e+01	0.000000e+00	0.000000e+00	0.000000e+00
-1.011000e+01	-1.008000e+01	0.000000e+00	0.000000e+00	0.000000e+00
-1.008000e+01	-1.005000e+01	0.000000e+00	0.000000e+00	0.000000e+00
-1.005000e+01	-1.002000e+01	0.000000e+00	0.000000e+00	0.000000e+00
-1.002000e+01	-9.990000e+00	0.000000e+00	0.000000e+00	0.000000e+00
-9.990000e+00	-9.960000e+00	0.000000e+00	0.000000e+00	0.000000e+00
-9.960000e+00	-9.930000e+00	0.000000e+00	0.000000e+00	0.000000e+00
-9.930000e+00	-9.900000e+00	0.000000e+00	0.000000e+00	0.000000e+00
-9.900000e+00	-9.870000e+00	0.000000e+00	0.000000e+00	0.000000e+00
-9.870000e+00	-9.840000e+00	0.000000e+00	0.000000e+00	0.000000e+00
-9.840000e+00	-9.810000e+00	0.000000e+00	0.000000e+00	0.000000e+00
-9.810000e+00	-9.780000e+00	0.000000e+00	0.000000e+00	0.000000e+00
-9.780000e+00	-9.750000e+00	0.000000e+00	0.000000e+00	0.000000e+00
-9.750000e+00	-9.720000e+00	0.000000e+00	0.000000e+00	0.000000e+00
-9.720000e+00	-9.690000e+00	0.000000e+00	0.000000e+00	0.000000e+00
-9.690000e+00	-9.660000e+00	0.000000e+00	0.000000e+00	0.000000e+00
-9.660000e+00	-9.630000e+00	0.000000e+00	0.000000e+00	0.000000e+00
-9.630000e+00	-9.600000e+00	0.000000e+00	0.000000e+00	0.000000e+00
-9.600000e+00	-9.570000e+00	0.000000e+00	0.000000e+00	0.000000e+00
-9.570000e+00	-9.540000e+00	0.000000e+00	0.000000e+00	0.000000e+00
-9.540000e+00	-9.510000e+00	0.000000e+00	0.000000e+00	0.000000e+00
-9.510000e+00	-9.480000e+00	0.000000e+00	0.000000e+00	0.000000e+00
-9.480000e+00	-9.450000e+00	0.000000e+00	0.000000e+00	0.000000e+00
-9.450000e+00	-9.420000e+00	0.000000e+00	0.000000e+00	0.000000e+00
-9.420000e+00	-9.390000e+00	0.000000e+00	0.000000e+00	0.000000e+00
-9.390000e+00	-9.360000e+00	0.000000e+00	0.000000e+00	0.000000e+00
-9.360000e+00	-9.330000e+00	0.000000e+00	0.000000e+00	0.000000e+00
-9.330000e+00	-9.300000e+00	0.000000e+00	0.000000e+00	0.000000e+00
-9.300000e+00	-9.270000e+00	0.000000e+00	0.000000e+00	0.000000e+00
-9.270000e+00	-9.240000e+00	0.000000e+00	0.000000e+00	0.000000e+00
-9.240000e+00	-9.210000e+00	0.000000e+00	0.000000e+00	0.000000e+00
-9.210000e+00	-9.180000e+00	0.000000e+00	0.000000e+00	0.000000e+00
-9.180000e+00	-9.150000e+00	0.000000e+00	0.000000e+00	0.000000e+00
-9.150000e+00	-9.120000e+00	0.000000e+00	0.000000e+00	0.000000e+00
-9.120000e+00	-9.090000e+00	0.000000e+00	0.000000e+00	0.000000e+00
-9.090000e+00	-9.060000e+00	0.000000e+00	0.000000e+00	0.000000e+00
-9.060000e+00	-9.030000e+00	0.000000e+00	0.000000e+00	0.000000e+00
-9.030000e+00	-9.000000e+00	0.000000e+00	0.000000e+00	0.000000e+00
-9.000000e+00	-8.970000e+00	0.000000e+00	0.000000e+00	0.000000e+00
-8.970000e+00	-8.940000e+00	0.000000e+00	0.000000e+00	0.000000e+00
-8.940000e+00	-8.910000e+00	0.000000e+00	0.000000e+00	0.000000e+00
-8.910000e+00	-8.880000e+00	0.000000e+00	0.000000e+00	0.000000e+00
-8.880000e+00	-8.850000e+00	0.000000e+00	0.000000e+00	0.000000e+00
-8.850000e+00	-8.820000e+00	0.000000e+00	0.000000e+00	0.000000e+00
-8.820000e+00	-8.790000e+00	0.000000e+00	0.000000e+00	0.000000e+00
-8.790000e+00	-8.760000e+00	0.000000e+00	0.000000e+00	0.000000e+00
-8.760000e+00	-8.730000e+00	0.000000e+00	0.000000e+00	0.000000e+00
-8.730000e+00	-8.700000e+00	0.000000e+00	0.000000e+00	0.000000e+00
-8.700000e+00	-8.670000e+00	0.000000e+00	0.000000e+00	0.000000e+00
-8.670000e+00	-8.640000e+00	0.000000e+00	0.000000e+00	0.000000e+00
-8.640000e+00	-8.610000e+00	0.000000e+00	0.000000e+00	0.000000e+00
-8.610000e+00	-8.580000e+00	0.000000e+00	0.000000e+00	0.000000e+00
-8.580000e+00	-8.550000e+00	0.000000e+00	0.000000e+00	0.000000e+00
-8.550000e+00	-8.520000e+00	0.000000e+00	0.000000e+00	0.000000e+00
-8.520000e+00	-8.490000e+00	0.000000e+00	0.000000e+00	0.000000e+00
-8.490000e+00	-8.460000e+00	0.000000e+00	0.000000e+00	0.000000e+00
-8.460000e+00	-8.430000e+00	0.000000e+00	0.000000e+00	0.000000e+00
-8.430000e+00	-8.400000e+00	0.000000e+00	0.000000e+00	0.000000e+00
-8.400000e+00	-8.370000e+00	0.000000e+00	0.000000e+00	0.000000e+00
-8.370000e+00	-8.340000e+00	0.000000e+00	0.000000e+00	0.000000e+00
-8.340000e+00	-8.310000e+00	0.000000e+00	0.000000e+00	0.000000e+00
-8.310000e+00	-8.280000e+00	0.000000e+00	0.000000e+00	0.000000e+00
-8.280000e+00	-8.250000e+00	0.000000e+00	0.000000e+00	0.000000e+00
-8.250000e+00	-8.220000e+00	0.000000e+00	0.000000e+00	0.000000e+00
-8.220000e+00	-8.190000e+00	0.000000e+00	0.000000e+00	0.000000e+00
-8.190000e+00	-8.160000e+00	0.000000e+00	0.000000e+00	0.000000e+00
-8.160000e+00	-8.130000e+00	0.000000e+00	0.000000e+00	0.000000e+00
-8.130000e+00	-8.100000e+00	0.000000e+00	0.000000e+00	0.000000e+00
-8.100000e+00	-8.070000e+00	0.000000e+00	0.000000e+00	0.000000e+00
-8.070000e+00	-8.040000e+00	0.000000e+00	0.000000e+00	0.000000e+00
-8.040000e+00	-8.010000e+00	0.000000e+00	0.000000e+00	0.000000e+00
-8.010000e+00	-7.980000e+00	0.000000e+00	0.000000e+00	0.000000e+00
-7.980000e+00	-7.950000e+00	0.000000e+00	0.000000e+00	0.000000e+00
-7.950000e+00	-7.920000e+00	0.000000e+00	0.000000e+00	0.000000e+00
-7.920000e+00	-7.890000e+00	0.000000e+00	0.000000e+00	0.000000e+00
-7.890000e+00	-7.860000e+00	0.000000e+00	0.000000e+00	0.000000e+00
-7.860000e+00	-7.830000e+00	0.000000e+00	0.000000e+00	0.000000e+00
-7.830000e+00	-7.800000e+00	0.000000e+00	0.000000e+00	0.000000e+00
-7.800000e+00	-7.770000e+00	0.000000e+00	0.000000e+00	0.000000e+00
-7.770000e+00	-7.740000e+00	0.000000e+00	0.000000e+00	0.000000e+00
-7.740000e+00	-7.710000e+00	0.000000e+00	0.000000e+00	0.000000e+00
-7.710000e+00	-7.680000e+00	0.000000e+00	0.000000e+00	0.000000e+00
-7.680000e+00	-7.650000e+00	0.000000e+00	0.000000e+00	0.000000e+00
-7.650000e+00	-7.620000e+00	0.000000e+00	0.000000e+00	0.000000e+00
-7.620000e+00	-7.590000e+00	0.000000e+00	0.000000e+00	0.000000e+00
-7.590000e+00	-7.560000e+00	0.000000e+00	0.000000e+00	0.000000e+00
-7.560000e+00	-7.530000e+00	0.000000e+00	0.000000e+00	0.000000e+00
-7.530000e+00	-7.500000e+00	0.000000e+00	0.000000e+00	0.000000e+00
-7.500000e+00	-7.470000e+00	0.000000e+00	0.000000e+00	0.000000e+00
-7.470000e+00	-7.440000e+00	0.000000e+00	0.000000e+00	0.000000e+00
-7.440000e+00	-7.410000e+00	0.000000e+00	0.000000e+00	0.000000e+00
-7.410000e+00	-7.380000e+00	0.000000e+00	0.000000e+00	0.000000e+00
-7.380000e+00	-7.350000e+00	0.000000e+00	0.000000e+00	0.000000e+00
-7.350000e+00	-7.320000e+00	0.000000e+00	0.000000e+00	0.000000e+00
-7.320000e+00	-7.290000e+00	0.000000e+00	0.000000e+00	0.000000e+00
-7.290000e+00	-7.260000e+00	0.000000e+00	0.000000e+00	0.000000e+00
-7.260000e+00	-7.230000e+00	0.000000e+00	0.000000e+00	0.000000e+00
-7.230000e+00	-7.200000e+00	0.000000e+00	0.000000e+00	0.000000e+00
-7.200000e+00	-7.170000e+00	0.000000e+00	0.000000e+00	0.000000e+00
-7.170000e+00	-7.140000e+00	0.000000e+00	0.000000e+00	0.000000e+00
-7.140000e+00	-7.110000e+00	0.000000e+00	0.000000e+00	0.000000e+00
-7.110000e+00	-7.080000e+00	0.000000e+00	0.000000e+00	0.000000e+00
-7.080000e+00	-7.050000e+00	0.000000e+00	0.000000e+00	0.000000e+00
-7.050000e+00	-7.020000e+00	0.000000e+00	0.000000e+00	0.000000e+00
-7.020000e+00	-6.990000e+00	0.000000e+00	0.000000e+00	0.000000e+00
-6.990000e+00	-6.960000e+00	0.000000e+00	0.000000e+00	0.000000e+00
-6.960000e+00	-6.930000e+00	0.000000e+00	0.000000e+00	0.000000e+00
-6.930000e+00	-6.900000e+00	0.000000e+00	0.000000e+00	0.000000e+00
-6.900000e+00	-6.870000e+00	0.000000e+00	0.000000e+00	0.000000e+00
-6.870000e+00	-6.840000e+00	0.000000e+00	0.000000e+00	0.000000e+00
-6.840000e+00	-6.810000e+00	0.000000e+00	0.000000e+00	0.000000e+00
-6.810000e+00	-6.780000e+00	0.000000e+00	0.000000e+00	0.000000e+00
-6.780000e+00	-6.750000e+00	0.000000e+00	0.000000e+00	0.000000e+00
-6.750000e+00	-6.720000e+00	0.000000e+00	0.000000e+00	0.000000e+00
-6.720000e+00	-6.690000e+00	0.000000e+00	0.000000e+00	0.000000e+00
-6.690000e+00	-6.660000e+00	0.000000e+00	0.000000e+00	0.000000e+00
-6.660000e+00	-6.630000e+00	0.000000e+00	0.000000e+00	0.000000e+00
-6.630000e+00	-6.600000e+00	0.000000e+00	0.000000e+00	0.000000e+00
-6.600000e+00	-6.570000e+00	0.000000e+00	0.000000e+00	0.000000e+00
-6.570000e+00	-6.540000e+00	0.000000e+00	0.000000e+00	0.000000e+00
-6.540000e+00	-6.510000e+00	0.000000e+00	0.000000e+00	0.000000e+00
-6.510000e+00	-6.480000e+00	0.000000e+00	0.000000e+00	0.000000e+00
-6.480000e+00	-6.450000e+00	0.000000e+00	0.000000e+00	0.000000e+00
-6.450000e+00	-6.420000e+00	0.000000e+00	0.000000e+00	0.000000e+00
-6.420000e+00	-6.390000e+00	0.000000e+00	0.000000e+00	0.000000e+00
-6.390000e+00	-6.360000e+00	0.000000e+00	0.000000e+00	0.000000e+00
-6.360000e+00	-6.330000e+00	0.000000e+00	0.000000e+00	0.000000e+00
-6.330000e+00	-6.300000e+00	0.000000e+00	0.000000e+00	0.000000e+00
-6.300000e+00	-6.270000e+00	0.000000e+00	0.000000e+00	0.000000e+00
-6.270000e+00	-6.240000e+00	0.000000e+00	0.000000e+00	0.000000e+00
-6.240000e+00	-6.210000e+00	0.000000e+00	0.000000e+00	0.000000e+00
-6.210000e+00	-6.180000e+00	0.000000e+00	0.000000e+00	0.000000e+00
-6.180000e+00	-6.150000e+00	0.000000e+00	0.000000e+00	0.000000e+00
-6.150000e+00	-6.120000e+00	0.000000e+00	0.000000e+00	0.000000e+00
-6.120000e+00	-6.090000e+00	0.000000e+00	0.000000e+00	0.000000e+00
-6.090000e+00	-6.060000e+00	0.000000e+00	0.000000e+00	0.000000e+00
-6.060000e+00	-6.030000e+00	0.000000e+00	0.000000e+00	0.000000e+00
-6.030000e+00	-6.000000e+00	0.000000e+00	0.000000e+00	0.000000e+00
-6.000000e+00	-5.970000e+00	0.000000e+00	0.000000e+00	0.000000e+00
-5.970000e+00	-5.940000e+00	0.000000e+00	0.000000e+00	0.000000e+00
-5.940000e+00	-5.910000e+00	0.000000e+00	0.000000e+00	0.000000e+00
-5.910000e+00	-5.880000e+00	0.000000e+00	0.000000e+00	0.000000e+00
-5.880000e+00	-5.850000e+00	0.000000e+00	0.000000e+00	0.000000e+00
-5.850000e+00	-5.820000e+00	0.000000e+00	0.000000e+00	0.000000e+00
-5.820000e+00	-5.790000e+00	0.000000e+00	0.000000e+00	0.000000e+00
-5.790000e+00	-5.760000e+00	0.000000e+00	0.000000e+00	0.000000e+00
-5.760000e+00	-5.730000e+00	3.333333e+01	3.333333e+01	3.333333e+01
-5.730000e+00	-5.700000e+00	0.000000e+00	0.000000e+00	0.000000e+00
-5.700000e+00	-5.670000e+00	0.000000e+00	0.000000e+00	0.000000e+00
-5.670000e+00	-5.640000e+00	0.000000e+00	0.000000e+00	0.000000e+00
-5.640000e+00	-5.610000e+00	0.000000e+00	0.000000e+00	0.000000e+00
-5.610000e+00	-5.580000e+00	0.000000e+00	0.000000e+00	0.000000e+00
-5.580000e+00	-5.550000e+00	0.000000e+00	0.000000e+00	0.000000e+00
-5.550000e+00	-5.520000e+00	0.000000e+00	0.000000e+00	0.000000e+00
-5.520000e+00	-5.490000e+00	0.000000e+00	0.000000e+00	0.000000e+00
-5.490000e+00	-5.460000e+00	0.000000e+00	0.000000e+00	0.000000e+00
-5.460000e+00	-5.430000e+00	0.000000e+00	0.000000e+00	0.000000e+00
-5.430000e+00	-5.400000e+00	0.000000e+00	0.000000e+00	0.000000e+00
-5.400000e+00	-5.370000e+00	0.000000e+00	0.000000e+00	0.000000e+00
-5.370000e+00	-5.340000e+00	0.000000e+00	0.000000e+00	0.000000e+00
-5.340000e+00	-5.310000e+00	0.000000e+00	0.000000e+00	0.000000e+00
-5.310000e+00	-5.280000e+00	0.000000e+00	0.000000e+00	0.000000e+00
-5.280000e+00	-5.250000e+00	0.000000e+00	0.000000e+00	0.000000e+00
-5.250000e+00	-5.220000e+00	0.000000e+00	0.000000e+00	0.000000e+00
-5.220000e+00	-5.190000e+00	0.000000e+00	0.000000e+00	0.000000e+00
-5.190000e+00	-5.160000e+00	0.000000e+00	0.000000e+00	0.000000e+00
-5.160000e+00	-5.130000e+00	0.000000e+00	0.000000e+00	0.000000e+00
-5.130000e+00	-5.100000e+00	0.000000e+00	0.000000e+00	0.000000e+00
-5.100000e+00	-5.070000e+00	0.000000e+00	0.000000e+00	0.000000e+00
-5.070000e+00	-5.040000e+00	0.000000e+00	0.000000e+00	0.000000e+00
-5.040000e+00	-5.010000e+00	0.000000e+00	0.000000e+00	0.000000e+00
-5.010000e+00	-4.980000e+00	0.000000e+00	0.000000e+00	0.000000e+00
-4.980000e+00	-4.950000e+00	0.000000e+00	0.000000e+00	0.000000e+00
-4.950000e+00	-4.920000e+00	0.000000e+00	0.000000e+00	0.000000e+00
-4.920000e+00	-4.890000e+00	0.000000e+00	0.000000e+00	0.000000e+00
-4.890000e+00	-4.860000e+00	0.000000e+00	0.000000e+00	0.000000e+00
-4.860000e+00	-4.830000e+00	0.000000e+00	0.000000e+00	0.000000e+00
-4.830000e+00	-4.800000e+00	0.000000e+00	0.000000e+00	0.000000e+00
-4.800000e+00	-4.770000e+00	0.000000e+00	0.000000e+00	0.000000e+00
-4.770000e+00	-4.740000e+00	0.000000e+00	0.000000e+00	0.000000e+00
-4.740000e+00	-4.710000e+00	0.000000e+00	0.000000e+00	0.000000e+00
-4.710000e+00	-4.680000e+00	0.000000e+00	0.000000e+00	0.000000e+00
-4.680000e+00	-4.650000e+00	0.000000e+00	0.000000e+00	0.000000e+00
-4.650000e+00	-4.620000e+00	0.000000e+00	0.000000e+00	0.000000e+00
-4.620000e+00	-4.590000e+00	0.000000e+00	0.000000e+00	0.000000e+00
-4.590000e+00	-4.560000e+00	0.000000e+00	0.000000e+00	0.000000e+00
-4.560000e+00	-4.530000e+00	0.000000e+00	0.000000e+00	0.000000e+00
-4.530000e+00	-4.500000e+00	0.000000e+00	0.000000e+00	0.000000e+00
-4.500000e+00	-4.470000e+00	0.000000e+00	0.000000e+00	0.000000e+00
-4.470000e+00	-4.440000e+00	0.000000e+00	0.000000e+00	0.000000e+00
-4.440000e+00	-4.410000e+00	0.000000e+00	0.000000e+00	0.000000e+00
-4.410000e+00	-4.380000e+00	0.000000e+00	0.000000e+00	0.000000e+00
-4.380000e+00	-4.350000e+00	0.000000e+00	0.000000e+00	0.000000e+00
-4.350000e+00	-4.320000e+00	0.000000e+00	0.000000e+00	0.000000e+00
-4.320000e+00	-4.290000e+00	0.000000e+00	0.000000e+00	0.000000e+00
-4.290000e+00	-4.260000e+00	0.000000e+00	0.000000e+00	0.000000e+00
-4.260000e+00	-4.230000e+00	0.000000e+00	0.000000e+00	0.000000e+00
-4.230000e+00	-4.200000e+00	0.000000e+00	0.000000e+00	0.000000e+00
-4.200000e+00	-4.170000e+00	0.000000e+00	0.000000e+00	0.000000e+00
-4.170000e+00	-4.140000e+00	0.000000e+00	0.000000e+00	0.000000e+00
-4.140000e+00	-4.110000e+00	0.000000e+00	0.000000e+00	0.000000e+00
-4.110000e+00	-4.080000e+00	0.000000e+00	0.000000e+00	0.000000e+00
-4.080000e+00	-4.050000e+00	0.000000e+00	0.000000e+00	0.000000e+00
-4.050000e+00	-4.020000e+00	0.000000e+00	0.000000e+00	0.000000e+00
-4.020000e+00	-3.990000e+00	0.000000e+00	0.000000e+00	0.000000e+00
-3.990000e+00	-3.960000e+00	0.000000e+00	0.000000e+00	0.000000e+00
-3.960000e+00	-3.930000e+00	0.000000e+00	0.000000e+00	0.000000e+00
-3.930000e+00	-3.900000e+00	0.000000e+00	0.000000e+00	0.000000e+00
-3.900000e+00	-3.870000e+00	0.000000e+00	0.000000e+00	0.000000e+00
-3.870000e+00	-3.840000e+00	0.000000e+00	0.000000e+00	0.000000e+00
-3.840000e+00	-3.810000e+00	0.000000e+00	0.000000e+00	0.000000e+00
-3.810000e+00	-3.780000e+00	0.000000e+00	0.000000e+00	0.000000e+00
-3.780000e+00	-3.750000e+00	0.000000e+00	0.000000e+00	0.000000e+00
-3.750000e+00	-3.720000e+00	0.000000e+00	0.000000e+00	0.000000e+00
-3.720000e+00	-3.690000e+00	0.000000e+00	0.000000e+00	0.000000e+00
-3.690000e+00	-3.660000e+00	0.000000e+00	0.000000e+00	0.000000e+00
-3.660000e+00	-3.630000e+00	0.000000e+00	0.000000e+00	0.000000e+00
-3.630000e+00	-3.600000e+00	0.000000e+00	0.000000e+00	0.000000e+00
-3.600000e+00	-3.570000e+00	0.000000e+00	0.000000e+00	0.000000e+00
-3.570000e+00	-3.540000e+00	0.000000e+00	0.000000e+00	0.000000e+00
-3.540000e+00	-3.510000e+00	0.000000e+00	0.000000e+00	0.000000e+00
-3.510000e+00	-3.480000e+00	0.000000e+00	0.000000e+00	0.000000e+00
-3.480000e+00	-3.450000e+00	0.000000e+00	0.000000e+00	0.000000e+00
-3.450000e+00	-3.420000e+00	0.000000e+00	0.000000e+00	0.000000e+00
-3.420000e+00	-3.390000e+00	0.000000e+00	0.000000e+00	0.000000e+00
-3.390000e+00	-3.360000e+00	0.000000e+00	0.000000e+00	0.000000e+00
-3.360000e+00	-3.330000e+00	0.000000e+00	0.000000e+00	0.000000e+00
-3.330000e+00	-3.300000e+00	0.000000e+00	0.000000e+00	0.000000e+00
-3.300000e+00	-3.270000e+00	0.000000e+00	0.000000e+00	0.000000e+00
-3.270000e+00	-3.240000e+00	0.000000e+00	0.000000e+00	0.000000e+00
-3.240000e+00	-3.210000e+00	0.000000e+00	0.000000e+00	0.000000e+00
-3.210000e+00	-3.180000e+00	0.000000e+00	0.000000e+00	0.000000e+00
-3.180000e+00	-3.150000e+00	0.000000e+00	0.000000e+00	0.000000e+00
-3.150000e+00	-3.120000e+00	0.000000e+00	0.000000e+00	0.000000e+00
-3.120000e+00	-3.090000e+00	0.000000e+00	0.000000e+00	0.000000e+00
-3.090000e+00	-3.060000e+00	0.000000e+00	0.000000e+00	0.000000e+00
-3.060000e+00	-3.030000e+00	0.000000e+00	0.000000e+00	0.000000e+00
-3.030000e+00	-3.000000e+00	0.000000e+00	0.000000e+00	0.000000e+00
-3.000000e+00	-2.970000e+00	0.000000e+00	0.000000e+00	0.000000e+00
-2.970000e+00	-2.940000e+00	0.000000e+00	0.000000e+00	0.000000e+00
-2.940000e+00	-2.910000e+00	0.000000e+00	0.000000e+00	0.000000e+00
-2.910000e+00	-2.880000e+00	0.000000e+00	0.000000e+00	0.000000e+00
-2.880000e+00	-2.850000e+00	0.000000e+00	0.000000e+00	0.000000e+00
-2.850000e+00	-2.820000e+00	0.000000e+00	0.000000e+00	0.000000e+00
-2.820000e+00	-2.790000e+00	0.000000e+00	0.000000e+00	0.000000e+00
-2.790000e+00	-2.760000e+00	0.000000e+00	0.000000e+00	0.000000e+00
-2.760000e+00	-2.730000e+00	0.000000e+00	0.000000e+00	0.000000e+00
-2.730000e+00	-2.700000e+00	0.000000e+00	0.000000e+00	0.000000e+00
-2.700000e+00	-2.670000e+00	0.000000e+00	0.000000e+00	0.000000e+00
-2.670000e+00	-2.640000e+00	0.000000e+00	0.000000e+00	0.000000e+00
-2.640000e+00	-2.610000e+00	0.000000e+00	0.000000e+00	0.000000e+00
-2.610000e+00	-2.580000e+00	0.000000e+00	0.000000e+00	0.000000e+00
-2.580000e+00	-2.550000e+00	0.000000e+00	0.000000e+00	0.000000e+00
-2.550000e+00	-2.520000e+00	0.000000e+00	0.000000e+00	0.000000e+00
-2.520000e+00	-2.490000e+00	0.000000e+00	0.000000e+00	0.000000e+00
-2.490000e+00	-2.460000e+00	0.000000e+00	0.000000e+00	0.000000e+00
-2.460000e+00	-2.430000e+00	0.000000e+00	0.000000e+00	0.000000e+00
-2.430000e+00	-2.400000e+00	0.000000e+00	0.000000e+00	0.000000e+00
-2.400000e+00	-2.370000e+00	0.000000e+00	0.000000e+00	0.000000e+00
-2.370000e+00	-2.340000e+00	0.000000e+00	0.000000e+00	0.000000e+00
-2.340000e+00	-2.310000e+00	0.000000e+00	0.000000e+00	0.000000e+00
-2.310000e+00	-2.280000e+00	0.000000e+00	0.000000e+00	0.000000e+00
-2.280000e+00	-2.250000e+00	0.000000e+00	0.000000e+00	0.000000e+00
-2.250000e+00	-2.220000e+00	0.000000e+00	0.000000e+00	0.000000e+00
-2.220000e+00	-2.190000e+00	0.000000e+00	0.000000e+00	0.000000e+00
-2.190000e+00	-2.160000e+00	0.000000e+00	0.000000e+00	0.000000e+00
-2.160000e+00	-2.130000e+00	0.000000e+00	0.000000e+00	0.000000e+00
-2.130000e+00	-2.100000e+00	0.000000e+00	0.000000e+00	0.000000e+00
-2.100000e+00	-2.070000e+00	0.000000e+00	0.000000e+00	0.000000e+00
-2.070000e+00	-2.040000e+00	0.000000e+00	0.000000e+00	0.000000e+00
-2.040000e+00	-2.010000e+00	0.000000e+00	0.000000e+00	0.000000e+00
-2.010000e+00	-1.980000e+00	0.000000e+00	0.000000e+00	0.000000e+00
-1.980000e+00	-1.950000e+00	0.000000e+00	0.000000e+00	0.000000e+00
-1.950000e+00	-1.920000e+00	0.000000e+00	0.000000e+00	0.000000e+00
-1.920000e+00	-1.890000e+00	0.000000e+00	0.000000e+00	0.000000e+00
-1.890000e+00	-1.860000e+00	0.000000e+00	0.000000e+00	0.000000e+00
-1.860000e+00	-1.830000e+00	0.000000e+00	0.000000e+00	0.000000e+00
-1.830000e+00	-1.800000e+00	0.000000e+00	0.000000e+00	0.000000e+00
-1.800000e+00	-1.770000e+00	0.000000e+00	0.000000e+00	0.000000e+00
-1.770000e+00	-1.740000e+00	0.000000e+00	0.000000e+00	0.000000e+00
-1.740000e+00	-1.710000e+00	0.000000e+00	0.000000e+00	0.000000e+00
-1.710000e+00	-1.680000e+00	0.000000e+00	0.000000e+00	0.000000e+00
-1.680000e+00	-1.650000e+00	0.000000e+00	0.000000e+00	0.000000e+00
-1.650000e+00	-1.620000e+00	0.000000e+00	0.000000e+00	0.000000e+00
-1.620000e+00	-1.590000e+00	0.000000e+00	0.000000e+00	0.000000e+00
-1.590000e+00	-1.560000e+00	0.000000e+00	0.000000e+00	0.000000e+00
-1.560000e+00	-1.530000e+00	0.000000e+00	0.000000e+00	0.000000e+00
-1.530000e+00	-1.500000e+00	0.000000e+00	0.000000e+00	0.000000e+00
-1.500000e+00	-1.470000e+00	0.000000e+00	0.000000e+00	0.000000e+00
-1.470000e+00	-1.440000e+00	0.000000e+00	0.000000e+00	0.000000e+00
-1.440000e+00	-1.410000e+00	0.000000e+00	0.000000e+00	0.000000e+00
-1.410000e+00	-1.380000e+00	0.000000e+00	0.000000e+00	0.000000e+00
-1.380000e+00	-1.350000e+00	0.000000e+00	0.000000e+00	0.000000e+00
-1.350000e+00	-1.320000e+00	0.000000e+00	0.000000e+00	0.000000e+00
-1.320000e+00	-1.290000e+00	0.000000e+00	0.000000e+00	0.000000e+00
-1.290000e+00	-1.260000e+00	0.000000e+00	0.000000e+00	0.000000e+00
-1.260000e+00	-1.230000e+00	0.000000e+00	0.000000e+00	0.000000e+00
-1.230000e+00	-1.200000e+00	0.000000e+00	0.000000e+00	0.000000e+00
-1.200000e+00	-1.170000e+00	0.000000e+00	0.000000e+00	0.000000e+00
-1.170000e+00	-1.140000e+00	0.000000e+00	0.000000e+00	0.000000e+00
-1.140000e+00	-1.110000e+00	0.000000e+00	0.000000e+00	0.000000e+00
-1.110000e+00	-1.080000e+00	0.000000e+00	0.000000e+00	0.000000e+00
-1.080000e+00	-1.050000e+00	0.000000e+00	0.000000e+00	0.000000e+00
-1.050000e+00	-1.020000e+00	0.000000e+00	0.000000e+00	0.000000e+00
-1.020000e+00	-9.900000e-01	0.000000e+00	0.000000e+00	0.000000e+00
-9.900000e-01	-9.600000e-01	0.000000e+00	0.000000e+00	0.000000e+00
-9.600000e-01	-9.300000e-01	0.000000e+00	0.000000e+00	0.000000e+00
-9.300000e-01	-9.000000e-01	0.000000e+00	0.000000e+00	0.000000e+00
-9.000000e-01	-8.700000e-01	0.000000e+00	0.000000e+00	0.000000e+00
-8.700000e-01	-8.400000e-01	0.000000e+00	0.000000e+00	0.000000e+00
-8.400000e-01	-8.100000e-01	0.000000e+00	0.000000e+00	0.000000e+00
-8.100000e-01	-7.800000e-01	0.000000e+00	0.000000e+00	0.000000e+00
-7.800000e-01	-7.500000e-01	0.000000e+00	0.000000e+00	0.000000e+00
-7.500000e-01	-7.200000e-01	0.000000e+00	0.000000e+00	0.000000e+00
-7.200000e-01	-6.900000e-01	0.000000e+00	0.000000e+00	0.000000e+00
-6.900000e-01	-6.600000e-01	0.000000e+00	0.000000e+00	0.000000e+00
-6.600000e-01	-6.300000e-01	0.000000e+00	0.000000e+00	0.000000e+00
-6.300000e-01	-6.000000e-01	0.000000e+00	0.000000e+00	0.000000e+00
-6.000000e-01	-5.700000e-01	0.000000e+00	0.000000e+00	0.000000e+00
-5.700000e-01	-5.400000e-01	0.000000e+00	0.000000e+00	0.000000e+00
-5.400000e-01	-5.100000e-01	0.000000e+00	0.000000e+00	0.000000e+00
-5.100000e-01	-4.800000e-01	0.000000e+00	0.000000e+00	0.000000e+00
-4.800000e-01	-4.500000e-01	0.000000e+00	0.000000e+00	0.000000e+00
-4.500000e-01	-4.200000e-01	0.000000e+00	0.000000e+00	0.000000e+00
-4.200000e-01	-3.900000e-01	0.000000e+00	0.000000e+00	0.000000e+00
-3.900000e-01	-3.600000e-01	0.000000e+00	0.000000e+00	0.000000e+00
-3.600000e-01	-3.300000e-01	0.000000e+00	0.000000e+00	0.000000e+00
-3.300000e-01	-3.000000e-01	0.000000e+00	0.000000e+00	0.000000e+00
-3.000000e-01	-2.700000e-01	0.000000e+00	0.000000e+00	0.000000e+00
-2.700000e-01	-2.400000e-01	0.000000e+00	0.000000e+00	0.000000e+00
-2.400000e-01	-2.100000e-01	0.000000e+00	0.000000e+00	0.000000e+00
-2.100000e-01	-1.800000e-01	0.000000e+00	0.000000e+00	0.000000e+00
-1.800000e-01	-1.500000e-01	0.000000e+00	0.000000e+00	0.000000e+00
-1.500000e-01	-1.200000e-01	0.000000e+00	0.000000e+00	0.000000e+00
-1.200000e-01	-9.000000e-02	0.000000e+00	0.000000e+00	0.000000e+00
-9.000000e-02	-6.000000e-02	0.000000e+00	0.000000e+00	0.000000e+00
-6.000000e-02	-3.000000e-02	0.000000e+00	0.000000e+00	0.000000e+00
-3.000000e-02	0.000000e+00	0.000000e+00	0.000000e+00	0.000000e+00
# END HISTO1D

