# BEGIN PLOT
LegendOnly=//afs/cern.ch/user/d/dkar/lh2015-qg/Vincia-2001/lhc/hadron/zjet.yoda/MC_LHQG_Zjet/log_mMDT_GA_10_05_Q400_R10 //afs/cern.ch/user/d/dkar/lh2015-qg/Vincia-2001/lhc/hadron/zjet_born.yoda/MC_LHQG_Zjet/log_mMDT_GA_10_05_Q400_R10
DrawOnly=//afs/cern.ch/user/d/dkar/lh2015-qg/Vincia-2001/lhc/hadron/zjet.yoda/MC_LHQG_Zjet/log_mMDT_GA_10_05_Q400_R10 //afs/cern.ch/user/d/dkar/lh2015-qg/Vincia-2001/lhc/hadron/zjet_born.yoda/MC_LHQG_Zjet/log_mMDT_GA_10_05_Q400_R10
RatioPlotReference=//afs/cern.ch/user/d/dkar/lh2015-qg/Vincia-2001/lhc/hadron/zjet.yoda/MC_LHQG_Zjet/log_mMDT_GA_10_05_Q400_R10
RatioPlot=1
LogY=1
RatioPlotYLabel=Ratio
Legend=1
# END PLOT

# BEGIN HISTO1D //afs/cern.ch/user/d/dkar/lh2015-qg/Vincia-2001/lhc/hadron/zjet.yoda/MC_LHQG_Zjet/log_mMDT_GA_10_05_Q400_R10
LineColor=red
LineStyle=solid
Path=//afs/cern.ch/user/d/dkar/lh2015-qg/Vincia-2001/lhc/hadron/zjet.yoda/MC_LHQG_Zjet/log_mMDT_GA_10_05_Q400_R10
ScaledBy=3535.8499471178611
Title=zjet
XLabel=
YLabel=
# xlow	 xhigh	 val	 errminus	 errplus
-1.500000e+01	-1.497000e+01	2.915546e-02	1.609309e-02	1.609309e-02
-1.497000e+01	-1.494000e+01	0.000000e+00	0.000000e+00	0.000000e+00
-1.494000e+01	-1.491000e+01	0.000000e+00	0.000000e+00	0.000000e+00
-1.491000e+01	-1.488000e+01	0.000000e+00	0.000000e+00	0.000000e+00
-1.488000e+01	-1.485000e+01	0.000000e+00	0.000000e+00	0.000000e+00
-1.485000e+01	-1.482000e+01	0.000000e+00	0.000000e+00	0.000000e+00
-1.482000e+01	-1.479000e+01	0.000000e+00	0.000000e+00	0.000000e+00
-1.479000e+01	-1.476000e+01	0.000000e+00	0.000000e+00	0.000000e+00
-1.476000e+01	-1.473000e+01	0.000000e+00	0.000000e+00	0.000000e+00
-1.473000e+01	-1.470000e+01	0.000000e+00	0.000000e+00	0.000000e+00
-1.470000e+01	-1.467000e+01	0.000000e+00	0.000000e+00	0.000000e+00
-1.467000e+01	-1.464000e+01	0.000000e+00	0.000000e+00	0.000000e+00
-1.464000e+01	-1.461000e+01	0.000000e+00	0.000000e+00	0.000000e+00
-1.461000e+01	-1.458000e+01	0.000000e+00	0.000000e+00	0.000000e+00
-1.458000e+01	-1.455000e+01	0.000000e+00	0.000000e+00	0.000000e+00
-1.455000e+01	-1.452000e+01	0.000000e+00	0.000000e+00	0.000000e+00
-1.452000e+01	-1.449000e+01	0.000000e+00	0.000000e+00	0.000000e+00
-1.449000e+01	-1.446000e+01	0.000000e+00	0.000000e+00	0.000000e+00
-1.446000e+01	-1.443000e+01	0.000000e+00	0.000000e+00	0.000000e+00
-1.443000e+01	-1.440000e+01	0.000000e+00	0.000000e+00	0.000000e+00
-1.440000e+01	-1.437000e+01	0.000000e+00	0.000000e+00	0.000000e+00
-1.437000e+01	-1.434000e+01	0.000000e+00	0.000000e+00	0.000000e+00
-1.434000e+01	-1.431000e+01	0.000000e+00	0.000000e+00	0.000000e+00
-1.431000e+01	-1.428000e+01	0.000000e+00	0.000000e+00	0.000000e+00
-1.428000e+01	-1.425000e+01	0.000000e+00	0.000000e+00	0.000000e+00
-1.425000e+01	-1.422000e+01	0.000000e+00	0.000000e+00	0.000000e+00
-1.422000e+01	-1.419000e+01	0.000000e+00	0.000000e+00	0.000000e+00
-1.419000e+01	-1.416000e+01	0.000000e+00	0.000000e+00	0.000000e+00
-1.416000e+01	-1.413000e+01	0.000000e+00	0.000000e+00	0.000000e+00
-1.413000e+01	-1.410000e+01	0.000000e+00	0.000000e+00	0.000000e+00
-1.410000e+01	-1.407000e+01	0.000000e+00	0.000000e+00	0.000000e+00
-1.407000e+01	-1.404000e+01	0.000000e+00	0.000000e+00	0.000000e+00
-1.404000e+01	-1.401000e+01	0.000000e+00	0.000000e+00	0.000000e+00
-1.401000e+01	-1.398000e+01	0.000000e+00	0.000000e+00	0.000000e+00
-1.398000e+01	-1.395000e+01	0.000000e+00	0.000000e+00	0.000000e+00
-1.395000e+01	-1.392000e+01	0.000000e+00	0.000000e+00	0.000000e+00
-1.392000e+01	-1.389000e+01	0.000000e+00	0.000000e+00	0.000000e+00
-1.389000e+01	-1.386000e+01	0.000000e+00	0.000000e+00	0.000000e+00
-1.386000e+01	-1.383000e+01	0.000000e+00	0.000000e+00	0.000000e+00
-1.383000e+01	-1.380000e+01	0.000000e+00	0.000000e+00	0.000000e+00
-1.380000e+01	-1.377000e+01	0.000000e+00	0.000000e+00	0.000000e+00
-1.377000e+01	-1.374000e+01	0.000000e+00	0.000000e+00	0.000000e+00
-1.374000e+01	-1.371000e+01	0.000000e+00	0.000000e+00	0.000000e+00
-1.371000e+01	-1.368000e+01	0.000000e+00	0.000000e+00	0.000000e+00
-1.368000e+01	-1.365000e+01	0.000000e+00	0.000000e+00	0.000000e+00
-1.365000e+01	-1.362000e+01	0.000000e+00	0.000000e+00	0.000000e+00
-1.362000e+01	-1.359000e+01	0.000000e+00	0.000000e+00	0.000000e+00
-1.359000e+01	-1.356000e+01	0.000000e+00	0.000000e+00	0.000000e+00
-1.356000e+01	-1.353000e+01	0.000000e+00	0.000000e+00	0.000000e+00
-1.353000e+01	-1.350000e+01	0.000000e+00	0.000000e+00	0.000000e+00
-1.350000e+01	-1.347000e+01	0.000000e+00	0.000000e+00	0.000000e+00
-1.347000e+01	-1.344000e+01	0.000000e+00	0.000000e+00	0.000000e+00
-1.344000e+01	-1.341000e+01	0.000000e+00	0.000000e+00	0.000000e+00
-1.341000e+01	-1.338000e+01	0.000000e+00	0.000000e+00	0.000000e+00
-1.338000e+01	-1.335000e+01	0.000000e+00	0.000000e+00	0.000000e+00
-1.335000e+01	-1.332000e+01	0.000000e+00	0.000000e+00	0.000000e+00
-1.332000e+01	-1.329000e+01	0.000000e+00	0.000000e+00	0.000000e+00
-1.329000e+01	-1.326000e+01	0.000000e+00	0.000000e+00	0.000000e+00
-1.326000e+01	-1.323000e+01	0.000000e+00	0.000000e+00	0.000000e+00
-1.323000e+01	-1.320000e+01	0.000000e+00	0.000000e+00	0.000000e+00
-1.320000e+01	-1.317000e+01	0.000000e+00	0.000000e+00	0.000000e+00
-1.317000e+01	-1.314000e+01	0.000000e+00	0.000000e+00	0.000000e+00
-1.314000e+01	-1.311000e+01	0.000000e+00	0.000000e+00	0.000000e+00
-1.311000e+01	-1.308000e+01	0.000000e+00	0.000000e+00	0.000000e+00
-1.308000e+01	-1.305000e+01	0.000000e+00	0.000000e+00	0.000000e+00
-1.305000e+01	-1.302000e+01	0.000000e+00	0.000000e+00	0.000000e+00
-1.302000e+01	-1.299000e+01	0.000000e+00	0.000000e+00	0.000000e+00
-1.299000e+01	-1.296000e+01	0.000000e+00	0.000000e+00	0.000000e+00
-1.296000e+01	-1.293000e+01	0.000000e+00	0.000000e+00	0.000000e+00
-1.293000e+01	-1.290000e+01	0.000000e+00	0.000000e+00	0.000000e+00
-1.290000e+01	-1.287000e+01	0.000000e+00	0.000000e+00	0.000000e+00
-1.287000e+01	-1.284000e+01	0.000000e+00	0.000000e+00	0.000000e+00
-1.284000e+01	-1.281000e+01	0.000000e+00	0.000000e+00	0.000000e+00
-1.281000e+01	-1.278000e+01	0.000000e+00	0.000000e+00	0.000000e+00
-1.278000e+01	-1.275000e+01	0.000000e+00	0.000000e+00	0.000000e+00
-1.275000e+01	-1.272000e+01	0.000000e+00	0.000000e+00	0.000000e+00
-1.272000e+01	-1.269000e+01	0.000000e+00	0.000000e+00	0.000000e+00
-1.269000e+01	-1.266000e+01	0.000000e+00	0.000000e+00	0.000000e+00
-1.266000e+01	-1.263000e+01	0.000000e+00	0.000000e+00	0.000000e+00
-1.263000e+01	-1.260000e+01	0.000000e+00	0.000000e+00	0.000000e+00
-1.260000e+01	-1.257000e+01	0.000000e+00	0.000000e+00	0.000000e+00
-1.257000e+01	-1.254000e+01	0.000000e+00	0.000000e+00	0.000000e+00
-1.254000e+01	-1.251000e+01	0.000000e+00	0.000000e+00	0.000000e+00
-1.251000e+01	-1.248000e+01	0.000000e+00	0.000000e+00	0.000000e+00
-1.248000e+01	-1.245000e+01	0.000000e+00	0.000000e+00	0.000000e+00
-1.245000e+01	-1.242000e+01	0.000000e+00	0.000000e+00	0.000000e+00
-1.242000e+01	-1.239000e+01	0.000000e+00	0.000000e+00	0.000000e+00
-1.239000e+01	-1.236000e+01	0.000000e+00	0.000000e+00	0.000000e+00
-1.236000e+01	-1.233000e+01	0.000000e+00	0.000000e+00	0.000000e+00
-1.233000e+01	-1.230000e+01	0.000000e+00	0.000000e+00	0.000000e+00
-1.230000e+01	-1.227000e+01	0.000000e+00	0.000000e+00	0.000000e+00
-1.227000e+01	-1.224000e+01	0.000000e+00	0.000000e+00	0.000000e+00
-1.224000e+01	-1.221000e+01	0.000000e+00	0.000000e+00	0.000000e+00
-1.221000e+01	-1.218000e+01	0.000000e+00	0.000000e+00	0.000000e+00
-1.218000e+01	-1.215000e+01	0.000000e+00	0.000000e+00	0.000000e+00
-1.215000e+01	-1.212000e+01	0.000000e+00	0.000000e+00	0.000000e+00
-1.212000e+01	-1.209000e+01	0.000000e+00	0.000000e+00	0.000000e+00
-1.209000e+01	-1.206000e+01	0.000000e+00	0.000000e+00	0.000000e+00
-1.206000e+01	-1.203000e+01	0.000000e+00	0.000000e+00	0.000000e+00
-1.203000e+01	-1.200000e+01	0.000000e+00	0.000000e+00	0.000000e+00
-1.200000e+01	-1.197000e+01	0.000000e+00	0.000000e+00	0.000000e+00
-1.197000e+01	-1.194000e+01	0.000000e+00	0.000000e+00	0.000000e+00
-1.194000e+01	-1.191000e+01	0.000000e+00	0.000000e+00	0.000000e+00
-1.191000e+01	-1.188000e+01	0.000000e+00	0.000000e+00	0.000000e+00
-1.188000e+01	-1.185000e+01	0.000000e+00	0.000000e+00	0.000000e+00
-1.185000e+01	-1.182000e+01	0.000000e+00	0.000000e+00	0.000000e+00
-1.182000e+01	-1.179000e+01	0.000000e+00	0.000000e+00	0.000000e+00
-1.179000e+01	-1.176000e+01	0.000000e+00	0.000000e+00	0.000000e+00
-1.176000e+01	-1.173000e+01	0.000000e+00	0.000000e+00	0.000000e+00
-1.173000e+01	-1.170000e+01	0.000000e+00	0.000000e+00	0.000000e+00
-1.170000e+01	-1.167000e+01	0.000000e+00	0.000000e+00	0.000000e+00
-1.167000e+01	-1.164000e+01	0.000000e+00	0.000000e+00	0.000000e+00
-1.164000e+01	-1.161000e+01	0.000000e+00	0.000000e+00	0.000000e+00
-1.161000e+01	-1.158000e+01	0.000000e+00	0.000000e+00	0.000000e+00
-1.158000e+01	-1.155000e+01	0.000000e+00	0.000000e+00	0.000000e+00
-1.155000e+01	-1.152000e+01	0.000000e+00	0.000000e+00	0.000000e+00
-1.152000e+01	-1.149000e+01	0.000000e+00	0.000000e+00	0.000000e+00
-1.149000e+01	-1.146000e+01	0.000000e+00	0.000000e+00	0.000000e+00
-1.146000e+01	-1.143000e+01	0.000000e+00	0.000000e+00	0.000000e+00
-1.143000e+01	-1.140000e+01	0.000000e+00	0.000000e+00	0.000000e+00
-1.140000e+01	-1.137000e+01	0.000000e+00	0.000000e+00	0.000000e+00
-1.137000e+01	-1.134000e+01	0.000000e+00	0.000000e+00	0.000000e+00
-1.134000e+01	-1.131000e+01	0.000000e+00	0.000000e+00	0.000000e+00
-1.131000e+01	-1.128000e+01	0.000000e+00	0.000000e+00	0.000000e+00
-1.128000e+01	-1.125000e+01	0.000000e+00	0.000000e+00	0.000000e+00
-1.125000e+01	-1.122000e+01	0.000000e+00	0.000000e+00	0.000000e+00
-1.122000e+01	-1.119000e+01	0.000000e+00	0.000000e+00	0.000000e+00
-1.119000e+01	-1.116000e+01	0.000000e+00	0.000000e+00	0.000000e+00
-1.116000e+01	-1.113000e+01	0.000000e+00	0.000000e+00	0.000000e+00
-1.113000e+01	-1.110000e+01	0.000000e+00	0.000000e+00	0.000000e+00
-1.110000e+01	-1.107000e+01	0.000000e+00	0.000000e+00	0.000000e+00
-1.107000e+01	-1.104000e+01	0.000000e+00	0.000000e+00	0.000000e+00
-1.104000e+01	-1.101000e+01	0.000000e+00	0.000000e+00	0.000000e+00
-1.101000e+01	-1.098000e+01	0.000000e+00	0.000000e+00	0.000000e+00
-1.098000e+01	-1.095000e+01	0.000000e+00	0.000000e+00	0.000000e+00
-1.095000e+01	-1.092000e+01	0.000000e+00	0.000000e+00	0.000000e+00
-1.092000e+01	-1.089000e+01	0.000000e+00	0.000000e+00	0.000000e+00
-1.089000e+01	-1.086000e+01	0.000000e+00	0.000000e+00	0.000000e+00
-1.086000e+01	-1.083000e+01	0.000000e+00	0.000000e+00	0.000000e+00
-1.083000e+01	-1.080000e+01	0.000000e+00	0.000000e+00	0.000000e+00
-1.080000e+01	-1.077000e+01	0.000000e+00	0.000000e+00	0.000000e+00
-1.077000e+01	-1.074000e+01	0.000000e+00	0.000000e+00	0.000000e+00
-1.074000e+01	-1.071000e+01	0.000000e+00	0.000000e+00	0.000000e+00
-1.071000e+01	-1.068000e+01	0.000000e+00	0.000000e+00	0.000000e+00
-1.068000e+01	-1.065000e+01	0.000000e+00	0.000000e+00	0.000000e+00
-1.065000e+01	-1.062000e+01	0.000000e+00	0.000000e+00	0.000000e+00
-1.062000e+01	-1.059000e+01	0.000000e+00	0.000000e+00	0.000000e+00
-1.059000e+01	-1.056000e+01	0.000000e+00	0.000000e+00	0.000000e+00
-1.056000e+01	-1.053000e+01	0.000000e+00	0.000000e+00	0.000000e+00
-1.053000e+01	-1.050000e+01	0.000000e+00	0.000000e+00	0.000000e+00
-1.050000e+01	-1.047000e+01	0.000000e+00	0.000000e+00	0.000000e+00
-1.047000e+01	-1.044000e+01	0.000000e+00	0.000000e+00	0.000000e+00
-1.044000e+01	-1.041000e+01	0.000000e+00	0.000000e+00	0.000000e+00
-1.041000e+01	-1.038000e+01	0.000000e+00	0.000000e+00	0.000000e+00
-1.038000e+01	-1.035000e+01	0.000000e+00	0.000000e+00	0.000000e+00
-1.035000e+01	-1.032000e+01	0.000000e+00	0.000000e+00	0.000000e+00
-1.032000e+01	-1.029000e+01	0.000000e+00	0.000000e+00	0.000000e+00
-1.029000e+01	-1.026000e+01	0.000000e+00	0.000000e+00	0.000000e+00
-1.026000e+01	-1.023000e+01	0.000000e+00	0.000000e+00	0.000000e+00
-1.023000e+01	-1.020000e+01	0.000000e+00	0.000000e+00	0.000000e+00
-1.020000e+01	-1.017000e+01	0.000000e+00	0.000000e+00	0.000000e+00
-1.017000e+01	-1.014000e+01	0.000000e+00	0.000000e+00	0.000000e+00
-1.014000e+01	-1.011000e+01	0.000000e+00	0.000000e+00	0.000000e+00
-1.011000e+01	-1.008000e+01	0.000000e+00	0.000000e+00	0.000000e+00
-1.008000e+01	-1.005000e+01	0.000000e+00	0.000000e+00	0.000000e+00
-1.005000e+01	-1.002000e+01	0.000000e+00	0.000000e+00	0.000000e+00
-1.002000e+01	-9.990000e+00	0.000000e+00	0.000000e+00	0.000000e+00
-9.990000e+00	-9.960000e+00	0.000000e+00	0.000000e+00	0.000000e+00
-9.960000e+00	-9.930000e+00	0.000000e+00	0.000000e+00	0.000000e+00
-9.930000e+00	-9.900000e+00	0.000000e+00	0.000000e+00	0.000000e+00
-9.900000e+00	-9.870000e+00	0.000000e+00	0.000000e+00	0.000000e+00
-9.870000e+00	-9.840000e+00	0.000000e+00	0.000000e+00	0.000000e+00
-9.840000e+00	-9.810000e+00	0.000000e+00	0.000000e+00	0.000000e+00
-9.810000e+00	-9.780000e+00	0.000000e+00	0.000000e+00	0.000000e+00
-9.780000e+00	-9.750000e+00	0.000000e+00	0.000000e+00	0.000000e+00
-9.750000e+00	-9.720000e+00	0.000000e+00	0.000000e+00	0.000000e+00
-9.720000e+00	-9.690000e+00	0.000000e+00	0.000000e+00	0.000000e+00
-9.690000e+00	-9.660000e+00	0.000000e+00	0.000000e+00	0.000000e+00
-9.660000e+00	-9.630000e+00	0.000000e+00	0.000000e+00	0.000000e+00
-9.630000e+00	-9.600000e+00	0.000000e+00	0.000000e+00	0.000000e+00
-9.600000e+00	-9.570000e+00	0.000000e+00	0.000000e+00	0.000000e+00
-9.570000e+00	-9.540000e+00	0.000000e+00	0.000000e+00	0.000000e+00
-9.540000e+00	-9.510000e+00	0.000000e+00	0.000000e+00	0.000000e+00
-9.510000e+00	-9.480000e+00	0.000000e+00	0.000000e+00	0.000000e+00
-9.480000e+00	-9.450000e+00	0.000000e+00	0.000000e+00	0.000000e+00
-9.450000e+00	-9.420000e+00	0.000000e+00	0.000000e+00	0.000000e+00
-9.420000e+00	-9.390000e+00	0.000000e+00	0.000000e+00	0.000000e+00
-9.390000e+00	-9.360000e+00	0.000000e+00	0.000000e+00	0.000000e+00
-9.360000e+00	-9.330000e+00	0.000000e+00	0.000000e+00	0.000000e+00
-9.330000e+00	-9.300000e+00	0.000000e+00	0.000000e+00	0.000000e+00
-9.300000e+00	-9.270000e+00	0.000000e+00	0.000000e+00	0.000000e+00
-9.270000e+00	-9.240000e+00	0.000000e+00	0.000000e+00	0.000000e+00
-9.240000e+00	-9.210000e+00	0.000000e+00	0.000000e+00	0.000000e+00
-9.210000e+00	-9.180000e+00	0.000000e+00	0.000000e+00	0.000000e+00
-9.180000e+00	-9.150000e+00	0.000000e+00	0.000000e+00	0.000000e+00
-9.150000e+00	-9.120000e+00	0.000000e+00	0.000000e+00	0.000000e+00
-9.120000e+00	-9.090000e+00	0.000000e+00	0.000000e+00	0.000000e+00
-9.090000e+00	-9.060000e+00	0.000000e+00	0.000000e+00	0.000000e+00
-9.060000e+00	-9.030000e+00	0.000000e+00	0.000000e+00	0.000000e+00
-9.030000e+00	-9.000000e+00	0.000000e+00	0.000000e+00	0.000000e+00
-9.000000e+00	-8.970000e+00	0.000000e+00	0.000000e+00	0.000000e+00
-8.970000e+00	-8.940000e+00	0.000000e+00	0.000000e+00	0.000000e+00
-8.940000e+00	-8.910000e+00	0.000000e+00	0.000000e+00	0.000000e+00
-8.910000e+00	-8.880000e+00	0.000000e+00	0.000000e+00	0.000000e+00
-8.880000e+00	-8.850000e+00	0.000000e+00	0.000000e+00	0.000000e+00
-8.850000e+00	-8.820000e+00	0.000000e+00	0.000000e+00	0.000000e+00
-8.820000e+00	-8.790000e+00	0.000000e+00	0.000000e+00	0.000000e+00
-8.790000e+00	-8.760000e+00	0.000000e+00	0.000000e+00	0.000000e+00
-8.760000e+00	-8.730000e+00	0.000000e+00	0.000000e+00	0.000000e+00
-8.730000e+00	-8.700000e+00	0.000000e+00	0.000000e+00	0.000000e+00
-8.700000e+00	-8.670000e+00	0.000000e+00	0.000000e+00	0.000000e+00
-8.670000e+00	-8.640000e+00	0.000000e+00	0.000000e+00	0.000000e+00
-8.640000e+00	-8.610000e+00	0.000000e+00	0.000000e+00	0.000000e+00
-8.610000e+00	-8.580000e+00	0.000000e+00	0.000000e+00	0.000000e+00
-8.580000e+00	-8.550000e+00	0.000000e+00	0.000000e+00	0.000000e+00
-8.550000e+00	-8.520000e+00	0.000000e+00	0.000000e+00	0.000000e+00
-8.520000e+00	-8.490000e+00	0.000000e+00	0.000000e+00	0.000000e+00
-8.490000e+00	-8.460000e+00	0.000000e+00	0.000000e+00	0.000000e+00
-8.460000e+00	-8.430000e+00	0.000000e+00	0.000000e+00	0.000000e+00
-8.430000e+00	-8.400000e+00	0.000000e+00	0.000000e+00	0.000000e+00
-8.400000e+00	-8.370000e+00	0.000000e+00	0.000000e+00	0.000000e+00
-8.370000e+00	-8.340000e+00	0.000000e+00	0.000000e+00	0.000000e+00
-8.340000e+00	-8.310000e+00	0.000000e+00	0.000000e+00	0.000000e+00
-8.310000e+00	-8.280000e+00	0.000000e+00	0.000000e+00	0.000000e+00
-8.280000e+00	-8.250000e+00	0.000000e+00	0.000000e+00	0.000000e+00
-8.250000e+00	-8.220000e+00	0.000000e+00	0.000000e+00	0.000000e+00
-8.220000e+00	-8.190000e+00	0.000000e+00	0.000000e+00	0.000000e+00
-8.190000e+00	-8.160000e+00	0.000000e+00	0.000000e+00	0.000000e+00
-8.160000e+00	-8.130000e+00	0.000000e+00	0.000000e+00	0.000000e+00
-8.130000e+00	-8.100000e+00	0.000000e+00	0.000000e+00	0.000000e+00
-8.100000e+00	-8.070000e+00	0.000000e+00	0.000000e+00	0.000000e+00
-8.070000e+00	-8.040000e+00	0.000000e+00	0.000000e+00	0.000000e+00
-8.040000e+00	-8.010000e+00	0.000000e+00	0.000000e+00	0.000000e+00
-8.010000e+00	-7.980000e+00	0.000000e+00	0.000000e+00	0.000000e+00
-7.980000e+00	-7.950000e+00	0.000000e+00	0.000000e+00	0.000000e+00
-7.950000e+00	-7.920000e+00	0.000000e+00	0.000000e+00	0.000000e+00
-7.920000e+00	-7.890000e+00	0.000000e+00	0.000000e+00	0.000000e+00
-7.890000e+00	-7.860000e+00	0.000000e+00	0.000000e+00	0.000000e+00
-7.860000e+00	-7.830000e+00	0.000000e+00	0.000000e+00	0.000000e+00
-7.830000e+00	-7.800000e+00	0.000000e+00	0.000000e+00	0.000000e+00
-7.800000e+00	-7.770000e+00	0.000000e+00	0.000000e+00	0.000000e+00
-7.770000e+00	-7.740000e+00	0.000000e+00	0.000000e+00	0.000000e+00
-7.740000e+00	-7.710000e+00	0.000000e+00	0.000000e+00	0.000000e+00
-7.710000e+00	-7.680000e+00	0.000000e+00	0.000000e+00	0.000000e+00
-7.680000e+00	-7.650000e+00	0.000000e+00	0.000000e+00	0.000000e+00
-7.650000e+00	-7.620000e+00	0.000000e+00	0.000000e+00	0.000000e+00
-7.620000e+00	-7.590000e+00	0.000000e+00	0.000000e+00	0.000000e+00
-7.590000e+00	-7.560000e+00	0.000000e+00	0.000000e+00	0.000000e+00
-7.560000e+00	-7.530000e+00	0.000000e+00	0.000000e+00	0.000000e+00
-7.530000e+00	-7.500000e+00	0.000000e+00	0.000000e+00	0.000000e+00
-7.500000e+00	-7.470000e+00	0.000000e+00	0.000000e+00	0.000000e+00
-7.470000e+00	-7.440000e+00	0.000000e+00	0.000000e+00	0.000000e+00
-7.440000e+00	-7.410000e+00	0.000000e+00	0.000000e+00	0.000000e+00
-7.410000e+00	-7.380000e+00	0.000000e+00	0.000000e+00	0.000000e+00
-7.380000e+00	-7.350000e+00	0.000000e+00	0.000000e+00	0.000000e+00
-7.350000e+00	-7.320000e+00	0.000000e+00	0.000000e+00	0.000000e+00
-7.320000e+00	-7.290000e+00	0.000000e+00	0.000000e+00	0.000000e+00
-7.290000e+00	-7.260000e+00	0.000000e+00	0.000000e+00	0.000000e+00
-7.260000e+00	-7.230000e+00	0.000000e+00	0.000000e+00	0.000000e+00
-7.230000e+00	-7.200000e+00	0.000000e+00	0.000000e+00	0.000000e+00
-7.200000e+00	-7.170000e+00	0.000000e+00	0.000000e+00	0.000000e+00
-7.170000e+00	-7.140000e+00	0.000000e+00	0.000000e+00	0.000000e+00
-7.140000e+00	-7.110000e+00	0.000000e+00	0.000000e+00	0.000000e+00
-7.110000e+00	-7.080000e+00	0.000000e+00	0.000000e+00	0.000000e+00
-7.080000e+00	-7.050000e+00	0.000000e+00	0.000000e+00	0.000000e+00
-7.050000e+00	-7.020000e+00	0.000000e+00	0.000000e+00	0.000000e+00
-7.020000e+00	-6.990000e+00	0.000000e+00	0.000000e+00	0.000000e+00
-6.990000e+00	-6.960000e+00	0.000000e+00	0.000000e+00	0.000000e+00
-6.960000e+00	-6.930000e+00	0.000000e+00	0.000000e+00	0.000000e+00
-6.930000e+00	-6.900000e+00	0.000000e+00	0.000000e+00	0.000000e+00
-6.900000e+00	-6.870000e+00	0.000000e+00	0.000000e+00	0.000000e+00
-6.870000e+00	-6.840000e+00	0.000000e+00	0.000000e+00	0.000000e+00
-6.840000e+00	-6.810000e+00	0.000000e+00	0.000000e+00	0.000000e+00
-6.810000e+00	-6.780000e+00	0.000000e+00	0.000000e+00	0.000000e+00
-6.780000e+00	-6.750000e+00	0.000000e+00	0.000000e+00	0.000000e+00
-6.750000e+00	-6.720000e+00	0.000000e+00	0.000000e+00	0.000000e+00
-6.720000e+00	-6.690000e+00	0.000000e+00	0.000000e+00	0.000000e+00
-6.690000e+00	-6.660000e+00	0.000000e+00	0.000000e+00	0.000000e+00
-6.660000e+00	-6.630000e+00	0.000000e+00	0.000000e+00	0.000000e+00
-6.630000e+00	-6.600000e+00	0.000000e+00	0.000000e+00	0.000000e+00
-6.600000e+00	-6.570000e+00	0.000000e+00	0.000000e+00	0.000000e+00
-6.570000e+00	-6.540000e+00	0.000000e+00	0.000000e+00	0.000000e+00
-6.540000e+00	-6.510000e+00	0.000000e+00	0.000000e+00	0.000000e+00
-6.510000e+00	-6.480000e+00	0.000000e+00	0.000000e+00	0.000000e+00
-6.480000e+00	-6.450000e+00	0.000000e+00	0.000000e+00	0.000000e+00
-6.450000e+00	-6.420000e+00	0.000000e+00	0.000000e+00	0.000000e+00
-6.420000e+00	-6.390000e+00	0.000000e+00	0.000000e+00	0.000000e+00
-6.390000e+00	-6.360000e+00	0.000000e+00	0.000000e+00	0.000000e+00
-6.360000e+00	-6.330000e+00	0.000000e+00	0.000000e+00	0.000000e+00
-6.330000e+00	-6.300000e+00	0.000000e+00	0.000000e+00	0.000000e+00
-6.300000e+00	-6.270000e+00	0.000000e+00	0.000000e+00	0.000000e+00
-6.270000e+00	-6.240000e+00	0.000000e+00	0.000000e+00	0.000000e+00
-6.240000e+00	-6.210000e+00	0.000000e+00	0.000000e+00	0.000000e+00
-6.210000e+00	-6.180000e+00	0.000000e+00	0.000000e+00	0.000000e+00
-6.180000e+00	-6.150000e+00	0.000000e+00	0.000000e+00	0.000000e+00
-6.150000e+00	-6.120000e+00	0.000000e+00	0.000000e+00	0.000000e+00
-6.120000e+00	-6.090000e+00	0.000000e+00	0.000000e+00	0.000000e+00
-6.090000e+00	-6.060000e+00	0.000000e+00	0.000000e+00	0.000000e+00
-6.060000e+00	-6.030000e+00	0.000000e+00	0.000000e+00	0.000000e+00
-6.030000e+00	-6.000000e+00	0.000000e+00	0.000000e+00	0.000000e+00
-6.000000e+00	-5.970000e+00	0.000000e+00	0.000000e+00	0.000000e+00
-5.970000e+00	-5.940000e+00	0.000000e+00	0.000000e+00	0.000000e+00
-5.940000e+00	-5.910000e+00	0.000000e+00	0.000000e+00	0.000000e+00
-5.910000e+00	-5.880000e+00	0.000000e+00	0.000000e+00	0.000000e+00
-5.880000e+00	-5.850000e+00	0.000000e+00	0.000000e+00	0.000000e+00
-5.850000e+00	-5.820000e+00	0.000000e+00	0.000000e+00	0.000000e+00
-5.820000e+00	-5.790000e+00	0.000000e+00	0.000000e+00	0.000000e+00
-5.790000e+00	-5.760000e+00	0.000000e+00	0.000000e+00	0.000000e+00
-5.760000e+00	-5.730000e+00	0.000000e+00	0.000000e+00	0.000000e+00
-5.730000e+00	-5.700000e+00	0.000000e+00	0.000000e+00	0.000000e+00
-5.700000e+00	-5.670000e+00	0.000000e+00	0.000000e+00	0.000000e+00
-5.670000e+00	-5.640000e+00	0.000000e+00	0.000000e+00	0.000000e+00
-5.640000e+00	-5.610000e+00	0.000000e+00	0.000000e+00	0.000000e+00
-5.610000e+00	-5.580000e+00	0.000000e+00	0.000000e+00	0.000000e+00
-5.580000e+00	-5.550000e+00	0.000000e+00	0.000000e+00	0.000000e+00
-5.550000e+00	-5.520000e+00	0.000000e+00	0.000000e+00	0.000000e+00
-5.520000e+00	-5.490000e+00	0.000000e+00	0.000000e+00	0.000000e+00
-5.490000e+00	-5.460000e+00	0.000000e+00	0.000000e+00	0.000000e+00
-5.460000e+00	-5.430000e+00	0.000000e+00	0.000000e+00	0.000000e+00
-5.430000e+00	-5.400000e+00	0.000000e+00	0.000000e+00	0.000000e+00
-5.400000e+00	-5.370000e+00	0.000000e+00	0.000000e+00	0.000000e+00
-5.370000e+00	-5.340000e+00	0.000000e+00	0.000000e+00	0.000000e+00
-5.340000e+00	-5.310000e+00	0.000000e+00	0.000000e+00	0.000000e+00
-5.310000e+00	-5.280000e+00	0.000000e+00	0.000000e+00	0.000000e+00
-5.280000e+00	-5.250000e+00	0.000000e+00	0.000000e+00	0.000000e+00
-5.250000e+00	-5.220000e+00	0.000000e+00	0.000000e+00	0.000000e+00
-5.220000e+00	-5.190000e+00	0.000000e+00	0.000000e+00	0.000000e+00
-5.190000e+00	-5.160000e+00	0.000000e+00	0.000000e+00	0.000000e+00
-5.160000e+00	-5.130000e+00	0.000000e+00	0.000000e+00	0.000000e+00
-5.130000e+00	-5.100000e+00	1.719149e-04	1.719149e-04	1.719149e-04
-5.100000e+00	-5.070000e+00	0.000000e+00	0.000000e+00	0.000000e+00
-5.070000e+00	-5.040000e+00	0.000000e+00	0.000000e+00	0.000000e+00
-5.040000e+00	-5.010000e+00	0.000000e+00	0.000000e+00	0.000000e+00
-5.010000e+00	-4.980000e+00	6.449920e-03	6.449919e-03	6.449919e-03
-4.980000e+00	-4.950000e+00	9.569487e-03	9.569487e-03	9.569487e-03
-4.950000e+00	-4.920000e+00	6.818840e-03	6.568116e-03	6.568116e-03
-4.920000e+00	-4.890000e+00	0.000000e+00	0.000000e+00	0.000000e+00
-4.890000e+00	-4.860000e+00	0.000000e+00	0.000000e+00	0.000000e+00
-4.860000e+00	-4.830000e+00	0.000000e+00	0.000000e+00	0.000000e+00
-4.830000e+00	-4.800000e+00	0.000000e+00	0.000000e+00	0.000000e+00
-4.800000e+00	-4.770000e+00	1.832303e-03	1.832302e-03	1.832302e-03
-4.770000e+00	-4.740000e+00	0.000000e+00	0.000000e+00	0.000000e+00
-4.740000e+00	-4.710000e+00	6.305033e-03	6.305032e-03	6.305032e-03
-4.710000e+00	-4.680000e+00	0.000000e+00	0.000000e+00	0.000000e+00
-4.680000e+00	-4.650000e+00	0.000000e+00	0.000000e+00	0.000000e+00
-4.650000e+00	-4.620000e+00	0.000000e+00	0.000000e+00	0.000000e+00
-4.620000e+00	-4.590000e+00	7.688687e-03	7.199637e-03	7.199637e-03
-4.590000e+00	-4.560000e+00	0.000000e+00	0.000000e+00	0.000000e+00
-4.560000e+00	-4.530000e+00	2.940155e-03	2.940155e-03	2.940155e-03
-4.530000e+00	-4.500000e+00	3.181916e-03	2.570506e-03	2.570506e-03
-4.500000e+00	-4.470000e+00	0.000000e+00	0.000000e+00	0.000000e+00
-4.470000e+00	-4.440000e+00	2.465811e-03	2.465811e-03	2.465811e-03
-4.440000e+00	-4.410000e+00	6.869630e-04	6.869630e-04	6.869630e-04
-4.410000e+00	-4.380000e+00	0.000000e+00	0.000000e+00	0.000000e+00
-4.380000e+00	-4.350000e+00	3.279247e-04	3.279247e-04	3.279247e-04
-4.350000e+00	-4.320000e+00	5.754827e-03	5.754827e-03	5.754827e-03
-4.320000e+00	-4.290000e+00	3.181719e-03	3.058750e-03	3.058750e-03
-4.290000e+00	-4.260000e+00	0.000000e+00	0.000000e+00	0.000000e+00
-4.260000e+00	-4.230000e+00	2.898708e-03	2.671081e-03	2.671081e-03
-4.230000e+00	-4.200000e+00	1.963408e-02	1.836152e-02	1.836152e-02
-4.200000e+00	-4.170000e+00	2.070573e-02	1.755888e-02	1.755888e-02
-4.170000e+00	-4.140000e+00	1.160209e-02	1.066455e-02	1.066455e-02
-4.140000e+00	-4.110000e+00	1.099888e-02	8.551720e-03	8.551720e-03
-4.110000e+00	-4.080000e+00	3.328492e-03	2.486542e-03	2.486542e-03
-4.080000e+00	-4.050000e+00	1.357141e-02	9.414549e-03	9.414549e-03
-4.050000e+00	-4.020000e+00	4.321710e-02	3.435323e-02	3.435323e-02
-4.020000e+00	-3.990000e+00	6.499567e-02	4.009256e-02	4.009256e-02
-3.990000e+00	-3.960000e+00	0.000000e+00	0.000000e+00	0.000000e+00
-3.960000e+00	-3.930000e+00	5.306623e-03	5.112994e-03	5.112994e-03
-3.930000e+00	-3.900000e+00	5.174577e-02	3.283476e-02	3.283476e-02
-3.900000e+00	-3.870000e+00	3.968300e-02	2.924058e-02	2.924058e-02
-3.870000e+00	-3.840000e+00	3.460853e-02	2.204730e-02	2.204730e-02
-3.840000e+00	-3.810000e+00	3.812837e-02	2.880872e-02	2.880872e-02
-3.810000e+00	-3.780000e+00	4.331753e-02	2.477641e-02	2.477641e-02
-3.780000e+00	-3.750000e+00	1.540054e-03	1.021822e-03	1.021822e-03
-3.750000e+00	-3.720000e+00	5.818433e-02	4.611717e-02	4.611717e-02
-3.720000e+00	-3.690000e+00	1.342083e-02	1.054330e-02	1.054330e-02
-3.690000e+00	-3.660000e+00	5.488920e-02	2.638857e-02	2.638857e-02
-3.660000e+00	-3.630000e+00	7.647513e-02	4.719795e-02	4.719795e-02
-3.630000e+00	-3.600000e+00	8.008397e-02	4.455740e-02	4.455740e-02
-3.600000e+00	-3.570000e+00	3.352897e-02	1.359378e-02	1.359378e-02
-3.570000e+00	-3.540000e+00	6.009280e-02	2.675278e-02	2.675278e-02
-3.540000e+00	-3.510000e+00	1.654567e-02	1.298762e-02	1.298762e-02
-3.510000e+00	-3.480000e+00	5.012423e-02	3.337426e-02	3.337426e-02
-3.480000e+00	-3.450000e+00	5.397987e-02	2.994041e-02	2.994041e-02
-3.450000e+00	-3.420000e+00	6.843887e-02	2.764651e-02	2.764651e-02
-3.420000e+00	-3.390000e+00	8.205163e-02	3.726039e-02	3.726039e-02
-3.390000e+00	-3.360000e+00	2.064533e-01	7.804861e-02	7.804861e-02
-3.360000e+00	-3.330000e+00	8.232010e-02	3.144449e-02	3.144449e-02
-3.330000e+00	-3.300000e+00	1.794066e-01	6.314775e-02	6.314775e-02
-3.300000e+00	-3.270000e+00	1.291994e-01	4.881796e-02	4.881796e-02
-3.270000e+00	-3.240000e+00	2.400162e-01	8.707253e-02	8.707253e-02
-3.240000e+00	-3.210000e+00	6.076423e-02	2.058241e-02	2.058241e-02
-3.210000e+00	-3.180000e+00	9.056660e-02	3.611409e-02	3.611409e-02
-3.180000e+00	-3.150000e+00	1.821984e-01	5.555745e-02	5.555745e-02
-3.150000e+00	-3.120000e+00	1.973219e-01	6.880865e-02	6.880865e-02
-3.120000e+00	-3.090000e+00	1.339756e-01	4.886957e-02	4.886957e-02
-3.090000e+00	-3.060000e+00	2.952789e-01	7.957238e-02	7.957238e-02
-3.060000e+00	-3.030000e+00	2.390455e-01	7.622742e-02	7.622742e-02
-3.030000e+00	-3.000000e+00	2.253992e-01	6.928605e-02	6.928605e-02
-3.000000e+00	-2.970000e+00	2.316502e-01	7.405589e-02	7.405589e-02
-2.970000e+00	-2.940000e+00	3.158705e-01	8.681226e-02	8.681226e-02
-2.940000e+00	-2.910000e+00	2.205992e-01	6.940715e-02	6.940715e-02
-2.910000e+00	-2.880000e+00	6.866070e-01	2.000486e-01	2.000486e-01
-2.880000e+00	-2.850000e+00	3.003232e-01	9.973719e-02	9.973719e-02
-2.850000e+00	-2.820000e+00	2.481305e-01	7.863838e-02	7.863838e-02
-2.820000e+00	-2.790000e+00	4.889563e-01	1.132394e-01	1.132394e-01
-2.790000e+00	-2.760000e+00	3.269904e-01	9.849001e-02	9.849001e-02
-2.760000e+00	-2.730000e+00	3.203960e-01	9.740099e-02	9.740099e-02
-2.730000e+00	-2.700000e+00	2.902178e-01	1.065476e-01	1.065476e-01
-2.700000e+00	-2.670000e+00	2.258588e-01	7.559587e-02	7.559587e-02
-2.670000e+00	-2.640000e+00	3.520057e-01	1.202569e-01	1.202569e-01
-2.640000e+00	-2.610000e+00	3.150013e-01	7.944252e-02	7.944252e-02
-2.610000e+00	-2.580000e+00	1.996165e-01	6.494237e-02	6.494237e-02
-2.580000e+00	-2.550000e+00	3.159796e-01	8.857197e-02	8.857197e-02
-2.550000e+00	-2.520000e+00	2.267424e-01	6.851570e-02	6.851570e-02
-2.520000e+00	-2.490000e+00	2.098226e-01	6.642868e-02	6.642868e-02
-2.490000e+00	-2.460000e+00	1.747509e-01	6.148298e-02	6.148298e-02
-2.460000e+00	-2.430000e+00	3.008344e-01	9.529531e-02	9.529531e-02
-2.430000e+00	-2.400000e+00	4.255180e-01	2.670917e-01	2.670917e-01
-2.400000e+00	-2.370000e+00	2.716144e-01	8.537135e-02	8.537135e-02
-2.370000e+00	-2.340000e+00	1.596117e-01	4.869231e-02	4.869231e-02
-2.340000e+00	-2.310000e+00	2.409638e-01	8.335068e-02	8.335068e-02
-2.310000e+00	-2.280000e+00	2.397260e-01	7.298817e-02	7.298817e-02
-2.280000e+00	-2.250000e+00	2.408260e-01	7.215017e-02	7.215017e-02
-2.250000e+00	-2.220000e+00	2.238002e-01	7.653992e-02	7.653992e-02
-2.220000e+00	-2.190000e+00	2.331778e-01	7.841321e-02	7.841321e-02
-2.190000e+00	-2.160000e+00	4.024763e-01	1.007512e-01	1.007512e-01
-2.160000e+00	-2.130000e+00	2.244128e-01	6.457518e-02	6.457518e-02
-2.130000e+00	-2.100000e+00	2.406997e-01	7.465085e-02	7.465085e-02
-2.100000e+00	-2.070000e+00	2.359223e-01	7.715426e-02	7.715426e-02
-2.070000e+00	-2.040000e+00	2.861520e-01	7.921572e-02	7.921572e-02
-2.040000e+00	-2.010000e+00	2.345108e-01	7.461104e-02	7.461104e-02
-2.010000e+00	-1.980000e+00	2.827252e-01	8.322600e-02	8.322600e-02
-1.980000e+00	-1.950000e+00	1.161467e+00	9.014479e-01	9.014479e-01
-1.950000e+00	-1.920000e+00	1.842455e-01	6.771907e-02	6.771907e-02
-1.920000e+00	-1.890000e+00	1.546509e-01	5.038109e-02	5.038109e-02
-1.890000e+00	-1.860000e+00	1.908811e-01	6.349955e-02	6.349955e-02
-1.860000e+00	-1.830000e+00	3.132648e-01	9.972470e-02	9.972470e-02
-1.830000e+00	-1.800000e+00	2.375035e-01	8.431647e-02	8.431647e-02
-1.800000e+00	-1.770000e+00	2.248236e-01	5.877964e-02	5.877964e-02
-1.770000e+00	-1.740000e+00	6.541230e-01	5.198588e-01	5.198588e-01
-1.740000e+00	-1.710000e+00	3.172148e-01	8.853016e-02	8.853016e-02
-1.710000e+00	-1.680000e+00	3.925577e-01	1.002118e-01	1.002118e-01
-1.680000e+00	-1.650000e+00	3.233627e-01	8.935834e-02	8.935834e-02
-1.650000e+00	-1.620000e+00	3.155605e-01	7.577019e-02	7.577019e-02
-1.620000e+00	-1.590000e+00	4.306353e-01	1.202598e-01	1.202598e-01
-1.590000e+00	-1.560000e+00	3.376893e-01	9.980791e-02	9.980791e-02
-1.560000e+00	-1.530000e+00	3.271476e-01	9.582276e-02	9.582276e-02
-1.530000e+00	-1.500000e+00	6.398070e+00	5.980021e+00	5.980021e+00
-1.500000e+00	-1.470000e+00	2.852748e-01	9.191521e-02	9.191521e-02
-1.470000e+00	-1.440000e+00	3.349003e-01	9.510154e-02	9.510154e-02
-1.440000e+00	-1.410000e+00	3.658443e-01	1.089884e-01	1.089884e-01
-1.410000e+00	-1.380000e+00	3.118115e-01	9.083396e-02	9.083396e-02
-1.380000e+00	-1.350000e+00	3.783367e-01	1.102787e-01	1.102787e-01
-1.350000e+00	-1.320000e+00	4.627110e-01	1.084090e-01	1.084090e-01
-1.320000e+00	-1.290000e+00	4.243420e-01	1.137718e-01	1.137718e-01
-1.290000e+00	-1.260000e+00	2.970102e-01	8.918076e-02	8.918076e-02
-1.260000e+00	-1.230000e+00	2.681324e-01	8.408941e-02	8.408941e-02
-1.230000e+00	-1.200000e+00	1.725604e-01	6.866977e-02	6.866977e-02
-1.200000e+00	-1.170000e+00	4.762620e-01	1.229996e-01	1.229996e-01
-1.170000e+00	-1.140000e+00	3.260099e-01	9.833960e-02	9.833960e-02
-1.140000e+00	-1.110000e+00	4.420173e-01	1.182108e-01	1.182108e-01
-1.110000e+00	-1.080000e+00	2.519653e-01	9.198738e-02	9.198738e-02
-1.080000e+00	-1.050000e+00	1.389882e-01	5.459847e-02	5.459847e-02
-1.050000e+00	-1.020000e+00	1.499244e-01	5.979789e-02	5.979789e-02
-1.020000e+00	-9.900000e-01	1.774466e-01	8.606193e-02	8.606193e-02
-9.900000e-01	-9.600000e-01	1.444966e-01	4.945465e-02	4.945465e-02
-9.600000e-01	-9.300000e-01	1.618346e-01	7.002999e-02	7.002999e-02
-9.300000e-01	-9.000000e-01	7.494040e-02	2.888617e-02	2.888617e-02
-9.000000e-01	-8.700000e-01	3.804733e-01	9.735800e-02	9.735800e-02
-8.700000e-01	-8.400000e-01	1.933727e-01	6.329939e-02	6.329939e-02
-8.400000e-01	-8.100000e-01	1.913415e-01	7.130389e-02	7.130389e-02
-8.100000e-01	-7.800000e-01	3.459013e-01	2.098220e-01	2.098220e-01
-7.800000e-01	-7.500000e-01	8.580033e-02	4.924348e-02	4.924348e-02
-7.500000e-01	-7.200000e-01	1.610232e-01	7.855588e-02	7.855588e-02
-7.200000e-01	-6.900000e-01	1.677775e-01	6.747059e-02	6.747059e-02
-6.900000e-01	-6.600000e-01	9.978313e-02	5.803008e-02	5.803008e-02
-6.600000e-01	-6.300000e-01	1.748291e-01	8.614751e-02	8.614751e-02
-6.300000e-01	-6.000000e-01	3.773563e-01	2.810765e-01	2.810765e-01
-6.000000e-01	-5.700000e-01	1.740597e-02	9.219193e-03	9.219193e-03
-5.700000e-01	-5.400000e-01	1.859034e-01	7.535480e-02	7.535480e-02
-5.400000e-01	-5.100000e-01	1.034470e-01	5.494039e-02	5.494039e-02
-5.100000e-01	-4.800000e-01	3.540553e-02	3.389494e-02	3.389494e-02
-4.800000e-01	-4.500000e-01	5.128827e-02	4.639012e-02	4.639012e-02
-4.500000e-01	-4.200000e-01	5.826003e-02	4.035849e-02	4.035849e-02
-4.200000e-01	-3.900000e-01	0.000000e+00	0.000000e+00	0.000000e+00
-3.900000e-01	-3.600000e-01	1.892594e-03	1.892594e-03	1.892594e-03
-3.600000e-01	-3.300000e-01	0.000000e+00	0.000000e+00	0.000000e+00
-3.300000e-01	-3.000000e-01	0.000000e+00	0.000000e+00	0.000000e+00
-3.000000e-01	-2.700000e-01	0.000000e+00	0.000000e+00	0.000000e+00
-2.700000e-01	-2.400000e-01	0.000000e+00	0.000000e+00	0.000000e+00
-2.400000e-01	-2.100000e-01	0.000000e+00	0.000000e+00	0.000000e+00
-2.100000e-01	-1.800000e-01	0.000000e+00	0.000000e+00	0.000000e+00
-1.800000e-01	-1.500000e-01	0.000000e+00	0.000000e+00	0.000000e+00
-1.500000e-01	-1.200000e-01	0.000000e+00	0.000000e+00	0.000000e+00
-1.200000e-01	-9.000000e-02	0.000000e+00	0.000000e+00	0.000000e+00
-9.000000e-02	-6.000000e-02	0.000000e+00	0.000000e+00	0.000000e+00
-6.000000e-02	-3.000000e-02	0.000000e+00	0.000000e+00	0.000000e+00
-3.000000e-02	0.000000e+00	0.000000e+00	0.000000e+00	0.000000e+00
# END HISTO1D

# BEGIN HISTO1D //afs/cern.ch/user/d/dkar/lh2015-qg/Vincia-2001/lhc/hadron/zjet_born.yoda/MC_LHQG_Zjet/log_mMDT_GA_10_05_Q400_R10
LineColor=blue
LineStyle=solid
Path=//afs/cern.ch/user/d/dkar/lh2015-qg/Vincia-2001/lhc/hadron/zjet_born.yoda/MC_LHQG_Zjet/log_mMDT_GA_10_05_Q400_R10
Title=zjet_born
XLabel=
YLabel=
# xlow	 xhigh	 val	 errminus	 errplus
-1.500000e+01	-1.497000e+01	0.000000e+00	0.000000e+00	0.000000e+00
-1.497000e+01	-1.494000e+01	0.000000e+00	0.000000e+00	0.000000e+00
-1.494000e+01	-1.491000e+01	0.000000e+00	0.000000e+00	0.000000e+00
-1.491000e+01	-1.488000e+01	0.000000e+00	0.000000e+00	0.000000e+00
-1.488000e+01	-1.485000e+01	0.000000e+00	0.000000e+00	0.000000e+00
-1.485000e+01	-1.482000e+01	0.000000e+00	0.000000e+00	0.000000e+00
-1.482000e+01	-1.479000e+01	0.000000e+00	0.000000e+00	0.000000e+00
-1.479000e+01	-1.476000e+01	0.000000e+00	0.000000e+00	0.000000e+00
-1.476000e+01	-1.473000e+01	0.000000e+00	0.000000e+00	0.000000e+00
-1.473000e+01	-1.470000e+01	0.000000e+00	0.000000e+00	0.000000e+00
-1.470000e+01	-1.467000e+01	0.000000e+00	0.000000e+00	0.000000e+00
-1.467000e+01	-1.464000e+01	0.000000e+00	0.000000e+00	0.000000e+00
-1.464000e+01	-1.461000e+01	0.000000e+00	0.000000e+00	0.000000e+00
-1.461000e+01	-1.458000e+01	0.000000e+00	0.000000e+00	0.000000e+00
-1.458000e+01	-1.455000e+01	0.000000e+00	0.000000e+00	0.000000e+00
-1.455000e+01	-1.452000e+01	0.000000e+00	0.000000e+00	0.000000e+00
-1.452000e+01	-1.449000e+01	0.000000e+00	0.000000e+00	0.000000e+00
-1.449000e+01	-1.446000e+01	0.000000e+00	0.000000e+00	0.000000e+00
-1.446000e+01	-1.443000e+01	0.000000e+00	0.000000e+00	0.000000e+00
-1.443000e+01	-1.440000e+01	0.000000e+00	0.000000e+00	0.000000e+00
-1.440000e+01	-1.437000e+01	0.000000e+00	0.000000e+00	0.000000e+00
-1.437000e+01	-1.434000e+01	0.000000e+00	0.000000e+00	0.000000e+00
-1.434000e+01	-1.431000e+01	0.000000e+00	0.000000e+00	0.000000e+00
-1.431000e+01	-1.428000e+01	0.000000e+00	0.000000e+00	0.000000e+00
-1.428000e+01	-1.425000e+01	0.000000e+00	0.000000e+00	0.000000e+00
-1.425000e+01	-1.422000e+01	0.000000e+00	0.000000e+00	0.000000e+00
-1.422000e+01	-1.419000e+01	0.000000e+00	0.000000e+00	0.000000e+00
-1.419000e+01	-1.416000e+01	0.000000e+00	0.000000e+00	0.000000e+00
-1.416000e+01	-1.413000e+01	0.000000e+00	0.000000e+00	0.000000e+00
-1.413000e+01	-1.410000e+01	0.000000e+00	0.000000e+00	0.000000e+00
-1.410000e+01	-1.407000e+01	0.000000e+00	0.000000e+00	0.000000e+00
-1.407000e+01	-1.404000e+01	0.000000e+00	0.000000e+00	0.000000e+00
-1.404000e+01	-1.401000e+01	0.000000e+00	0.000000e+00	0.000000e+00
-1.401000e+01	-1.398000e+01	0.000000e+00	0.000000e+00	0.000000e+00
-1.398000e+01	-1.395000e+01	0.000000e+00	0.000000e+00	0.000000e+00
-1.395000e+01	-1.392000e+01	0.000000e+00	0.000000e+00	0.000000e+00
-1.392000e+01	-1.389000e+01	0.000000e+00	0.000000e+00	0.000000e+00
-1.389000e+01	-1.386000e+01	0.000000e+00	0.000000e+00	0.000000e+00
-1.386000e+01	-1.383000e+01	0.000000e+00	0.000000e+00	0.000000e+00
-1.383000e+01	-1.380000e+01	0.000000e+00	0.000000e+00	0.000000e+00
-1.380000e+01	-1.377000e+01	0.000000e+00	0.000000e+00	0.000000e+00
-1.377000e+01	-1.374000e+01	0.000000e+00	0.000000e+00	0.000000e+00
-1.374000e+01	-1.371000e+01	0.000000e+00	0.000000e+00	0.000000e+00
-1.371000e+01	-1.368000e+01	0.000000e+00	0.000000e+00	0.000000e+00
-1.368000e+01	-1.365000e+01	0.000000e+00	0.000000e+00	0.000000e+00
-1.365000e+01	-1.362000e+01	0.000000e+00	0.000000e+00	0.000000e+00
-1.362000e+01	-1.359000e+01	0.000000e+00	0.000000e+00	0.000000e+00
-1.359000e+01	-1.356000e+01	0.000000e+00	0.000000e+00	0.000000e+00
-1.356000e+01	-1.353000e+01	0.000000e+00	0.000000e+00	0.000000e+00
-1.353000e+01	-1.350000e+01	0.000000e+00	0.000000e+00	0.000000e+00
-1.350000e+01	-1.347000e+01	0.000000e+00	0.000000e+00	0.000000e+00
-1.347000e+01	-1.344000e+01	0.000000e+00	0.000000e+00	0.000000e+00
-1.344000e+01	-1.341000e+01	0.000000e+00	0.000000e+00	0.000000e+00
-1.341000e+01	-1.338000e+01	0.000000e+00	0.000000e+00	0.000000e+00
-1.338000e+01	-1.335000e+01	0.000000e+00	0.000000e+00	0.000000e+00
-1.335000e+01	-1.332000e+01	0.000000e+00	0.000000e+00	0.000000e+00
-1.332000e+01	-1.329000e+01	0.000000e+00	0.000000e+00	0.000000e+00
-1.329000e+01	-1.326000e+01	0.000000e+00	0.000000e+00	0.000000e+00
-1.326000e+01	-1.323000e+01	0.000000e+00	0.000000e+00	0.000000e+00
-1.323000e+01	-1.320000e+01	0.000000e+00	0.000000e+00	0.000000e+00
-1.320000e+01	-1.317000e+01	0.000000e+00	0.000000e+00	0.000000e+00
-1.317000e+01	-1.314000e+01	0.000000e+00	0.000000e+00	0.000000e+00
-1.314000e+01	-1.311000e+01	0.000000e+00	0.000000e+00	0.000000e+00
-1.311000e+01	-1.308000e+01	0.000000e+00	0.000000e+00	0.000000e+00
-1.308000e+01	-1.305000e+01	0.000000e+00	0.000000e+00	0.000000e+00
-1.305000e+01	-1.302000e+01	0.000000e+00	0.000000e+00	0.000000e+00
-1.302000e+01	-1.299000e+01	0.000000e+00	0.000000e+00	0.000000e+00
-1.299000e+01	-1.296000e+01	0.000000e+00	0.000000e+00	0.000000e+00
-1.296000e+01	-1.293000e+01	0.000000e+00	0.000000e+00	0.000000e+00
-1.293000e+01	-1.290000e+01	0.000000e+00	0.000000e+00	0.000000e+00
-1.290000e+01	-1.287000e+01	0.000000e+00	0.000000e+00	0.000000e+00
-1.287000e+01	-1.284000e+01	0.000000e+00	0.000000e+00	0.000000e+00
-1.284000e+01	-1.281000e+01	0.000000e+00	0.000000e+00	0.000000e+00
-1.281000e+01	-1.278000e+01	0.000000e+00	0.000000e+00	0.000000e+00
-1.278000e+01	-1.275000e+01	0.000000e+00	0.000000e+00	0.000000e+00
-1.275000e+01	-1.272000e+01	0.000000e+00	0.000000e+00	0.000000e+00
-1.272000e+01	-1.269000e+01	0.000000e+00	0.000000e+00	0.000000e+00
-1.269000e+01	-1.266000e+01	0.000000e+00	0.000000e+00	0.000000e+00
-1.266000e+01	-1.263000e+01	0.000000e+00	0.000000e+00	0.000000e+00
-1.263000e+01	-1.260000e+01	0.000000e+00	0.000000e+00	0.000000e+00
-1.260000e+01	-1.257000e+01	0.000000e+00	0.000000e+00	0.000000e+00
-1.257000e+01	-1.254000e+01	0.000000e+00	0.000000e+00	0.000000e+00
-1.254000e+01	-1.251000e+01	0.000000e+00	0.000000e+00	0.000000e+00
-1.251000e+01	-1.248000e+01	0.000000e+00	0.000000e+00	0.000000e+00
-1.248000e+01	-1.245000e+01	0.000000e+00	0.000000e+00	0.000000e+00
-1.245000e+01	-1.242000e+01	0.000000e+00	0.000000e+00	0.000000e+00
-1.242000e+01	-1.239000e+01	0.000000e+00	0.000000e+00	0.000000e+00
-1.239000e+01	-1.236000e+01	0.000000e+00	0.000000e+00	0.000000e+00
-1.236000e+01	-1.233000e+01	0.000000e+00	0.000000e+00	0.000000e+00
-1.233000e+01	-1.230000e+01	0.000000e+00	0.000000e+00	0.000000e+00
-1.230000e+01	-1.227000e+01	0.000000e+00	0.000000e+00	0.000000e+00
-1.227000e+01	-1.224000e+01	0.000000e+00	0.000000e+00	0.000000e+00
-1.224000e+01	-1.221000e+01	0.000000e+00	0.000000e+00	0.000000e+00
-1.221000e+01	-1.218000e+01	0.000000e+00	0.000000e+00	0.000000e+00
-1.218000e+01	-1.215000e+01	0.000000e+00	0.000000e+00	0.000000e+00
-1.215000e+01	-1.212000e+01	0.000000e+00	0.000000e+00	0.000000e+00
-1.212000e+01	-1.209000e+01	0.000000e+00	0.000000e+00	0.000000e+00
-1.209000e+01	-1.206000e+01	0.000000e+00	0.000000e+00	0.000000e+00
-1.206000e+01	-1.203000e+01	0.000000e+00	0.000000e+00	0.000000e+00
-1.203000e+01	-1.200000e+01	0.000000e+00	0.000000e+00	0.000000e+00
-1.200000e+01	-1.197000e+01	0.000000e+00	0.000000e+00	0.000000e+00
-1.197000e+01	-1.194000e+01	0.000000e+00	0.000000e+00	0.000000e+00
-1.194000e+01	-1.191000e+01	0.000000e+00	0.000000e+00	0.000000e+00
-1.191000e+01	-1.188000e+01	0.000000e+00	0.000000e+00	0.000000e+00
-1.188000e+01	-1.185000e+01	0.000000e+00	0.000000e+00	0.000000e+00
-1.185000e+01	-1.182000e+01	0.000000e+00	0.000000e+00	0.000000e+00
-1.182000e+01	-1.179000e+01	0.000000e+00	0.000000e+00	0.000000e+00
-1.179000e+01	-1.176000e+01	0.000000e+00	0.000000e+00	0.000000e+00
-1.176000e+01	-1.173000e+01	0.000000e+00	0.000000e+00	0.000000e+00
-1.173000e+01	-1.170000e+01	0.000000e+00	0.000000e+00	0.000000e+00
-1.170000e+01	-1.167000e+01	0.000000e+00	0.000000e+00	0.000000e+00
-1.167000e+01	-1.164000e+01	0.000000e+00	0.000000e+00	0.000000e+00
-1.164000e+01	-1.161000e+01	0.000000e+00	0.000000e+00	0.000000e+00
-1.161000e+01	-1.158000e+01	0.000000e+00	0.000000e+00	0.000000e+00
-1.158000e+01	-1.155000e+01	0.000000e+00	0.000000e+00	0.000000e+00
-1.155000e+01	-1.152000e+01	0.000000e+00	0.000000e+00	0.000000e+00
-1.152000e+01	-1.149000e+01	0.000000e+00	0.000000e+00	0.000000e+00
-1.149000e+01	-1.146000e+01	0.000000e+00	0.000000e+00	0.000000e+00
-1.146000e+01	-1.143000e+01	0.000000e+00	0.000000e+00	0.000000e+00
-1.143000e+01	-1.140000e+01	0.000000e+00	0.000000e+00	0.000000e+00
-1.140000e+01	-1.137000e+01	0.000000e+00	0.000000e+00	0.000000e+00
-1.137000e+01	-1.134000e+01	0.000000e+00	0.000000e+00	0.000000e+00
-1.134000e+01	-1.131000e+01	0.000000e+00	0.000000e+00	0.000000e+00
-1.131000e+01	-1.128000e+01	0.000000e+00	0.000000e+00	0.000000e+00
-1.128000e+01	-1.125000e+01	0.000000e+00	0.000000e+00	0.000000e+00
-1.125000e+01	-1.122000e+01	0.000000e+00	0.000000e+00	0.000000e+00
-1.122000e+01	-1.119000e+01	0.000000e+00	0.000000e+00	0.000000e+00
-1.119000e+01	-1.116000e+01	0.000000e+00	0.000000e+00	0.000000e+00
-1.116000e+01	-1.113000e+01	0.000000e+00	0.000000e+00	0.000000e+00
-1.113000e+01	-1.110000e+01	0.000000e+00	0.000000e+00	0.000000e+00
-1.110000e+01	-1.107000e+01	0.000000e+00	0.000000e+00	0.000000e+00
-1.107000e+01	-1.104000e+01	0.000000e+00	0.000000e+00	0.000000e+00
-1.104000e+01	-1.101000e+01	0.000000e+00	0.000000e+00	0.000000e+00
-1.101000e+01	-1.098000e+01	0.000000e+00	0.000000e+00	0.000000e+00
-1.098000e+01	-1.095000e+01	0.000000e+00	0.000000e+00	0.000000e+00
-1.095000e+01	-1.092000e+01	0.000000e+00	0.000000e+00	0.000000e+00
-1.092000e+01	-1.089000e+01	0.000000e+00	0.000000e+00	0.000000e+00
-1.089000e+01	-1.086000e+01	0.000000e+00	0.000000e+00	0.000000e+00
-1.086000e+01	-1.083000e+01	0.000000e+00	0.000000e+00	0.000000e+00
-1.083000e+01	-1.080000e+01	0.000000e+00	0.000000e+00	0.000000e+00
-1.080000e+01	-1.077000e+01	0.000000e+00	0.000000e+00	0.000000e+00
-1.077000e+01	-1.074000e+01	0.000000e+00	0.000000e+00	0.000000e+00
-1.074000e+01	-1.071000e+01	0.000000e+00	0.000000e+00	0.000000e+00
-1.071000e+01	-1.068000e+01	0.000000e+00	0.000000e+00	0.000000e+00
-1.068000e+01	-1.065000e+01	0.000000e+00	0.000000e+00	0.000000e+00
-1.065000e+01	-1.062000e+01	0.000000e+00	0.000000e+00	0.000000e+00
-1.062000e+01	-1.059000e+01	0.000000e+00	0.000000e+00	0.000000e+00
-1.059000e+01	-1.056000e+01	0.000000e+00	0.000000e+00	0.000000e+00
-1.056000e+01	-1.053000e+01	0.000000e+00	0.000000e+00	0.000000e+00
-1.053000e+01	-1.050000e+01	0.000000e+00	0.000000e+00	0.000000e+00
-1.050000e+01	-1.047000e+01	0.000000e+00	0.000000e+00	0.000000e+00
-1.047000e+01	-1.044000e+01	0.000000e+00	0.000000e+00	0.000000e+00
-1.044000e+01	-1.041000e+01	0.000000e+00	0.000000e+00	0.000000e+00
-1.041000e+01	-1.038000e+01	0.000000e+00	0.000000e+00	0.000000e+00
-1.038000e+01	-1.035000e+01	0.000000e+00	0.000000e+00	0.000000e+00
-1.035000e+01	-1.032000e+01	0.000000e+00	0.000000e+00	0.000000e+00
-1.032000e+01	-1.029000e+01	0.000000e+00	0.000000e+00	0.000000e+00
-1.029000e+01	-1.026000e+01	0.000000e+00	0.000000e+00	0.000000e+00
-1.026000e+01	-1.023000e+01	0.000000e+00	0.000000e+00	0.000000e+00
-1.023000e+01	-1.020000e+01	0.000000e+00	0.000000e+00	0.000000e+00
-1.020000e+01	-1.017000e+01	0.000000e+00	0.000000e+00	0.000000e+00
-1.017000e+01	-1.014000e+01	0.000000e+00	0.000000e+00	0.000000e+00
-1.014000e+01	-1.011000e+01	0.000000e+00	0.000000e+00	0.000000e+00
-1.011000e+01	-1.008000e+01	0.000000e+00	0.000000e+00	0.000000e+00
-1.008000e+01	-1.005000e+01	0.000000e+00	0.000000e+00	0.000000e+00
-1.005000e+01	-1.002000e+01	0.000000e+00	0.000000e+00	0.000000e+00
-1.002000e+01	-9.990000e+00	0.000000e+00	0.000000e+00	0.000000e+00
-9.990000e+00	-9.960000e+00	0.000000e+00	0.000000e+00	0.000000e+00
-9.960000e+00	-9.930000e+00	0.000000e+00	0.000000e+00	0.000000e+00
-9.930000e+00	-9.900000e+00	0.000000e+00	0.000000e+00	0.000000e+00
-9.900000e+00	-9.870000e+00	0.000000e+00	0.000000e+00	0.000000e+00
-9.870000e+00	-9.840000e+00	0.000000e+00	0.000000e+00	0.000000e+00
-9.840000e+00	-9.810000e+00	0.000000e+00	0.000000e+00	0.000000e+00
-9.810000e+00	-9.780000e+00	0.000000e+00	0.000000e+00	0.000000e+00
-9.780000e+00	-9.750000e+00	0.000000e+00	0.000000e+00	0.000000e+00
-9.750000e+00	-9.720000e+00	0.000000e+00	0.000000e+00	0.000000e+00
-9.720000e+00	-9.690000e+00	0.000000e+00	0.000000e+00	0.000000e+00
-9.690000e+00	-9.660000e+00	0.000000e+00	0.000000e+00	0.000000e+00
-9.660000e+00	-9.630000e+00	0.000000e+00	0.000000e+00	0.000000e+00
-9.630000e+00	-9.600000e+00	0.000000e+00	0.000000e+00	0.000000e+00
-9.600000e+00	-9.570000e+00	0.000000e+00	0.000000e+00	0.000000e+00
-9.570000e+00	-9.540000e+00	0.000000e+00	0.000000e+00	0.000000e+00
-9.540000e+00	-9.510000e+00	0.000000e+00	0.000000e+00	0.000000e+00
-9.510000e+00	-9.480000e+00	0.000000e+00	0.000000e+00	0.000000e+00
-9.480000e+00	-9.450000e+00	0.000000e+00	0.000000e+00	0.000000e+00
-9.450000e+00	-9.420000e+00	0.000000e+00	0.000000e+00	0.000000e+00
-9.420000e+00	-9.390000e+00	0.000000e+00	0.000000e+00	0.000000e+00
-9.390000e+00	-9.360000e+00	0.000000e+00	0.000000e+00	0.000000e+00
-9.360000e+00	-9.330000e+00	0.000000e+00	0.000000e+00	0.000000e+00
-9.330000e+00	-9.300000e+00	0.000000e+00	0.000000e+00	0.000000e+00
-9.300000e+00	-9.270000e+00	0.000000e+00	0.000000e+00	0.000000e+00
-9.270000e+00	-9.240000e+00	0.000000e+00	0.000000e+00	0.000000e+00
-9.240000e+00	-9.210000e+00	0.000000e+00	0.000000e+00	0.000000e+00
-9.210000e+00	-9.180000e+00	0.000000e+00	0.000000e+00	0.000000e+00
-9.180000e+00	-9.150000e+00	0.000000e+00	0.000000e+00	0.000000e+00
-9.150000e+00	-9.120000e+00	0.000000e+00	0.000000e+00	0.000000e+00
-9.120000e+00	-9.090000e+00	0.000000e+00	0.000000e+00	0.000000e+00
-9.090000e+00	-9.060000e+00	0.000000e+00	0.000000e+00	0.000000e+00
-9.060000e+00	-9.030000e+00	0.000000e+00	0.000000e+00	0.000000e+00
-9.030000e+00	-9.000000e+00	0.000000e+00	0.000000e+00	0.000000e+00
-9.000000e+00	-8.970000e+00	0.000000e+00	0.000000e+00	0.000000e+00
-8.970000e+00	-8.940000e+00	0.000000e+00	0.000000e+00	0.000000e+00
-8.940000e+00	-8.910000e+00	0.000000e+00	0.000000e+00	0.000000e+00
-8.910000e+00	-8.880000e+00	0.000000e+00	0.000000e+00	0.000000e+00
-8.880000e+00	-8.850000e+00	0.000000e+00	0.000000e+00	0.000000e+00
-8.850000e+00	-8.820000e+00	0.000000e+00	0.000000e+00	0.000000e+00
-8.820000e+00	-8.790000e+00	0.000000e+00	0.000000e+00	0.000000e+00
-8.790000e+00	-8.760000e+00	0.000000e+00	0.000000e+00	0.000000e+00
-8.760000e+00	-8.730000e+00	0.000000e+00	0.000000e+00	0.000000e+00
-8.730000e+00	-8.700000e+00	0.000000e+00	0.000000e+00	0.000000e+00
-8.700000e+00	-8.670000e+00	0.000000e+00	0.000000e+00	0.000000e+00
-8.670000e+00	-8.640000e+00	0.000000e+00	0.000000e+00	0.000000e+00
-8.640000e+00	-8.610000e+00	0.000000e+00	0.000000e+00	0.000000e+00
-8.610000e+00	-8.580000e+00	0.000000e+00	0.000000e+00	0.000000e+00
-8.580000e+00	-8.550000e+00	0.000000e+00	0.000000e+00	0.000000e+00
-8.550000e+00	-8.520000e+00	0.000000e+00	0.000000e+00	0.000000e+00
-8.520000e+00	-8.490000e+00	0.000000e+00	0.000000e+00	0.000000e+00
-8.490000e+00	-8.460000e+00	0.000000e+00	0.000000e+00	0.000000e+00
-8.460000e+00	-8.430000e+00	0.000000e+00	0.000000e+00	0.000000e+00
-8.430000e+00	-8.400000e+00	0.000000e+00	0.000000e+00	0.000000e+00
-8.400000e+00	-8.370000e+00	0.000000e+00	0.000000e+00	0.000000e+00
-8.370000e+00	-8.340000e+00	0.000000e+00	0.000000e+00	0.000000e+00
-8.340000e+00	-8.310000e+00	0.000000e+00	0.000000e+00	0.000000e+00
-8.310000e+00	-8.280000e+00	0.000000e+00	0.000000e+00	0.000000e+00
-8.280000e+00	-8.250000e+00	0.000000e+00	0.000000e+00	0.000000e+00
-8.250000e+00	-8.220000e+00	0.000000e+00	0.000000e+00	0.000000e+00
-8.220000e+00	-8.190000e+00	0.000000e+00	0.000000e+00	0.000000e+00
-8.190000e+00	-8.160000e+00	0.000000e+00	0.000000e+00	0.000000e+00
-8.160000e+00	-8.130000e+00	0.000000e+00	0.000000e+00	0.000000e+00
-8.130000e+00	-8.100000e+00	0.000000e+00	0.000000e+00	0.000000e+00
-8.100000e+00	-8.070000e+00	0.000000e+00	0.000000e+00	0.000000e+00
-8.070000e+00	-8.040000e+00	0.000000e+00	0.000000e+00	0.000000e+00
-8.040000e+00	-8.010000e+00	0.000000e+00	0.000000e+00	0.000000e+00
-8.010000e+00	-7.980000e+00	0.000000e+00	0.000000e+00	0.000000e+00
-7.980000e+00	-7.950000e+00	0.000000e+00	0.000000e+00	0.000000e+00
-7.950000e+00	-7.920000e+00	0.000000e+00	0.000000e+00	0.000000e+00
-7.920000e+00	-7.890000e+00	0.000000e+00	0.000000e+00	0.000000e+00
-7.890000e+00	-7.860000e+00	0.000000e+00	0.000000e+00	0.000000e+00
-7.860000e+00	-7.830000e+00	0.000000e+00	0.000000e+00	0.000000e+00
-7.830000e+00	-7.800000e+00	0.000000e+00	0.000000e+00	0.000000e+00
-7.800000e+00	-7.770000e+00	0.000000e+00	0.000000e+00	0.000000e+00
-7.770000e+00	-7.740000e+00	0.000000e+00	0.000000e+00	0.000000e+00
-7.740000e+00	-7.710000e+00	0.000000e+00	0.000000e+00	0.000000e+00
-7.710000e+00	-7.680000e+00	0.000000e+00	0.000000e+00	0.000000e+00
-7.680000e+00	-7.650000e+00	0.000000e+00	0.000000e+00	0.000000e+00
-7.650000e+00	-7.620000e+00	0.000000e+00	0.000000e+00	0.000000e+00
-7.620000e+00	-7.590000e+00	0.000000e+00	0.000000e+00	0.000000e+00
-7.590000e+00	-7.560000e+00	0.000000e+00	0.000000e+00	0.000000e+00
-7.560000e+00	-7.530000e+00	0.000000e+00	0.000000e+00	0.000000e+00
-7.530000e+00	-7.500000e+00	0.000000e+00	0.000000e+00	0.000000e+00
-7.500000e+00	-7.470000e+00	0.000000e+00	0.000000e+00	0.000000e+00
-7.470000e+00	-7.440000e+00	0.000000e+00	0.000000e+00	0.000000e+00
-7.440000e+00	-7.410000e+00	0.000000e+00	0.000000e+00	0.000000e+00
-7.410000e+00	-7.380000e+00	0.000000e+00	0.000000e+00	0.000000e+00
-7.380000e+00	-7.350000e+00	0.000000e+00	0.000000e+00	0.000000e+00
-7.350000e+00	-7.320000e+00	0.000000e+00	0.000000e+00	0.000000e+00
-7.320000e+00	-7.290000e+00	0.000000e+00	0.000000e+00	0.000000e+00
-7.290000e+00	-7.260000e+00	0.000000e+00	0.000000e+00	0.000000e+00
-7.260000e+00	-7.230000e+00	0.000000e+00	0.000000e+00	0.000000e+00
-7.230000e+00	-7.200000e+00	0.000000e+00	0.000000e+00	0.000000e+00
-7.200000e+00	-7.170000e+00	0.000000e+00	0.000000e+00	0.000000e+00
-7.170000e+00	-7.140000e+00	0.000000e+00	0.000000e+00	0.000000e+00
-7.140000e+00	-7.110000e+00	0.000000e+00	0.000000e+00	0.000000e+00
-7.110000e+00	-7.080000e+00	0.000000e+00	0.000000e+00	0.000000e+00
-7.080000e+00	-7.050000e+00	0.000000e+00	0.000000e+00	0.000000e+00
-7.050000e+00	-7.020000e+00	0.000000e+00	0.000000e+00	0.000000e+00
-7.020000e+00	-6.990000e+00	0.000000e+00	0.000000e+00	0.000000e+00
-6.990000e+00	-6.960000e+00	0.000000e+00	0.000000e+00	0.000000e+00
-6.960000e+00	-6.930000e+00	0.000000e+00	0.000000e+00	0.000000e+00
-6.930000e+00	-6.900000e+00	0.000000e+00	0.000000e+00	0.000000e+00
-6.900000e+00	-6.870000e+00	0.000000e+00	0.000000e+00	0.000000e+00
-6.870000e+00	-6.840000e+00	0.000000e+00	0.000000e+00	0.000000e+00
-6.840000e+00	-6.810000e+00	0.000000e+00	0.000000e+00	0.000000e+00
-6.810000e+00	-6.780000e+00	0.000000e+00	0.000000e+00	0.000000e+00
-6.780000e+00	-6.750000e+00	0.000000e+00	0.000000e+00	0.000000e+00
-6.750000e+00	-6.720000e+00	0.000000e+00	0.000000e+00	0.000000e+00
-6.720000e+00	-6.690000e+00	0.000000e+00	0.000000e+00	0.000000e+00
-6.690000e+00	-6.660000e+00	0.000000e+00	0.000000e+00	0.000000e+00
-6.660000e+00	-6.630000e+00	0.000000e+00	0.000000e+00	0.000000e+00
-6.630000e+00	-6.600000e+00	0.000000e+00	0.000000e+00	0.000000e+00
-6.600000e+00	-6.570000e+00	0.000000e+00	0.000000e+00	0.000000e+00
-6.570000e+00	-6.540000e+00	0.000000e+00	0.000000e+00	0.000000e+00
-6.540000e+00	-6.510000e+00	0.000000e+00	0.000000e+00	0.000000e+00
-6.510000e+00	-6.480000e+00	0.000000e+00	0.000000e+00	0.000000e+00
-6.480000e+00	-6.450000e+00	0.000000e+00	0.000000e+00	0.000000e+00
-6.450000e+00	-6.420000e+00	0.000000e+00	0.000000e+00	0.000000e+00
-6.420000e+00	-6.390000e+00	0.000000e+00	0.000000e+00	0.000000e+00
-6.390000e+00	-6.360000e+00	0.000000e+00	0.000000e+00	0.000000e+00
-6.360000e+00	-6.330000e+00	0.000000e+00	0.000000e+00	0.000000e+00
-6.330000e+00	-6.300000e+00	0.000000e+00	0.000000e+00	0.000000e+00
-6.300000e+00	-6.270000e+00	0.000000e+00	0.000000e+00	0.000000e+00
-6.270000e+00	-6.240000e+00	0.000000e+00	0.000000e+00	0.000000e+00
-6.240000e+00	-6.210000e+00	0.000000e+00	0.000000e+00	0.000000e+00
-6.210000e+00	-6.180000e+00	0.000000e+00	0.000000e+00	0.000000e+00
-6.180000e+00	-6.150000e+00	0.000000e+00	0.000000e+00	0.000000e+00
-6.150000e+00	-6.120000e+00	0.000000e+00	0.000000e+00	0.000000e+00
-6.120000e+00	-6.090000e+00	0.000000e+00	0.000000e+00	0.000000e+00
-6.090000e+00	-6.060000e+00	0.000000e+00	0.000000e+00	0.000000e+00
-6.060000e+00	-6.030000e+00	0.000000e+00	0.000000e+00	0.000000e+00
-6.030000e+00	-6.000000e+00	0.000000e+00	0.000000e+00	0.000000e+00
-6.000000e+00	-5.970000e+00	0.000000e+00	0.000000e+00	0.000000e+00
-5.970000e+00	-5.940000e+00	0.000000e+00	0.000000e+00	0.000000e+00
-5.940000e+00	-5.910000e+00	0.000000e+00	0.000000e+00	0.000000e+00
-5.910000e+00	-5.880000e+00	0.000000e+00	0.000000e+00	0.000000e+00
-5.880000e+00	-5.850000e+00	0.000000e+00	0.000000e+00	0.000000e+00
-5.850000e+00	-5.820000e+00	0.000000e+00	0.000000e+00	0.000000e+00
-5.820000e+00	-5.790000e+00	0.000000e+00	0.000000e+00	0.000000e+00
-5.790000e+00	-5.760000e+00	0.000000e+00	0.000000e+00	0.000000e+00
-5.760000e+00	-5.730000e+00	0.000000e+00	0.000000e+00	0.000000e+00
-5.730000e+00	-5.700000e+00	0.000000e+00	0.000000e+00	0.000000e+00
-5.700000e+00	-5.670000e+00	0.000000e+00	0.000000e+00	0.000000e+00
-5.670000e+00	-5.640000e+00	0.000000e+00	0.000000e+00	0.000000e+00
-5.640000e+00	-5.610000e+00	0.000000e+00	0.000000e+00	0.000000e+00
-5.610000e+00	-5.580000e+00	0.000000e+00	0.000000e+00	0.000000e+00
-5.580000e+00	-5.550000e+00	0.000000e+00	0.000000e+00	0.000000e+00
-5.550000e+00	-5.520000e+00	0.000000e+00	0.000000e+00	0.000000e+00
-5.520000e+00	-5.490000e+00	0.000000e+00	0.000000e+00	0.000000e+00
-5.490000e+00	-5.460000e+00	0.000000e+00	0.000000e+00	0.000000e+00
-5.460000e+00	-5.430000e+00	0.000000e+00	0.000000e+00	0.000000e+00
-5.430000e+00	-5.400000e+00	0.000000e+00	0.000000e+00	0.000000e+00
-5.400000e+00	-5.370000e+00	0.000000e+00	0.000000e+00	0.000000e+00
-5.370000e+00	-5.340000e+00	0.000000e+00	0.000000e+00	0.000000e+00
-5.340000e+00	-5.310000e+00	0.000000e+00	0.000000e+00	0.000000e+00
-5.310000e+00	-5.280000e+00	0.000000e+00	0.000000e+00	0.000000e+00
-5.280000e+00	-5.250000e+00	0.000000e+00	0.000000e+00	0.000000e+00
-5.250000e+00	-5.220000e+00	0.000000e+00	0.000000e+00	0.000000e+00
-5.220000e+00	-5.190000e+00	0.000000e+00	0.000000e+00	0.000000e+00
-5.190000e+00	-5.160000e+00	0.000000e+00	0.000000e+00	0.000000e+00
-5.160000e+00	-5.130000e+00	0.000000e+00	0.000000e+00	0.000000e+00
-5.130000e+00	-5.100000e+00	0.000000e+00	0.000000e+00	0.000000e+00
-5.100000e+00	-5.070000e+00	0.000000e+00	0.000000e+00	0.000000e+00
-5.070000e+00	-5.040000e+00	0.000000e+00	0.000000e+00	0.000000e+00
-5.040000e+00	-5.010000e+00	0.000000e+00	0.000000e+00	0.000000e+00
-5.010000e+00	-4.980000e+00	0.000000e+00	0.000000e+00	0.000000e+00
-4.980000e+00	-4.950000e+00	0.000000e+00	0.000000e+00	0.000000e+00
-4.950000e+00	-4.920000e+00	0.000000e+00	0.000000e+00	0.000000e+00
-4.920000e+00	-4.890000e+00	0.000000e+00	0.000000e+00	0.000000e+00
-4.890000e+00	-4.860000e+00	0.000000e+00	0.000000e+00	0.000000e+00
-4.860000e+00	-4.830000e+00	0.000000e+00	0.000000e+00	0.000000e+00
-4.830000e+00	-4.800000e+00	0.000000e+00	0.000000e+00	0.000000e+00
-4.800000e+00	-4.770000e+00	0.000000e+00	0.000000e+00	0.000000e+00
-4.770000e+00	-4.740000e+00	0.000000e+00	0.000000e+00	0.000000e+00
-4.740000e+00	-4.710000e+00	0.000000e+00	0.000000e+00	0.000000e+00
-4.710000e+00	-4.680000e+00	0.000000e+00	0.000000e+00	0.000000e+00
-4.680000e+00	-4.650000e+00	0.000000e+00	0.000000e+00	0.000000e+00
-4.650000e+00	-4.620000e+00	0.000000e+00	0.000000e+00	0.000000e+00
-4.620000e+00	-4.590000e+00	0.000000e+00	0.000000e+00	0.000000e+00
-4.590000e+00	-4.560000e+00	0.000000e+00	0.000000e+00	0.000000e+00
-4.560000e+00	-4.530000e+00	0.000000e+00	0.000000e+00	0.000000e+00
-4.530000e+00	-4.500000e+00	0.000000e+00	0.000000e+00	0.000000e+00
-4.500000e+00	-4.470000e+00	0.000000e+00	0.000000e+00	0.000000e+00
-4.470000e+00	-4.440000e+00	0.000000e+00	0.000000e+00	0.000000e+00
-4.440000e+00	-4.410000e+00	0.000000e+00	0.000000e+00	0.000000e+00
-4.410000e+00	-4.380000e+00	0.000000e+00	0.000000e+00	0.000000e+00
-4.380000e+00	-4.350000e+00	0.000000e+00	0.000000e+00	0.000000e+00
-4.350000e+00	-4.320000e+00	0.000000e+00	0.000000e+00	0.000000e+00
-4.320000e+00	-4.290000e+00	0.000000e+00	0.000000e+00	0.000000e+00
-4.290000e+00	-4.260000e+00	0.000000e+00	0.000000e+00	0.000000e+00
-4.260000e+00	-4.230000e+00	0.000000e+00	0.000000e+00	0.000000e+00
-4.230000e+00	-4.200000e+00	0.000000e+00	0.000000e+00	0.000000e+00
-4.200000e+00	-4.170000e+00	0.000000e+00	0.000000e+00	0.000000e+00
-4.170000e+00	-4.140000e+00	0.000000e+00	0.000000e+00	0.000000e+00
-4.140000e+00	-4.110000e+00	0.000000e+00	0.000000e+00	0.000000e+00
-4.110000e+00	-4.080000e+00	0.000000e+00	0.000000e+00	0.000000e+00
-4.080000e+00	-4.050000e+00	0.000000e+00	0.000000e+00	0.000000e+00
-4.050000e+00	-4.020000e+00	0.000000e+00	0.000000e+00	0.000000e+00
-4.020000e+00	-3.990000e+00	0.000000e+00	0.000000e+00	0.000000e+00
-3.990000e+00	-3.960000e+00	0.000000e+00	0.000000e+00	0.000000e+00
-3.960000e+00	-3.930000e+00	0.000000e+00	0.000000e+00	0.000000e+00
-3.930000e+00	-3.900000e+00	0.000000e+00	0.000000e+00	0.000000e+00
-3.900000e+00	-3.870000e+00	0.000000e+00	0.000000e+00	0.000000e+00
-3.870000e+00	-3.840000e+00	0.000000e+00	0.000000e+00	0.000000e+00
-3.840000e+00	-3.810000e+00	0.000000e+00	0.000000e+00	0.000000e+00
-3.810000e+00	-3.780000e+00	0.000000e+00	0.000000e+00	0.000000e+00
-3.780000e+00	-3.750000e+00	0.000000e+00	0.000000e+00	0.000000e+00
-3.750000e+00	-3.720000e+00	0.000000e+00	0.000000e+00	0.000000e+00
-3.720000e+00	-3.690000e+00	0.000000e+00	0.000000e+00	0.000000e+00
-3.690000e+00	-3.660000e+00	0.000000e+00	0.000000e+00	0.000000e+00
-3.660000e+00	-3.630000e+00	0.000000e+00	0.000000e+00	0.000000e+00
-3.630000e+00	-3.600000e+00	0.000000e+00	0.000000e+00	0.000000e+00
-3.600000e+00	-3.570000e+00	0.000000e+00	0.000000e+00	0.000000e+00
-3.570000e+00	-3.540000e+00	0.000000e+00	0.000000e+00	0.000000e+00
-3.540000e+00	-3.510000e+00	0.000000e+00	0.000000e+00	0.000000e+00
-3.510000e+00	-3.480000e+00	0.000000e+00	0.000000e+00	0.000000e+00
-3.480000e+00	-3.450000e+00	0.000000e+00	0.000000e+00	0.000000e+00
-3.450000e+00	-3.420000e+00	0.000000e+00	0.000000e+00	0.000000e+00
-3.420000e+00	-3.390000e+00	0.000000e+00	0.000000e+00	0.000000e+00
-3.390000e+00	-3.360000e+00	0.000000e+00	0.000000e+00	0.000000e+00
-3.360000e+00	-3.330000e+00	0.000000e+00	0.000000e+00	0.000000e+00
-3.330000e+00	-3.300000e+00	0.000000e+00	0.000000e+00	0.000000e+00
-3.300000e+00	-3.270000e+00	0.000000e+00	0.000000e+00	0.000000e+00
-3.270000e+00	-3.240000e+00	0.000000e+00	0.000000e+00	0.000000e+00
-3.240000e+00	-3.210000e+00	0.000000e+00	0.000000e+00	0.000000e+00
-3.210000e+00	-3.180000e+00	0.000000e+00	0.000000e+00	0.000000e+00
-3.180000e+00	-3.150000e+00	0.000000e+00	0.000000e+00	0.000000e+00
-3.150000e+00	-3.120000e+00	0.000000e+00	0.000000e+00	0.000000e+00
-3.120000e+00	-3.090000e+00	0.000000e+00	0.000000e+00	0.000000e+00
-3.090000e+00	-3.060000e+00	0.000000e+00	0.000000e+00	0.000000e+00
-3.060000e+00	-3.030000e+00	0.000000e+00	0.000000e+00	0.000000e+00
-3.030000e+00	-3.000000e+00	0.000000e+00	0.000000e+00	0.000000e+00
-3.000000e+00	-2.970000e+00	0.000000e+00	0.000000e+00	0.000000e+00
-2.970000e+00	-2.940000e+00	0.000000e+00	0.000000e+00	0.000000e+00
-2.940000e+00	-2.910000e+00	0.000000e+00	0.000000e+00	0.000000e+00
-2.910000e+00	-2.880000e+00	0.000000e+00	0.000000e+00	0.000000e+00
-2.880000e+00	-2.850000e+00	0.000000e+00	0.000000e+00	0.000000e+00
-2.850000e+00	-2.820000e+00	0.000000e+00	0.000000e+00	0.000000e+00
-2.820000e+00	-2.790000e+00	0.000000e+00	0.000000e+00	0.000000e+00
-2.790000e+00	-2.760000e+00	0.000000e+00	0.000000e+00	0.000000e+00
-2.760000e+00	-2.730000e+00	0.000000e+00	0.000000e+00	0.000000e+00
-2.730000e+00	-2.700000e+00	0.000000e+00	0.000000e+00	0.000000e+00
-2.700000e+00	-2.670000e+00	0.000000e+00	0.000000e+00	0.000000e+00
-2.670000e+00	-2.640000e+00	0.000000e+00	0.000000e+00	0.000000e+00
-2.640000e+00	-2.610000e+00	0.000000e+00	0.000000e+00	0.000000e+00
-2.610000e+00	-2.580000e+00	0.000000e+00	0.000000e+00	0.000000e+00
-2.580000e+00	-2.550000e+00	0.000000e+00	0.000000e+00	0.000000e+00
-2.550000e+00	-2.520000e+00	0.000000e+00	0.000000e+00	0.000000e+00
-2.520000e+00	-2.490000e+00	0.000000e+00	0.000000e+00	0.000000e+00
-2.490000e+00	-2.460000e+00	0.000000e+00	0.000000e+00	0.000000e+00
-2.460000e+00	-2.430000e+00	0.000000e+00	0.000000e+00	0.000000e+00
-2.430000e+00	-2.400000e+00	0.000000e+00	0.000000e+00	0.000000e+00
-2.400000e+00	-2.370000e+00	0.000000e+00	0.000000e+00	0.000000e+00
-2.370000e+00	-2.340000e+00	0.000000e+00	0.000000e+00	0.000000e+00
-2.340000e+00	-2.310000e+00	0.000000e+00	0.000000e+00	0.000000e+00
-2.310000e+00	-2.280000e+00	0.000000e+00	0.000000e+00	0.000000e+00
-2.280000e+00	-2.250000e+00	0.000000e+00	0.000000e+00	0.000000e+00
-2.250000e+00	-2.220000e+00	0.000000e+00	0.000000e+00	0.000000e+00
-2.220000e+00	-2.190000e+00	0.000000e+00	0.000000e+00	0.000000e+00
-2.190000e+00	-2.160000e+00	0.000000e+00	0.000000e+00	0.000000e+00
-2.160000e+00	-2.130000e+00	0.000000e+00	0.000000e+00	0.000000e+00
-2.130000e+00	-2.100000e+00	0.000000e+00	0.000000e+00	0.000000e+00
-2.100000e+00	-2.070000e+00	0.000000e+00	0.000000e+00	0.000000e+00
-2.070000e+00	-2.040000e+00	0.000000e+00	0.000000e+00	0.000000e+00
-2.040000e+00	-2.010000e+00	0.000000e+00	0.000000e+00	0.000000e+00
-2.010000e+00	-1.980000e+00	0.000000e+00	0.000000e+00	0.000000e+00
-1.980000e+00	-1.950000e+00	0.000000e+00	0.000000e+00	0.000000e+00
-1.950000e+00	-1.920000e+00	0.000000e+00	0.000000e+00	0.000000e+00
-1.920000e+00	-1.890000e+00	0.000000e+00	0.000000e+00	0.000000e+00
-1.890000e+00	-1.860000e+00	0.000000e+00	0.000000e+00	0.000000e+00
-1.860000e+00	-1.830000e+00	0.000000e+00	0.000000e+00	0.000000e+00
-1.830000e+00	-1.800000e+00	0.000000e+00	0.000000e+00	0.000000e+00
-1.800000e+00	-1.770000e+00	0.000000e+00	0.000000e+00	0.000000e+00
-1.770000e+00	-1.740000e+00	0.000000e+00	0.000000e+00	0.000000e+00
-1.740000e+00	-1.710000e+00	0.000000e+00	0.000000e+00	0.000000e+00
-1.710000e+00	-1.680000e+00	0.000000e+00	0.000000e+00	0.000000e+00
-1.680000e+00	-1.650000e+00	0.000000e+00	0.000000e+00	0.000000e+00
-1.650000e+00	-1.620000e+00	0.000000e+00	0.000000e+00	0.000000e+00
-1.620000e+00	-1.590000e+00	0.000000e+00	0.000000e+00	0.000000e+00
-1.590000e+00	-1.560000e+00	0.000000e+00	0.000000e+00	0.000000e+00
-1.560000e+00	-1.530000e+00	0.000000e+00	0.000000e+00	0.000000e+00
-1.530000e+00	-1.500000e+00	0.000000e+00	0.000000e+00	0.000000e+00
-1.500000e+00	-1.470000e+00	0.000000e+00	0.000000e+00	0.000000e+00
-1.470000e+00	-1.440000e+00	0.000000e+00	0.000000e+00	0.000000e+00
-1.440000e+00	-1.410000e+00	0.000000e+00	0.000000e+00	0.000000e+00
-1.410000e+00	-1.380000e+00	0.000000e+00	0.000000e+00	0.000000e+00
-1.380000e+00	-1.350000e+00	0.000000e+00	0.000000e+00	0.000000e+00
-1.350000e+00	-1.320000e+00	0.000000e+00	0.000000e+00	0.000000e+00
-1.320000e+00	-1.290000e+00	0.000000e+00	0.000000e+00	0.000000e+00
-1.290000e+00	-1.260000e+00	0.000000e+00	0.000000e+00	0.000000e+00
-1.260000e+00	-1.230000e+00	0.000000e+00	0.000000e+00	0.000000e+00
-1.230000e+00	-1.200000e+00	0.000000e+00	0.000000e+00	0.000000e+00
-1.200000e+00	-1.170000e+00	0.000000e+00	0.000000e+00	0.000000e+00
-1.170000e+00	-1.140000e+00	0.000000e+00	0.000000e+00	0.000000e+00
-1.140000e+00	-1.110000e+00	0.000000e+00	0.000000e+00	0.000000e+00
-1.110000e+00	-1.080000e+00	0.000000e+00	0.000000e+00	0.000000e+00
-1.080000e+00	-1.050000e+00	0.000000e+00	0.000000e+00	0.000000e+00
-1.050000e+00	-1.020000e+00	0.000000e+00	0.000000e+00	0.000000e+00
-1.020000e+00	-9.900000e-01	0.000000e+00	0.000000e+00	0.000000e+00
-9.900000e-01	-9.600000e-01	0.000000e+00	0.000000e+00	0.000000e+00
-9.600000e-01	-9.300000e-01	0.000000e+00	0.000000e+00	0.000000e+00
-9.300000e-01	-9.000000e-01	0.000000e+00	0.000000e+00	0.000000e+00
-9.000000e-01	-8.700000e-01	0.000000e+00	0.000000e+00	0.000000e+00
-8.700000e-01	-8.400000e-01	0.000000e+00	0.000000e+00	0.000000e+00
-8.400000e-01	-8.100000e-01	0.000000e+00	0.000000e+00	0.000000e+00
-8.100000e-01	-7.800000e-01	0.000000e+00	0.000000e+00	0.000000e+00
-7.800000e-01	-7.500000e-01	0.000000e+00	0.000000e+00	0.000000e+00
-7.500000e-01	-7.200000e-01	0.000000e+00	0.000000e+00	0.000000e+00
-7.200000e-01	-6.900000e-01	0.000000e+00	0.000000e+00	0.000000e+00
-6.900000e-01	-6.600000e-01	0.000000e+00	0.000000e+00	0.000000e+00
-6.600000e-01	-6.300000e-01	0.000000e+00	0.000000e+00	0.000000e+00
-6.300000e-01	-6.000000e-01	0.000000e+00	0.000000e+00	0.000000e+00
-6.000000e-01	-5.700000e-01	0.000000e+00	0.000000e+00	0.000000e+00
-5.700000e-01	-5.400000e-01	0.000000e+00	0.000000e+00	0.000000e+00
-5.400000e-01	-5.100000e-01	0.000000e+00	0.000000e+00	0.000000e+00
-5.100000e-01	-4.800000e-01	0.000000e+00	0.000000e+00	0.000000e+00
-4.800000e-01	-4.500000e-01	0.000000e+00	0.000000e+00	0.000000e+00
-4.500000e-01	-4.200000e-01	0.000000e+00	0.000000e+00	0.000000e+00
-4.200000e-01	-3.900000e-01	0.000000e+00	0.000000e+00	0.000000e+00
-3.900000e-01	-3.600000e-01	0.000000e+00	0.000000e+00	0.000000e+00
-3.600000e-01	-3.300000e-01	0.000000e+00	0.000000e+00	0.000000e+00
-3.300000e-01	-3.000000e-01	0.000000e+00	0.000000e+00	0.000000e+00
-3.000000e-01	-2.700000e-01	0.000000e+00	0.000000e+00	0.000000e+00
-2.700000e-01	-2.400000e-01	0.000000e+00	0.000000e+00	0.000000e+00
-2.400000e-01	-2.100000e-01	0.000000e+00	0.000000e+00	0.000000e+00
-2.100000e-01	-1.800000e-01	0.000000e+00	0.000000e+00	0.000000e+00
-1.800000e-01	-1.500000e-01	0.000000e+00	0.000000e+00	0.000000e+00
-1.500000e-01	-1.200000e-01	0.000000e+00	0.000000e+00	0.000000e+00
-1.200000e-01	-9.000000e-02	0.000000e+00	0.000000e+00	0.000000e+00
-9.000000e-02	-6.000000e-02	0.000000e+00	0.000000e+00	0.000000e+00
-6.000000e-02	-3.000000e-02	0.000000e+00	0.000000e+00	0.000000e+00
-3.000000e-02	0.000000e+00	0.000000e+00	0.000000e+00	0.000000e+00
# END HISTO1D

