# BEGIN PLOT
LegendOnly=//afs/cern.ch/user/d/dkar/lh2015-qg/Vincia-2001/lhc/hadron/zjet.yoda/MC_LHQG_Zjet/log_mMDT_GA_00_00_Q50_R10 //afs/cern.ch/user/d/dkar/lh2015-qg/Vincia-2001/lhc/hadron/zjet_born.yoda/MC_LHQG_Zjet/log_mMDT_GA_00_00_Q50_R10
DrawOnly=//afs/cern.ch/user/d/dkar/lh2015-qg/Vincia-2001/lhc/hadron/zjet.yoda/MC_LHQG_Zjet/log_mMDT_GA_00_00_Q50_R10 //afs/cern.ch/user/d/dkar/lh2015-qg/Vincia-2001/lhc/hadron/zjet_born.yoda/MC_LHQG_Zjet/log_mMDT_GA_00_00_Q50_R10
RatioPlotReference=//afs/cern.ch/user/d/dkar/lh2015-qg/Vincia-2001/lhc/hadron/zjet.yoda/MC_LHQG_Zjet/log_mMDT_GA_00_00_Q50_R10
RatioPlot=1
LogY=1
RatioPlotYLabel=Ratio
Legend=1
# END PLOT

# BEGIN HISTO1D //afs/cern.ch/user/d/dkar/lh2015-qg/Vincia-2001/lhc/hadron/zjet.yoda/MC_LHQG_Zjet/log_mMDT_GA_00_00_Q50_R10
LineColor=red
LineStyle=solid
Path=//afs/cern.ch/user/d/dkar/lh2015-qg/Vincia-2001/lhc/hadron/zjet.yoda/MC_LHQG_Zjet/log_mMDT_GA_00_00_Q50_R10
ScaledBy=57.802245409720065
Title=zjet
XLabel=
YLabel=
# xlow	 xhigh	 val	 errminus	 errplus
0.000000e+00	2.000000e-02	1.428368e-02	7.545146e-03	7.545146e-03
2.000000e-02	4.000000e-02	0.000000e+00	0.000000e+00	0.000000e+00
4.000000e-02	6.000000e-02	0.000000e+00	0.000000e+00	0.000000e+00
6.000000e-02	8.000000e-02	0.000000e+00	0.000000e+00	0.000000e+00
8.000000e-02	1.000000e-01	0.000000e+00	0.000000e+00	0.000000e+00
1.000000e-01	1.200000e-01	0.000000e+00	0.000000e+00	0.000000e+00
1.200000e-01	1.400000e-01	0.000000e+00	0.000000e+00	0.000000e+00
1.400000e-01	1.600000e-01	0.000000e+00	0.000000e+00	0.000000e+00
1.600000e-01	1.800000e-01	0.000000e+00	0.000000e+00	0.000000e+00
1.800000e-01	2.000000e-01	0.000000e+00	0.000000e+00	0.000000e+00
2.000000e-01	2.200000e-01	0.000000e+00	0.000000e+00	0.000000e+00
2.200000e-01	2.400000e-01	0.000000e+00	0.000000e+00	0.000000e+00
2.400000e-01	2.600000e-01	0.000000e+00	0.000000e+00	0.000000e+00
2.600000e-01	2.800000e-01	0.000000e+00	0.000000e+00	0.000000e+00
2.800000e-01	3.000000e-01	0.000000e+00	0.000000e+00	0.000000e+00
3.000000e-01	3.200000e-01	0.000000e+00	0.000000e+00	0.000000e+00
3.200000e-01	3.400000e-01	0.000000e+00	0.000000e+00	0.000000e+00
3.400000e-01	3.600000e-01	0.000000e+00	0.000000e+00	0.000000e+00
3.600000e-01	3.800000e-01	0.000000e+00	0.000000e+00	0.000000e+00
3.800000e-01	4.000000e-01	0.000000e+00	0.000000e+00	0.000000e+00
4.000000e-01	4.200000e-01	0.000000e+00	0.000000e+00	0.000000e+00
4.200000e-01	4.400000e-01	0.000000e+00	0.000000e+00	0.000000e+00
4.400000e-01	4.600000e-01	0.000000e+00	0.000000e+00	0.000000e+00
4.600000e-01	4.800000e-01	0.000000e+00	0.000000e+00	0.000000e+00
4.800000e-01	5.000000e-01	0.000000e+00	0.000000e+00	0.000000e+00
5.000000e-01	5.200000e-01	0.000000e+00	0.000000e+00	0.000000e+00
5.200000e-01	5.400000e-01	0.000000e+00	0.000000e+00	0.000000e+00
5.400000e-01	5.600000e-01	0.000000e+00	0.000000e+00	0.000000e+00
5.600000e-01	5.800000e-01	0.000000e+00	0.000000e+00	0.000000e+00
5.800000e-01	6.000000e-01	0.000000e+00	0.000000e+00	0.000000e+00
6.000000e-01	6.200000e-01	0.000000e+00	0.000000e+00	0.000000e+00
6.200000e-01	6.400000e-01	0.000000e+00	0.000000e+00	0.000000e+00
6.400000e-01	6.600000e-01	0.000000e+00	0.000000e+00	0.000000e+00
6.600000e-01	6.800000e-01	0.000000e+00	0.000000e+00	0.000000e+00
6.800000e-01	7.000000e-01	1.220329e+00	9.553594e-01	9.553594e-01
7.000000e-01	7.200000e-01	0.000000e+00	0.000000e+00	0.000000e+00
7.200000e-01	7.400000e-01	0.000000e+00	0.000000e+00	0.000000e+00
7.400000e-01	7.600000e-01	0.000000e+00	0.000000e+00	0.000000e+00
7.600000e-01	7.800000e-01	0.000000e+00	0.000000e+00	0.000000e+00
7.800000e-01	8.000000e-01	0.000000e+00	0.000000e+00	0.000000e+00
8.000000e-01	8.200000e-01	0.000000e+00	0.000000e+00	0.000000e+00
8.200000e-01	8.400000e-01	0.000000e+00	0.000000e+00	0.000000e+00
8.400000e-01	8.600000e-01	0.000000e+00	0.000000e+00	0.000000e+00
8.600000e-01	8.800000e-01	0.000000e+00	0.000000e+00	0.000000e+00
8.800000e-01	9.000000e-01	0.000000e+00	0.000000e+00	0.000000e+00
9.000000e-01	9.200000e-01	0.000000e+00	0.000000e+00	0.000000e+00
9.200000e-01	9.400000e-01	0.000000e+00	0.000000e+00	0.000000e+00
9.400000e-01	9.600000e-01	0.000000e+00	0.000000e+00	0.000000e+00
9.600000e-01	9.800000e-01	0.000000e+00	0.000000e+00	0.000000e+00
9.800000e-01	1.000000e+00	0.000000e+00	0.000000e+00	0.000000e+00
1.000000e+00	1.020000e+00	0.000000e+00	0.000000e+00	0.000000e+00
1.020000e+00	1.040000e+00	0.000000e+00	0.000000e+00	0.000000e+00
1.040000e+00	1.060000e+00	0.000000e+00	0.000000e+00	0.000000e+00
1.060000e+00	1.080000e+00	0.000000e+00	0.000000e+00	0.000000e+00
1.080000e+00	1.100000e+00	8.075105e-01	2.382332e-01	2.382332e-01
1.100000e+00	1.120000e+00	0.000000e+00	0.000000e+00	0.000000e+00
1.120000e+00	1.140000e+00	0.000000e+00	0.000000e+00	0.000000e+00
1.140000e+00	1.160000e+00	0.000000e+00	0.000000e+00	0.000000e+00
1.160000e+00	1.180000e+00	0.000000e+00	0.000000e+00	0.000000e+00
1.180000e+00	1.200000e+00	0.000000e+00	0.000000e+00	0.000000e+00
1.200000e+00	1.220000e+00	0.000000e+00	0.000000e+00	0.000000e+00
1.220000e+00	1.240000e+00	0.000000e+00	0.000000e+00	0.000000e+00
1.240000e+00	1.260000e+00	0.000000e+00	0.000000e+00	0.000000e+00
1.260000e+00	1.280000e+00	0.000000e+00	0.000000e+00	0.000000e+00
1.280000e+00	1.300000e+00	0.000000e+00	0.000000e+00	0.000000e+00
1.300000e+00	1.320000e+00	0.000000e+00	0.000000e+00	0.000000e+00
1.320000e+00	1.340000e+00	0.000000e+00	0.000000e+00	0.000000e+00
1.340000e+00	1.360000e+00	0.000000e+00	0.000000e+00	0.000000e+00
1.360000e+00	1.380000e+00	0.000000e+00	0.000000e+00	0.000000e+00
1.380000e+00	1.400000e+00	2.669863e+00	7.458990e-01	7.458990e-01
1.400000e+00	1.420000e+00	0.000000e+00	0.000000e+00	0.000000e+00
1.420000e+00	1.440000e+00	0.000000e+00	0.000000e+00	0.000000e+00
1.440000e+00	1.460000e+00	0.000000e+00	0.000000e+00	0.000000e+00
1.460000e+00	1.480000e+00	0.000000e+00	0.000000e+00	0.000000e+00
1.480000e+00	1.500000e+00	0.000000e+00	0.000000e+00	0.000000e+00
1.500000e+00	1.520000e+00	0.000000e+00	0.000000e+00	0.000000e+00
1.520000e+00	1.540000e+00	0.000000e+00	0.000000e+00	0.000000e+00
1.540000e+00	1.560000e+00	0.000000e+00	0.000000e+00	0.000000e+00
1.560000e+00	1.580000e+00	0.000000e+00	0.000000e+00	0.000000e+00
1.580000e+00	1.600000e+00	0.000000e+00	0.000000e+00	0.000000e+00
1.600000e+00	1.620000e+00	1.153348e+00	3.248015e-01	3.248015e-01
1.620000e+00	1.640000e+00	0.000000e+00	0.000000e+00	0.000000e+00
1.640000e+00	1.660000e+00	0.000000e+00	0.000000e+00	0.000000e+00
1.660000e+00	1.680000e+00	0.000000e+00	0.000000e+00	0.000000e+00
1.680000e+00	1.700000e+00	0.000000e+00	0.000000e+00	0.000000e+00
1.700000e+00	1.720000e+00	0.000000e+00	0.000000e+00	0.000000e+00
1.720000e+00	1.740000e+00	0.000000e+00	0.000000e+00	0.000000e+00
1.740000e+00	1.760000e+00	0.000000e+00	0.000000e+00	0.000000e+00
1.760000e+00	1.780000e+00	0.000000e+00	0.000000e+00	0.000000e+00
1.780000e+00	1.800000e+00	2.809517e+00	6.286599e-01	6.286599e-01
1.800000e+00	1.820000e+00	0.000000e+00	0.000000e+00	0.000000e+00
1.820000e+00	1.840000e+00	0.000000e+00	0.000000e+00	0.000000e+00
1.840000e+00	1.860000e+00	0.000000e+00	0.000000e+00	0.000000e+00
1.860000e+00	1.880000e+00	0.000000e+00	0.000000e+00	0.000000e+00
1.880000e+00	1.900000e+00	0.000000e+00	0.000000e+00	0.000000e+00
1.900000e+00	1.920000e+00	0.000000e+00	0.000000e+00	0.000000e+00
1.920000e+00	1.940000e+00	0.000000e+00	0.000000e+00	0.000000e+00
1.940000e+00	1.960000e+00	1.336713e+00	3.685131e-01	3.685131e-01
1.960000e+00	1.980000e+00	0.000000e+00	0.000000e+00	0.000000e+00
1.980000e+00	2.000000e+00	0.000000e+00	0.000000e+00	0.000000e+00
2.000000e+00	2.020000e+00	0.000000e+00	0.000000e+00	0.000000e+00
2.020000e+00	2.040000e+00	0.000000e+00	0.000000e+00	0.000000e+00
2.040000e+00	2.060000e+00	0.000000e+00	0.000000e+00	0.000000e+00
2.060000e+00	2.080000e+00	2.976173e+00	1.360216e+00	1.360216e+00
2.080000e+00	2.100000e+00	0.000000e+00	0.000000e+00	0.000000e+00
2.100000e+00	2.120000e+00	0.000000e+00	0.000000e+00	0.000000e+00
2.120000e+00	2.140000e+00	0.000000e+00	0.000000e+00	0.000000e+00
2.140000e+00	2.160000e+00	0.000000e+00	0.000000e+00	0.000000e+00
2.160000e+00	2.180000e+00	0.000000e+00	0.000000e+00	0.000000e+00
2.180000e+00	2.200000e+00	1.344044e+00	4.667074e-01	4.667074e-01
2.200000e+00	2.220000e+00	0.000000e+00	0.000000e+00	0.000000e+00
2.220000e+00	2.240000e+00	0.000000e+00	0.000000e+00	0.000000e+00
2.240000e+00	2.260000e+00	0.000000e+00	0.000000e+00	0.000000e+00
2.260000e+00	2.280000e+00	0.000000e+00	0.000000e+00	0.000000e+00
2.280000e+00	2.300000e+00	0.000000e+00	0.000000e+00	0.000000e+00
2.300000e+00	2.320000e+00	9.999345e-01	2.474521e-01	2.474521e-01
2.320000e+00	2.340000e+00	0.000000e+00	0.000000e+00	0.000000e+00
2.340000e+00	2.360000e+00	0.000000e+00	0.000000e+00	0.000000e+00
2.360000e+00	2.380000e+00	0.000000e+00	0.000000e+00	0.000000e+00
2.380000e+00	2.400000e+00	2.171693e+00	1.056487e+00	1.056487e+00
2.400000e+00	2.420000e+00	0.000000e+00	0.000000e+00	0.000000e+00
2.420000e+00	2.440000e+00	0.000000e+00	0.000000e+00	0.000000e+00
2.440000e+00	2.460000e+00	0.000000e+00	0.000000e+00	0.000000e+00
2.460000e+00	2.480000e+00	0.000000e+00	0.000000e+00	0.000000e+00
2.480000e+00	2.500000e+00	9.804815e-01	2.958002e-01	2.958002e-01
2.500000e+00	2.520000e+00	0.000000e+00	0.000000e+00	0.000000e+00
2.520000e+00	2.540000e+00	0.000000e+00	0.000000e+00	0.000000e+00
2.540000e+00	2.560000e+00	0.000000e+00	0.000000e+00	0.000000e+00
2.560000e+00	2.580000e+00	8.760020e-01	4.753597e-01	4.753597e-01
2.580000e+00	2.600000e+00	0.000000e+00	0.000000e+00	0.000000e+00
2.600000e+00	2.620000e+00	0.000000e+00	0.000000e+00	0.000000e+00
2.620000e+00	2.640000e+00	2.822747e+00	1.783977e+00	1.783977e+00
2.640000e+00	2.660000e+00	0.000000e+00	0.000000e+00	0.000000e+00
2.660000e+00	2.680000e+00	0.000000e+00	0.000000e+00	0.000000e+00
2.680000e+00	2.700000e+00	0.000000e+00	0.000000e+00	0.000000e+00
2.700000e+00	2.720000e+00	4.705397e-01	1.914790e-01	1.914790e-01
2.720000e+00	2.740000e+00	0.000000e+00	0.000000e+00	0.000000e+00
2.740000e+00	2.760000e+00	0.000000e+00	0.000000e+00	0.000000e+00
2.760000e+00	2.780000e+00	4.534910e-01	1.415161e-01	1.415161e-01
2.780000e+00	2.800000e+00	0.000000e+00	0.000000e+00	0.000000e+00
2.800000e+00	2.820000e+00	0.000000e+00	0.000000e+00	0.000000e+00
2.820000e+00	2.840000e+00	2.544680e-01	8.013634e-02	8.013634e-02
2.840000e+00	2.860000e+00	0.000000e+00	0.000000e+00	0.000000e+00
2.860000e+00	2.880000e+00	0.000000e+00	0.000000e+00	0.000000e+00
2.880000e+00	2.900000e+00	1.002638e+00	5.751774e-01	5.751774e-01
2.900000e+00	2.920000e+00	0.000000e+00	0.000000e+00	0.000000e+00
2.920000e+00	2.940000e+00	0.000000e+00	0.000000e+00	0.000000e+00
2.940000e+00	2.960000e+00	2.261575e+00	1.380610e+00	1.380610e+00
2.960000e+00	2.980000e+00	0.000000e+00	0.000000e+00	0.000000e+00
2.980000e+00	3.000000e+00	4.797427e-01	2.656637e-01	2.656637e-01
3.000000e+00	3.020000e+00	0.000000e+00	0.000000e+00	0.000000e+00
3.020000e+00	3.040000e+00	0.000000e+00	0.000000e+00	0.000000e+00
3.040000e+00	3.060000e+00	1.189680e+00	5.280104e-01	5.280104e-01
3.060000e+00	3.080000e+00	0.000000e+00	0.000000e+00	0.000000e+00
3.080000e+00	3.100000e+00	2.979171e-01	1.522986e-01	1.522986e-01
3.100000e+00	3.120000e+00	0.000000e+00	0.000000e+00	0.000000e+00
3.120000e+00	3.140000e+00	1.110452e+00	4.252654e-01	4.252654e-01
3.140000e+00	3.160000e+00	0.000000e+00	0.000000e+00	0.000000e+00
3.160000e+00	3.180000e+00	4.612271e-01	2.610399e-01	2.610399e-01
3.180000e+00	3.200000e+00	0.000000e+00	0.000000e+00	0.000000e+00
3.200000e+00	3.220000e+00	1.108674e+00	6.902192e-01	6.902192e-01
3.220000e+00	3.240000e+00	0.000000e+00	0.000000e+00	0.000000e+00
3.240000e+00	3.260000e+00	4.497845e+00	3.555972e+00	3.555972e+00
3.260000e+00	3.280000e+00	0.000000e+00	0.000000e+00	0.000000e+00
3.280000e+00	3.300000e+00	1.071971e-01	5.242471e-02	5.242471e-02
3.300000e+00	3.320000e+00	0.000000e+00	0.000000e+00	0.000000e+00
3.320000e+00	3.340000e+00	1.927925e-01	6.484487e-02	6.484487e-02
3.340000e+00	3.360000e+00	0.000000e+00	0.000000e+00	0.000000e+00
3.360000e+00	3.380000e+00	1.297352e-01	6.062972e-02	6.062972e-02
3.380000e+00	3.400000e+00	0.000000e+00	0.000000e+00	0.000000e+00
3.400000e+00	3.420000e+00	2.662657e-01	1.230116e-01	1.230116e-01
3.420000e+00	3.440000e+00	1.646741e+00	1.494912e+00	1.494912e+00
3.440000e+00	3.460000e+00	0.000000e+00	0.000000e+00	0.000000e+00
3.460000e+00	3.480000e+00	2.865263e-01	1.435514e-01	1.435514e-01
3.480000e+00	3.500000e+00	1.990821e-01	8.058348e-02	8.058348e-02
3.500000e+00	3.520000e+00	0.000000e+00	0.000000e+00	0.000000e+00
3.520000e+00	3.540000e+00	4.540798e-01	2.999124e-01	2.999124e-01
3.540000e+00	3.560000e+00	2.977058e-01	1.739062e-01	1.739062e-01
3.560000e+00	3.580000e+00	0.000000e+00	0.000000e+00	0.000000e+00
3.580000e+00	3.600000e+00	5.462535e-02	3.244016e-02	3.244016e-02
3.600000e+00	3.620000e+00	2.356452e-01	1.192640e-01	1.192640e-01
3.620000e+00	3.640000e+00	2.292992e-01	1.356916e-01	1.356916e-01
3.640000e+00	3.660000e+00	0.000000e+00	0.000000e+00	0.000000e+00
3.660000e+00	3.680000e+00	3.651229e-01	2.871358e-01	2.871358e-01
3.680000e+00	3.700000e+00	8.378305e-02	3.338891e-02	3.338891e-02
3.700000e+00	3.720000e+00	2.172521e-01	1.192098e-01	1.192098e-01
3.720000e+00	3.740000e+00	8.188385e-01	3.755935e-01	3.755935e-01
3.740000e+00	3.760000e+00	0.000000e+00	0.000000e+00	0.000000e+00
3.760000e+00	3.780000e+00	7.613120e-01	3.297887e-01	3.297887e-01
3.780000e+00	3.800000e+00	1.690877e-01	6.923781e-02	6.923781e-02
3.800000e+00	3.820000e+00	1.086618e-01	5.987408e-02	5.987408e-02
3.820000e+00	3.840000e+00	2.481586e-01	1.566005e-01	1.566005e-01
3.840000e+00	3.860000e+00	3.443584e-01	2.458983e-01	2.458983e-01
3.860000e+00	3.880000e+00	2.155162e-01	8.650905e-02	8.650905e-02
3.880000e+00	3.900000e+00	3.664109e-01	1.956993e-01	1.956993e-01
3.900000e+00	3.920000e+00	6.239240e-01	5.054790e-01	5.054790e-01
3.920000e+00	3.940000e+00	2.156734e-01	1.194095e-01	1.194095e-01
3.940000e+00	3.960000e+00	1.196929e-01	8.238507e-02	8.238507e-02
3.960000e+00	3.980000e+00	1.269777e-01	7.229538e-02	7.229538e-02
3.980000e+00	4.000000e+00	1.928921e-01	1.146359e-01	1.146359e-01
4.000000e+00	4.020000e+00	1.617035e-01	7.787596e-02	7.787596e-02
4.020000e+00	4.040000e+00	1.501732e-01	1.077795e-01	1.077795e-01
4.040000e+00	4.060000e+00	1.495634e-01	9.058569e-02	9.058569e-02
4.060000e+00	4.080000e+00	3.706566e-01	1.578697e-01	1.578697e-01
4.080000e+00	4.100000e+00	1.356088e-01	8.251401e-02	8.251401e-02
4.100000e+00	4.120000e+00	9.334705e-02	4.772587e-02	4.772587e-02
4.120000e+00	4.140000e+00	1.702755e-01	8.782430e-02	8.782430e-02
4.140000e+00	4.160000e+00	2.229946e-01	7.570639e-02	7.570639e-02
4.160000e+00	4.180000e+00	1.782935e-01	1.150707e-01	1.150707e-01
4.180000e+00	4.200000e+00	1.499580e-01	7.045346e-02	7.045346e-02
4.200000e+00	4.220000e+00	1.895259e-01	1.143592e-01	1.143592e-01
4.220000e+00	4.240000e+00	7.868765e-02	4.558794e-02	4.558794e-02
4.240000e+00	4.260000e+00	4.226154e-01	2.452634e-01	2.452634e-01
4.260000e+00	4.280000e+00	8.836295e-01	4.925761e-01	4.925761e-01
4.280000e+00	4.300000e+00	8.183760e-02	4.045683e-02	4.045683e-02
4.300000e+00	4.320000e+00	2.733919e-01	1.396104e-01	1.396104e-01
4.320000e+00	4.340000e+00	6.777025e-02	3.660306e-02	3.660306e-02
4.340000e+00	4.360000e+00	5.073605e-02	1.658938e-02	1.658938e-02
4.360000e+00	4.380000e+00	1.496459e-02	5.952048e-03	5.952048e-03
4.380000e+00	4.400000e+00	3.264374e-01	1.660373e-01	1.660373e-01
4.400000e+00	4.420000e+00	1.525236e-01	9.087110e-02	9.087110e-02
4.420000e+00	4.440000e+00	1.183444e-02	7.465003e-03	7.465003e-03
4.440000e+00	4.460000e+00	4.572541e-02	1.329514e-02	1.329514e-02
4.460000e+00	4.480000e+00	9.570220e-02	4.132252e-02	4.132252e-02
4.480000e+00	4.500000e+00	2.918133e-02	1.190927e-02	1.190927e-02
4.500000e+00	4.520000e+00	2.935664e-02	2.276159e-02	2.276159e-02
4.520000e+00	4.540000e+00	4.864163e-02	2.691467e-02	2.691467e-02
4.540000e+00	4.560000e+00	3.757455e-02	1.726567e-02	1.726567e-02
4.560000e+00	4.580000e+00	1.240280e-02	5.390582e-03	5.390582e-03
4.580000e+00	4.600000e+00	9.289330e-03	4.549194e-03	4.549194e-03
4.600000e+00	4.620000e+00	2.650158e-02	1.573988e-02	1.573988e-02
4.620000e+00	4.640000e+00	1.211453e-02	6.399018e-03	6.399018e-03
4.640000e+00	4.660000e+00	7.653290e-02	5.052489e-02	5.052489e-02
4.660000e+00	4.680000e+00	8.433985e-02	4.662623e-02	4.662623e-02
4.680000e+00	4.700000e+00	5.371240e-03	4.027722e-03	4.027722e-03
4.700000e+00	4.720000e+00	2.643055e-01	2.598903e-01	2.598903e-01
4.720000e+00	4.740000e+00	3.240579e-03	2.387180e-03	2.387180e-03
4.740000e+00	4.760000e+00	3.644208e-03	2.419052e-03	2.419052e-03
4.760000e+00	4.780000e+00	8.539410e-04	4.291600e-04	4.291600e-04
4.780000e+00	4.800000e+00	5.580645e-03	2.944611e-03	2.944611e-03
4.800000e+00	4.820000e+00	5.962860e-04	4.215528e-04	4.215528e-04
4.820000e+00	4.840000e+00	3.028746e-04	1.439091e-04	1.439091e-04
4.840000e+00	4.860000e+00	1.412056e-03	9.024615e-04	9.024615e-04
4.860000e+00	4.880000e+00	6.729750e-04	4.649823e-04	4.649823e-04
4.880000e+00	4.900000e+00	3.298050e-03	2.172641e-03	2.172641e-03
4.900000e+00	4.920000e+00	2.228500e-04	1.409637e-04	1.409637e-04
4.920000e+00	4.940000e+00	1.030943e-02	9.682190e-03	9.682190e-03
4.940000e+00	4.960000e+00	3.853694e-04	2.805403e-04	2.805403e-04
4.960000e+00	4.980000e+00	2.009327e-03	1.841309e-03	1.841309e-03
4.980000e+00	5.000000e+00	6.294335e-05	5.100956e-05	5.100956e-05
5.000000e+00	5.020000e+00	7.366110e-04	4.748882e-04	4.748882e-04
5.020000e+00	5.040000e+00	5.491840e-04	5.060672e-04	5.060672e-04
5.040000e+00	5.060000e+00	1.100476e-04	9.747280e-05	9.747280e-05
5.060000e+00	5.080000e+00	0.000000e+00	0.000000e+00	0.000000e+00
5.080000e+00	5.100000e+00	3.683120e-03	3.489940e-03	3.489940e-03
5.100000e+00	5.120000e+00	2.279885e-04	1.918430e-04	1.918430e-04
5.120000e+00	5.140000e+00	0.000000e+00	0.000000e+00	0.000000e+00
5.140000e+00	5.160000e+00	2.623904e-04	1.653754e-04	1.653754e-04
5.160000e+00	5.180000e+00	0.000000e+00	0.000000e+00	0.000000e+00
5.180000e+00	5.200000e+00	0.000000e+00	0.000000e+00	0.000000e+00
5.200000e+00	5.220000e+00	0.000000e+00	0.000000e+00	0.000000e+00
5.220000e+00	5.240000e+00	0.000000e+00	0.000000e+00	0.000000e+00
5.240000e+00	5.260000e+00	1.852827e-05	1.343990e-05	1.343990e-05
5.260000e+00	5.280000e+00	0.000000e+00	0.000000e+00	0.000000e+00
5.280000e+00	5.300000e+00	0.000000e+00	0.000000e+00	0.000000e+00
5.300000e+00	5.320000e+00	0.000000e+00	0.000000e+00	0.000000e+00
5.320000e+00	5.340000e+00	0.000000e+00	0.000000e+00	0.000000e+00
5.340000e+00	5.360000e+00	1.889133e-06	1.889133e-06	1.889133e-06
5.360000e+00	5.380000e+00	0.000000e+00	0.000000e+00	0.000000e+00
5.380000e+00	5.400000e+00	2.752245e-06	2.752245e-06	2.752245e-06
5.400000e+00	5.420000e+00	0.000000e+00	0.000000e+00	0.000000e+00
5.420000e+00	5.440000e+00	0.000000e+00	0.000000e+00	0.000000e+00
5.440000e+00	5.460000e+00	0.000000e+00	0.000000e+00	0.000000e+00
5.460000e+00	5.480000e+00	0.000000e+00	0.000000e+00	0.000000e+00
5.480000e+00	5.500000e+00	0.000000e+00	0.000000e+00	0.000000e+00
5.500000e+00	5.520000e+00	0.000000e+00	0.000000e+00	0.000000e+00
5.520000e+00	5.540000e+00	0.000000e+00	0.000000e+00	0.000000e+00
5.540000e+00	5.560000e+00	0.000000e+00	0.000000e+00	0.000000e+00
5.560000e+00	5.580000e+00	0.000000e+00	0.000000e+00	0.000000e+00
5.580000e+00	5.600000e+00	0.000000e+00	0.000000e+00	0.000000e+00
5.600000e+00	5.620000e+00	0.000000e+00	0.000000e+00	0.000000e+00
5.620000e+00	5.640000e+00	0.000000e+00	0.000000e+00	0.000000e+00
5.640000e+00	5.660000e+00	0.000000e+00	0.000000e+00	0.000000e+00
5.660000e+00	5.680000e+00	0.000000e+00	0.000000e+00	0.000000e+00
5.680000e+00	5.700000e+00	0.000000e+00	0.000000e+00	0.000000e+00
5.700000e+00	5.720000e+00	0.000000e+00	0.000000e+00	0.000000e+00
5.720000e+00	5.740000e+00	0.000000e+00	0.000000e+00	0.000000e+00
5.740000e+00	5.760000e+00	0.000000e+00	0.000000e+00	0.000000e+00
5.760000e+00	5.780000e+00	0.000000e+00	0.000000e+00	0.000000e+00
5.780000e+00	5.800000e+00	0.000000e+00	0.000000e+00	0.000000e+00
5.800000e+00	5.820000e+00	0.000000e+00	0.000000e+00	0.000000e+00
5.820000e+00	5.840000e+00	0.000000e+00	0.000000e+00	0.000000e+00
5.840000e+00	5.860000e+00	0.000000e+00	0.000000e+00	0.000000e+00
5.860000e+00	5.880000e+00	0.000000e+00	0.000000e+00	0.000000e+00
5.880000e+00	5.900000e+00	0.000000e+00	0.000000e+00	0.000000e+00
5.900000e+00	5.920000e+00	0.000000e+00	0.000000e+00	0.000000e+00
5.920000e+00	5.940000e+00	0.000000e+00	0.000000e+00	0.000000e+00
5.940000e+00	5.960000e+00	0.000000e+00	0.000000e+00	0.000000e+00
5.960000e+00	5.980000e+00	0.000000e+00	0.000000e+00	0.000000e+00
5.980000e+00	6.000000e+00	0.000000e+00	0.000000e+00	0.000000e+00
# END HISTO1D

# BEGIN HISTO1D //afs/cern.ch/user/d/dkar/lh2015-qg/Vincia-2001/lhc/hadron/zjet_born.yoda/MC_LHQG_Zjet/log_mMDT_GA_00_00_Q50_R10
LineColor=blue
LineStyle=solid
Path=//afs/cern.ch/user/d/dkar/lh2015-qg/Vincia-2001/lhc/hadron/zjet_born.yoda/MC_LHQG_Zjet/log_mMDT_GA_00_00_Q50_R10
ScaledBy=0.029411764705882353
Title=zjet_born
XLabel=
YLabel=
# xlow	 xhigh	 val	 errminus	 errplus
0.000000e+00	2.000000e-02	0.000000e+00	0.000000e+00	0.000000e+00
2.000000e-02	4.000000e-02	0.000000e+00	0.000000e+00	0.000000e+00
4.000000e-02	6.000000e-02	0.000000e+00	0.000000e+00	0.000000e+00
6.000000e-02	8.000000e-02	0.000000e+00	0.000000e+00	0.000000e+00
8.000000e-02	1.000000e-01	0.000000e+00	0.000000e+00	0.000000e+00
1.000000e-01	1.200000e-01	0.000000e+00	0.000000e+00	0.000000e+00
1.200000e-01	1.400000e-01	0.000000e+00	0.000000e+00	0.000000e+00
1.400000e-01	1.600000e-01	0.000000e+00	0.000000e+00	0.000000e+00
1.600000e-01	1.800000e-01	0.000000e+00	0.000000e+00	0.000000e+00
1.800000e-01	2.000000e-01	0.000000e+00	0.000000e+00	0.000000e+00
2.000000e-01	2.200000e-01	0.000000e+00	0.000000e+00	0.000000e+00
2.200000e-01	2.400000e-01	0.000000e+00	0.000000e+00	0.000000e+00
2.400000e-01	2.600000e-01	0.000000e+00	0.000000e+00	0.000000e+00
2.600000e-01	2.800000e-01	0.000000e+00	0.000000e+00	0.000000e+00
2.800000e-01	3.000000e-01	0.000000e+00	0.000000e+00	0.000000e+00
3.000000e-01	3.200000e-01	0.000000e+00	0.000000e+00	0.000000e+00
3.200000e-01	3.400000e-01	0.000000e+00	0.000000e+00	0.000000e+00
3.400000e-01	3.600000e-01	0.000000e+00	0.000000e+00	0.000000e+00
3.600000e-01	3.800000e-01	0.000000e+00	0.000000e+00	0.000000e+00
3.800000e-01	4.000000e-01	0.000000e+00	0.000000e+00	0.000000e+00
4.000000e-01	4.200000e-01	0.000000e+00	0.000000e+00	0.000000e+00
4.200000e-01	4.400000e-01	0.000000e+00	0.000000e+00	0.000000e+00
4.400000e-01	4.600000e-01	0.000000e+00	0.000000e+00	0.000000e+00
4.600000e-01	4.800000e-01	0.000000e+00	0.000000e+00	0.000000e+00
4.800000e-01	5.000000e-01	0.000000e+00	0.000000e+00	0.000000e+00
5.000000e-01	5.200000e-01	0.000000e+00	0.000000e+00	0.000000e+00
5.200000e-01	5.400000e-01	0.000000e+00	0.000000e+00	0.000000e+00
5.400000e-01	5.600000e-01	0.000000e+00	0.000000e+00	0.000000e+00
5.600000e-01	5.800000e-01	0.000000e+00	0.000000e+00	0.000000e+00
5.800000e-01	6.000000e-01	0.000000e+00	0.000000e+00	0.000000e+00
6.000000e-01	6.200000e-01	0.000000e+00	0.000000e+00	0.000000e+00
6.200000e-01	6.400000e-01	0.000000e+00	0.000000e+00	0.000000e+00
6.400000e-01	6.600000e-01	0.000000e+00	0.000000e+00	0.000000e+00
6.600000e-01	6.800000e-01	0.000000e+00	0.000000e+00	0.000000e+00
6.800000e-01	7.000000e-01	0.000000e+00	0.000000e+00	0.000000e+00
7.000000e-01	7.200000e-01	0.000000e+00	0.000000e+00	0.000000e+00
7.200000e-01	7.400000e-01	0.000000e+00	0.000000e+00	0.000000e+00
7.400000e-01	7.600000e-01	0.000000e+00	0.000000e+00	0.000000e+00
7.600000e-01	7.800000e-01	0.000000e+00	0.000000e+00	0.000000e+00
7.800000e-01	8.000000e-01	0.000000e+00	0.000000e+00	0.000000e+00
8.000000e-01	8.200000e-01	0.000000e+00	0.000000e+00	0.000000e+00
8.200000e-01	8.400000e-01	0.000000e+00	0.000000e+00	0.000000e+00
8.400000e-01	8.600000e-01	0.000000e+00	0.000000e+00	0.000000e+00
8.600000e-01	8.800000e-01	0.000000e+00	0.000000e+00	0.000000e+00
8.800000e-01	9.000000e-01	0.000000e+00	0.000000e+00	0.000000e+00
9.000000e-01	9.200000e-01	0.000000e+00	0.000000e+00	0.000000e+00
9.200000e-01	9.400000e-01	0.000000e+00	0.000000e+00	0.000000e+00
9.400000e-01	9.600000e-01	0.000000e+00	0.000000e+00	0.000000e+00
9.600000e-01	9.800000e-01	0.000000e+00	0.000000e+00	0.000000e+00
9.800000e-01	1.000000e+00	0.000000e+00	0.000000e+00	0.000000e+00
1.000000e+00	1.020000e+00	0.000000e+00	0.000000e+00	0.000000e+00
1.020000e+00	1.040000e+00	0.000000e+00	0.000000e+00	0.000000e+00
1.040000e+00	1.060000e+00	0.000000e+00	0.000000e+00	0.000000e+00
1.060000e+00	1.080000e+00	0.000000e+00	0.000000e+00	0.000000e+00
1.080000e+00	1.100000e+00	0.000000e+00	0.000000e+00	0.000000e+00
1.100000e+00	1.120000e+00	0.000000e+00	0.000000e+00	0.000000e+00
1.120000e+00	1.140000e+00	0.000000e+00	0.000000e+00	0.000000e+00
1.140000e+00	1.160000e+00	0.000000e+00	0.000000e+00	0.000000e+00
1.160000e+00	1.180000e+00	0.000000e+00	0.000000e+00	0.000000e+00
1.180000e+00	1.200000e+00	0.000000e+00	0.000000e+00	0.000000e+00
1.200000e+00	1.220000e+00	0.000000e+00	0.000000e+00	0.000000e+00
1.220000e+00	1.240000e+00	0.000000e+00	0.000000e+00	0.000000e+00
1.240000e+00	1.260000e+00	0.000000e+00	0.000000e+00	0.000000e+00
1.260000e+00	1.280000e+00	0.000000e+00	0.000000e+00	0.000000e+00
1.280000e+00	1.300000e+00	0.000000e+00	0.000000e+00	0.000000e+00
1.300000e+00	1.320000e+00	0.000000e+00	0.000000e+00	0.000000e+00
1.320000e+00	1.340000e+00	0.000000e+00	0.000000e+00	0.000000e+00
1.340000e+00	1.360000e+00	0.000000e+00	0.000000e+00	0.000000e+00
1.360000e+00	1.380000e+00	0.000000e+00	0.000000e+00	0.000000e+00
1.380000e+00	1.400000e+00	0.000000e+00	0.000000e+00	0.000000e+00
1.400000e+00	1.420000e+00	0.000000e+00	0.000000e+00	0.000000e+00
1.420000e+00	1.440000e+00	0.000000e+00	0.000000e+00	0.000000e+00
1.440000e+00	1.460000e+00	0.000000e+00	0.000000e+00	0.000000e+00
1.460000e+00	1.480000e+00	0.000000e+00	0.000000e+00	0.000000e+00
1.480000e+00	1.500000e+00	0.000000e+00	0.000000e+00	0.000000e+00
1.500000e+00	1.520000e+00	0.000000e+00	0.000000e+00	0.000000e+00
1.520000e+00	1.540000e+00	0.000000e+00	0.000000e+00	0.000000e+00
1.540000e+00	1.560000e+00	0.000000e+00	0.000000e+00	0.000000e+00
1.560000e+00	1.580000e+00	0.000000e+00	0.000000e+00	0.000000e+00
1.580000e+00	1.600000e+00	0.000000e+00	0.000000e+00	0.000000e+00
1.600000e+00	1.620000e+00	1.470588e+00	1.470588e+00	1.470588e+00
1.620000e+00	1.640000e+00	0.000000e+00	0.000000e+00	0.000000e+00
1.640000e+00	1.660000e+00	0.000000e+00	0.000000e+00	0.000000e+00
1.660000e+00	1.680000e+00	0.000000e+00	0.000000e+00	0.000000e+00
1.680000e+00	1.700000e+00	0.000000e+00	0.000000e+00	0.000000e+00
1.700000e+00	1.720000e+00	0.000000e+00	0.000000e+00	0.000000e+00
1.720000e+00	1.740000e+00	0.000000e+00	0.000000e+00	0.000000e+00
1.740000e+00	1.760000e+00	0.000000e+00	0.000000e+00	0.000000e+00
1.760000e+00	1.780000e+00	0.000000e+00	0.000000e+00	0.000000e+00
1.780000e+00	1.800000e+00	1.470588e+00	1.470588e+00	1.470588e+00
1.800000e+00	1.820000e+00	0.000000e+00	0.000000e+00	0.000000e+00
1.820000e+00	1.840000e+00	0.000000e+00	0.000000e+00	0.000000e+00
1.840000e+00	1.860000e+00	0.000000e+00	0.000000e+00	0.000000e+00
1.860000e+00	1.880000e+00	0.000000e+00	0.000000e+00	0.000000e+00
1.880000e+00	1.900000e+00	0.000000e+00	0.000000e+00	0.000000e+00
1.900000e+00	1.920000e+00	0.000000e+00	0.000000e+00	0.000000e+00
1.920000e+00	1.940000e+00	0.000000e+00	0.000000e+00	0.000000e+00
1.940000e+00	1.960000e+00	2.941176e+00	2.079726e+00	2.079726e+00
1.960000e+00	1.980000e+00	0.000000e+00	0.000000e+00	0.000000e+00
1.980000e+00	2.000000e+00	0.000000e+00	0.000000e+00	0.000000e+00
2.000000e+00	2.020000e+00	0.000000e+00	0.000000e+00	0.000000e+00
2.020000e+00	2.040000e+00	0.000000e+00	0.000000e+00	0.000000e+00
2.040000e+00	2.060000e+00	0.000000e+00	0.000000e+00	0.000000e+00
2.060000e+00	2.080000e+00	1.470588e+00	1.470588e+00	1.470588e+00
2.080000e+00	2.100000e+00	0.000000e+00	0.000000e+00	0.000000e+00
2.100000e+00	2.120000e+00	0.000000e+00	0.000000e+00	0.000000e+00
2.120000e+00	2.140000e+00	0.000000e+00	0.000000e+00	0.000000e+00
2.140000e+00	2.160000e+00	0.000000e+00	0.000000e+00	0.000000e+00
2.160000e+00	2.180000e+00	0.000000e+00	0.000000e+00	0.000000e+00
2.180000e+00	2.200000e+00	1.470588e+00	1.470588e+00	1.470588e+00
2.200000e+00	2.220000e+00	0.000000e+00	0.000000e+00	0.000000e+00
2.220000e+00	2.240000e+00	0.000000e+00	0.000000e+00	0.000000e+00
2.240000e+00	2.260000e+00	0.000000e+00	0.000000e+00	0.000000e+00
2.260000e+00	2.280000e+00	0.000000e+00	0.000000e+00	0.000000e+00
2.280000e+00	2.300000e+00	0.000000e+00	0.000000e+00	0.000000e+00
2.300000e+00	2.320000e+00	0.000000e+00	0.000000e+00	0.000000e+00
2.320000e+00	2.340000e+00	0.000000e+00	0.000000e+00	0.000000e+00
2.340000e+00	2.360000e+00	0.000000e+00	0.000000e+00	0.000000e+00
2.360000e+00	2.380000e+00	0.000000e+00	0.000000e+00	0.000000e+00
2.380000e+00	2.400000e+00	1.470588e+00	1.470588e+00	1.470588e+00
2.400000e+00	2.420000e+00	0.000000e+00	0.000000e+00	0.000000e+00
2.420000e+00	2.440000e+00	0.000000e+00	0.000000e+00	0.000000e+00
2.440000e+00	2.460000e+00	0.000000e+00	0.000000e+00	0.000000e+00
2.460000e+00	2.480000e+00	0.000000e+00	0.000000e+00	0.000000e+00
2.480000e+00	2.500000e+00	1.470588e+00	1.470588e+00	1.470588e+00
2.500000e+00	2.520000e+00	0.000000e+00	0.000000e+00	0.000000e+00
2.520000e+00	2.540000e+00	0.000000e+00	0.000000e+00	0.000000e+00
2.540000e+00	2.560000e+00	0.000000e+00	0.000000e+00	0.000000e+00
2.560000e+00	2.580000e+00	2.941176e+00	2.079726e+00	2.079726e+00
2.580000e+00	2.600000e+00	0.000000e+00	0.000000e+00	0.000000e+00
2.600000e+00	2.620000e+00	0.000000e+00	0.000000e+00	0.000000e+00
2.620000e+00	2.640000e+00	0.000000e+00	0.000000e+00	0.000000e+00
2.640000e+00	2.660000e+00	0.000000e+00	0.000000e+00	0.000000e+00
2.660000e+00	2.680000e+00	0.000000e+00	0.000000e+00	0.000000e+00
2.680000e+00	2.700000e+00	0.000000e+00	0.000000e+00	0.000000e+00
2.700000e+00	2.720000e+00	0.000000e+00	0.000000e+00	0.000000e+00
2.720000e+00	2.740000e+00	0.000000e+00	0.000000e+00	0.000000e+00
2.740000e+00	2.760000e+00	0.000000e+00	0.000000e+00	0.000000e+00
2.760000e+00	2.780000e+00	0.000000e+00	0.000000e+00	0.000000e+00
2.780000e+00	2.800000e+00	0.000000e+00	0.000000e+00	0.000000e+00
2.800000e+00	2.820000e+00	0.000000e+00	0.000000e+00	0.000000e+00
2.820000e+00	2.840000e+00	1.470588e+00	1.470588e+00	1.470588e+00
2.840000e+00	2.860000e+00	0.000000e+00	0.000000e+00	0.000000e+00
2.860000e+00	2.880000e+00	0.000000e+00	0.000000e+00	0.000000e+00
2.880000e+00	2.900000e+00	0.000000e+00	0.000000e+00	0.000000e+00
2.900000e+00	2.920000e+00	0.000000e+00	0.000000e+00	0.000000e+00
2.920000e+00	2.940000e+00	0.000000e+00	0.000000e+00	0.000000e+00
2.940000e+00	2.960000e+00	0.000000e+00	0.000000e+00	0.000000e+00
2.960000e+00	2.980000e+00	0.000000e+00	0.000000e+00	0.000000e+00
2.980000e+00	3.000000e+00	1.470588e+00	1.470588e+00	1.470588e+00
3.000000e+00	3.020000e+00	0.000000e+00	0.000000e+00	0.000000e+00
3.020000e+00	3.040000e+00	0.000000e+00	0.000000e+00	0.000000e+00
3.040000e+00	3.060000e+00	4.411764e+00	2.547134e+00	2.547134e+00
3.060000e+00	3.080000e+00	0.000000e+00	0.000000e+00	0.000000e+00
3.080000e+00	3.100000e+00	1.470588e+00	1.470588e+00	1.470588e+00
3.100000e+00	3.120000e+00	0.000000e+00	0.000000e+00	0.000000e+00
3.120000e+00	3.140000e+00	4.411764e+00	2.547134e+00	2.547134e+00
3.140000e+00	3.160000e+00	0.000000e+00	0.000000e+00	0.000000e+00
3.160000e+00	3.180000e+00	2.941176e+00	2.079726e+00	2.079726e+00
3.180000e+00	3.200000e+00	0.000000e+00	0.000000e+00	0.000000e+00
3.200000e+00	3.220000e+00	4.411764e+00	2.547134e+00	2.547134e+00
3.220000e+00	3.240000e+00	0.000000e+00	0.000000e+00	0.000000e+00
3.240000e+00	3.260000e+00	1.470588e+00	1.470588e+00	1.470588e+00
3.260000e+00	3.280000e+00	0.000000e+00	0.000000e+00	0.000000e+00
3.280000e+00	3.300000e+00	0.000000e+00	0.000000e+00	0.000000e+00
3.300000e+00	3.320000e+00	0.000000e+00	0.000000e+00	0.000000e+00
3.320000e+00	3.340000e+00	0.000000e+00	0.000000e+00	0.000000e+00
3.340000e+00	3.360000e+00	0.000000e+00	0.000000e+00	0.000000e+00
3.360000e+00	3.380000e+00	0.000000e+00	0.000000e+00	0.000000e+00
3.380000e+00	3.400000e+00	0.000000e+00	0.000000e+00	0.000000e+00
3.400000e+00	3.420000e+00	0.000000e+00	0.000000e+00	0.000000e+00
3.420000e+00	3.440000e+00	0.000000e+00	0.000000e+00	0.000000e+00
3.440000e+00	3.460000e+00	0.000000e+00	0.000000e+00	0.000000e+00
3.460000e+00	3.480000e+00	0.000000e+00	0.000000e+00	0.000000e+00
3.480000e+00	3.500000e+00	0.000000e+00	0.000000e+00	0.000000e+00
3.500000e+00	3.520000e+00	0.000000e+00	0.000000e+00	0.000000e+00
3.520000e+00	3.540000e+00	0.000000e+00	0.000000e+00	0.000000e+00
3.540000e+00	3.560000e+00	0.000000e+00	0.000000e+00	0.000000e+00
3.560000e+00	3.580000e+00	0.000000e+00	0.000000e+00	0.000000e+00
3.580000e+00	3.600000e+00	0.000000e+00	0.000000e+00	0.000000e+00
3.600000e+00	3.620000e+00	0.000000e+00	0.000000e+00	0.000000e+00
3.620000e+00	3.640000e+00	0.000000e+00	0.000000e+00	0.000000e+00
3.640000e+00	3.660000e+00	0.000000e+00	0.000000e+00	0.000000e+00
3.660000e+00	3.680000e+00	0.000000e+00	0.000000e+00	0.000000e+00
3.680000e+00	3.700000e+00	0.000000e+00	0.000000e+00	0.000000e+00
3.700000e+00	3.720000e+00	1.470588e+00	1.470588e+00	1.470588e+00
3.720000e+00	3.740000e+00	0.000000e+00	0.000000e+00	0.000000e+00
3.740000e+00	3.760000e+00	0.000000e+00	0.000000e+00	0.000000e+00
3.760000e+00	3.780000e+00	1.470588e+00	1.470588e+00	1.470588e+00
3.780000e+00	3.800000e+00	0.000000e+00	0.000000e+00	0.000000e+00
3.800000e+00	3.820000e+00	0.000000e+00	0.000000e+00	0.000000e+00
3.820000e+00	3.840000e+00	0.000000e+00	0.000000e+00	0.000000e+00
3.840000e+00	3.860000e+00	0.000000e+00	0.000000e+00	0.000000e+00
3.860000e+00	3.880000e+00	0.000000e+00	0.000000e+00	0.000000e+00
3.880000e+00	3.900000e+00	2.941176e+00	2.079726e+00	2.079726e+00
3.900000e+00	3.920000e+00	0.000000e+00	0.000000e+00	0.000000e+00
3.920000e+00	3.940000e+00	1.470588e+00	1.470588e+00	1.470588e+00
3.940000e+00	3.960000e+00	0.000000e+00	0.000000e+00	0.000000e+00
3.960000e+00	3.980000e+00	0.000000e+00	0.000000e+00	0.000000e+00
3.980000e+00	4.000000e+00	0.000000e+00	0.000000e+00	0.000000e+00
4.000000e+00	4.020000e+00	0.000000e+00	0.000000e+00	0.000000e+00
4.020000e+00	4.040000e+00	0.000000e+00	0.000000e+00	0.000000e+00
4.040000e+00	4.060000e+00	0.000000e+00	0.000000e+00	0.000000e+00
4.060000e+00	4.080000e+00	0.000000e+00	0.000000e+00	0.000000e+00
4.080000e+00	4.100000e+00	0.000000e+00	0.000000e+00	0.000000e+00
4.100000e+00	4.120000e+00	0.000000e+00	0.000000e+00	0.000000e+00
4.120000e+00	4.140000e+00	0.000000e+00	0.000000e+00	0.000000e+00
4.140000e+00	4.160000e+00	0.000000e+00	0.000000e+00	0.000000e+00
4.160000e+00	4.180000e+00	0.000000e+00	0.000000e+00	0.000000e+00
4.180000e+00	4.200000e+00	1.470588e+00	1.470588e+00	1.470588e+00
4.200000e+00	4.220000e+00	0.000000e+00	0.000000e+00	0.000000e+00
4.220000e+00	4.240000e+00	0.000000e+00	0.000000e+00	0.000000e+00
4.240000e+00	4.260000e+00	0.000000e+00	0.000000e+00	0.000000e+00
4.260000e+00	4.280000e+00	1.470588e+00	1.470588e+00	1.470588e+00
4.280000e+00	4.300000e+00	0.000000e+00	0.000000e+00	0.000000e+00
4.300000e+00	4.320000e+00	2.941176e+00	2.079726e+00	2.079726e+00
4.320000e+00	4.340000e+00	0.000000e+00	0.000000e+00	0.000000e+00
4.340000e+00	4.360000e+00	0.000000e+00	0.000000e+00	0.000000e+00
4.360000e+00	4.380000e+00	0.000000e+00	0.000000e+00	0.000000e+00
4.380000e+00	4.400000e+00	0.000000e+00	0.000000e+00	0.000000e+00
4.400000e+00	4.420000e+00	0.000000e+00	0.000000e+00	0.000000e+00
4.420000e+00	4.440000e+00	0.000000e+00	0.000000e+00	0.000000e+00
4.440000e+00	4.460000e+00	0.000000e+00	0.000000e+00	0.000000e+00
4.460000e+00	4.480000e+00	0.000000e+00	0.000000e+00	0.000000e+00
4.480000e+00	4.500000e+00	0.000000e+00	0.000000e+00	0.000000e+00
4.500000e+00	4.520000e+00	0.000000e+00	0.000000e+00	0.000000e+00
4.520000e+00	4.540000e+00	0.000000e+00	0.000000e+00	0.000000e+00
4.540000e+00	4.560000e+00	0.000000e+00	0.000000e+00	0.000000e+00
4.560000e+00	4.580000e+00	0.000000e+00	0.000000e+00	0.000000e+00
4.580000e+00	4.600000e+00	0.000000e+00	0.000000e+00	0.000000e+00
4.600000e+00	4.620000e+00	0.000000e+00	0.000000e+00	0.000000e+00
4.620000e+00	4.640000e+00	0.000000e+00	0.000000e+00	0.000000e+00
4.640000e+00	4.660000e+00	0.000000e+00	0.000000e+00	0.000000e+00
4.660000e+00	4.680000e+00	0.000000e+00	0.000000e+00	0.000000e+00
4.680000e+00	4.700000e+00	0.000000e+00	0.000000e+00	0.000000e+00
4.700000e+00	4.720000e+00	0.000000e+00	0.000000e+00	0.000000e+00
4.720000e+00	4.740000e+00	0.000000e+00	0.000000e+00	0.000000e+00
4.740000e+00	4.760000e+00	0.000000e+00	0.000000e+00	0.000000e+00
4.760000e+00	4.780000e+00	0.000000e+00	0.000000e+00	0.000000e+00
4.780000e+00	4.800000e+00	0.000000e+00	0.000000e+00	0.000000e+00
4.800000e+00	4.820000e+00	0.000000e+00	0.000000e+00	0.000000e+00
4.820000e+00	4.840000e+00	0.000000e+00	0.000000e+00	0.000000e+00
4.840000e+00	4.860000e+00	0.000000e+00	0.000000e+00	0.000000e+00
4.860000e+00	4.880000e+00	0.000000e+00	0.000000e+00	0.000000e+00
4.880000e+00	4.900000e+00	0.000000e+00	0.000000e+00	0.000000e+00
4.900000e+00	4.920000e+00	0.000000e+00	0.000000e+00	0.000000e+00
4.920000e+00	4.940000e+00	0.000000e+00	0.000000e+00	0.000000e+00
4.940000e+00	4.960000e+00	0.000000e+00	0.000000e+00	0.000000e+00
4.960000e+00	4.980000e+00	0.000000e+00	0.000000e+00	0.000000e+00
4.980000e+00	5.000000e+00	0.000000e+00	0.000000e+00	0.000000e+00
5.000000e+00	5.020000e+00	0.000000e+00	0.000000e+00	0.000000e+00
5.020000e+00	5.040000e+00	0.000000e+00	0.000000e+00	0.000000e+00
5.040000e+00	5.060000e+00	0.000000e+00	0.000000e+00	0.000000e+00
5.060000e+00	5.080000e+00	0.000000e+00	0.000000e+00	0.000000e+00
5.080000e+00	5.100000e+00	0.000000e+00	0.000000e+00	0.000000e+00
5.100000e+00	5.120000e+00	0.000000e+00	0.000000e+00	0.000000e+00
5.120000e+00	5.140000e+00	0.000000e+00	0.000000e+00	0.000000e+00
5.140000e+00	5.160000e+00	0.000000e+00	0.000000e+00	0.000000e+00
5.160000e+00	5.180000e+00	0.000000e+00	0.000000e+00	0.000000e+00
5.180000e+00	5.200000e+00	0.000000e+00	0.000000e+00	0.000000e+00
5.200000e+00	5.220000e+00	0.000000e+00	0.000000e+00	0.000000e+00
5.220000e+00	5.240000e+00	0.000000e+00	0.000000e+00	0.000000e+00
5.240000e+00	5.260000e+00	0.000000e+00	0.000000e+00	0.000000e+00
5.260000e+00	5.280000e+00	0.000000e+00	0.000000e+00	0.000000e+00
5.280000e+00	5.300000e+00	0.000000e+00	0.000000e+00	0.000000e+00
5.300000e+00	5.320000e+00	0.000000e+00	0.000000e+00	0.000000e+00
5.320000e+00	5.340000e+00	0.000000e+00	0.000000e+00	0.000000e+00
5.340000e+00	5.360000e+00	0.000000e+00	0.000000e+00	0.000000e+00
5.360000e+00	5.380000e+00	0.000000e+00	0.000000e+00	0.000000e+00
5.380000e+00	5.400000e+00	0.000000e+00	0.000000e+00	0.000000e+00
5.400000e+00	5.420000e+00	0.000000e+00	0.000000e+00	0.000000e+00
5.420000e+00	5.440000e+00	0.000000e+00	0.000000e+00	0.000000e+00
5.440000e+00	5.460000e+00	0.000000e+00	0.000000e+00	0.000000e+00
5.460000e+00	5.480000e+00	0.000000e+00	0.000000e+00	0.000000e+00
5.480000e+00	5.500000e+00	0.000000e+00	0.000000e+00	0.000000e+00
5.500000e+00	5.520000e+00	0.000000e+00	0.000000e+00	0.000000e+00
5.520000e+00	5.540000e+00	0.000000e+00	0.000000e+00	0.000000e+00
5.540000e+00	5.560000e+00	0.000000e+00	0.000000e+00	0.000000e+00
5.560000e+00	5.580000e+00	0.000000e+00	0.000000e+00	0.000000e+00
5.580000e+00	5.600000e+00	0.000000e+00	0.000000e+00	0.000000e+00
5.600000e+00	5.620000e+00	0.000000e+00	0.000000e+00	0.000000e+00
5.620000e+00	5.640000e+00	0.000000e+00	0.000000e+00	0.000000e+00
5.640000e+00	5.660000e+00	0.000000e+00	0.000000e+00	0.000000e+00
5.660000e+00	5.680000e+00	0.000000e+00	0.000000e+00	0.000000e+00
5.680000e+00	5.700000e+00	0.000000e+00	0.000000e+00	0.000000e+00
5.700000e+00	5.720000e+00	0.000000e+00	0.000000e+00	0.000000e+00
5.720000e+00	5.740000e+00	0.000000e+00	0.000000e+00	0.000000e+00
5.740000e+00	5.760000e+00	0.000000e+00	0.000000e+00	0.000000e+00
5.760000e+00	5.780000e+00	0.000000e+00	0.000000e+00	0.000000e+00
5.780000e+00	5.800000e+00	0.000000e+00	0.000000e+00	0.000000e+00
5.800000e+00	5.820000e+00	0.000000e+00	0.000000e+00	0.000000e+00
5.820000e+00	5.840000e+00	0.000000e+00	0.000000e+00	0.000000e+00
5.840000e+00	5.860000e+00	0.000000e+00	0.000000e+00	0.000000e+00
5.860000e+00	5.880000e+00	0.000000e+00	0.000000e+00	0.000000e+00
5.880000e+00	5.900000e+00	0.000000e+00	0.000000e+00	0.000000e+00
5.900000e+00	5.920000e+00	0.000000e+00	0.000000e+00	0.000000e+00
5.920000e+00	5.940000e+00	0.000000e+00	0.000000e+00	0.000000e+00
5.940000e+00	5.960000e+00	0.000000e+00	0.000000e+00	0.000000e+00
5.960000e+00	5.980000e+00	0.000000e+00	0.000000e+00	0.000000e+00
5.980000e+00	6.000000e+00	0.000000e+00	0.000000e+00	0.000000e+00
# END HISTO1D

