# BEGIN PLOT
LegendOnly=//afs/cern.ch/user/d/dkar/lh2015-qg/Vincia-2001/lhc/hadron/zjet.yoda/MC_LHQG_Zjet/log_mMDT_GA_10_20_Q100_R2 //afs/cern.ch/user/d/dkar/lh2015-qg/Vincia-2001/lhc/hadron/zjet_born.yoda/MC_LHQG_Zjet/log_mMDT_GA_10_20_Q100_R2
DrawOnly=//afs/cern.ch/user/d/dkar/lh2015-qg/Vincia-2001/lhc/hadron/zjet.yoda/MC_LHQG_Zjet/log_mMDT_GA_10_20_Q100_R2 //afs/cern.ch/user/d/dkar/lh2015-qg/Vincia-2001/lhc/hadron/zjet_born.yoda/MC_LHQG_Zjet/log_mMDT_GA_10_20_Q100_R2
RatioPlotReference=//afs/cern.ch/user/d/dkar/lh2015-qg/Vincia-2001/lhc/hadron/zjet.yoda/MC_LHQG_Zjet/log_mMDT_GA_10_20_Q100_R2
RatioPlot=1
LogY=1
RatioPlotYLabel=Ratio
Legend=1
# END PLOT

# BEGIN HISTO1D //afs/cern.ch/user/d/dkar/lh2015-qg/Vincia-2001/lhc/hadron/zjet.yoda/MC_LHQG_Zjet/log_mMDT_GA_10_20_Q100_R2
LineColor=red
LineStyle=solid
Path=//afs/cern.ch/user/d/dkar/lh2015-qg/Vincia-2001/lhc/hadron/zjet.yoda/MC_LHQG_Zjet/log_mMDT_GA_10_20_Q100_R2
ScaledBy=146.03476725050527
Title=zjet
XLabel=
YLabel=
# xlow	 xhigh	 val	 errminus	 errplus
-1.500000e+01	-1.497000e+01	2.208510e-01	1.710044e-01	1.710044e-01
-1.497000e+01	-1.494000e+01	0.000000e+00	0.000000e+00	0.000000e+00
-1.494000e+01	-1.491000e+01	0.000000e+00	0.000000e+00	0.000000e+00
-1.491000e+01	-1.488000e+01	0.000000e+00	0.000000e+00	0.000000e+00
-1.488000e+01	-1.485000e+01	0.000000e+00	0.000000e+00	0.000000e+00
-1.485000e+01	-1.482000e+01	0.000000e+00	0.000000e+00	0.000000e+00
-1.482000e+01	-1.479000e+01	0.000000e+00	0.000000e+00	0.000000e+00
-1.479000e+01	-1.476000e+01	0.000000e+00	0.000000e+00	0.000000e+00
-1.476000e+01	-1.473000e+01	0.000000e+00	0.000000e+00	0.000000e+00
-1.473000e+01	-1.470000e+01	0.000000e+00	0.000000e+00	0.000000e+00
-1.470000e+01	-1.467000e+01	0.000000e+00	0.000000e+00	0.000000e+00
-1.467000e+01	-1.464000e+01	0.000000e+00	0.000000e+00	0.000000e+00
-1.464000e+01	-1.461000e+01	0.000000e+00	0.000000e+00	0.000000e+00
-1.461000e+01	-1.458000e+01	0.000000e+00	0.000000e+00	0.000000e+00
-1.458000e+01	-1.455000e+01	0.000000e+00	0.000000e+00	0.000000e+00
-1.455000e+01	-1.452000e+01	0.000000e+00	0.000000e+00	0.000000e+00
-1.452000e+01	-1.449000e+01	0.000000e+00	0.000000e+00	0.000000e+00
-1.449000e+01	-1.446000e+01	0.000000e+00	0.000000e+00	0.000000e+00
-1.446000e+01	-1.443000e+01	0.000000e+00	0.000000e+00	0.000000e+00
-1.443000e+01	-1.440000e+01	0.000000e+00	0.000000e+00	0.000000e+00
-1.440000e+01	-1.437000e+01	0.000000e+00	0.000000e+00	0.000000e+00
-1.437000e+01	-1.434000e+01	0.000000e+00	0.000000e+00	0.000000e+00
-1.434000e+01	-1.431000e+01	0.000000e+00	0.000000e+00	0.000000e+00
-1.431000e+01	-1.428000e+01	0.000000e+00	0.000000e+00	0.000000e+00
-1.428000e+01	-1.425000e+01	0.000000e+00	0.000000e+00	0.000000e+00
-1.425000e+01	-1.422000e+01	0.000000e+00	0.000000e+00	0.000000e+00
-1.422000e+01	-1.419000e+01	0.000000e+00	0.000000e+00	0.000000e+00
-1.419000e+01	-1.416000e+01	0.000000e+00	0.000000e+00	0.000000e+00
-1.416000e+01	-1.413000e+01	0.000000e+00	0.000000e+00	0.000000e+00
-1.413000e+01	-1.410000e+01	0.000000e+00	0.000000e+00	0.000000e+00
-1.410000e+01	-1.407000e+01	0.000000e+00	0.000000e+00	0.000000e+00
-1.407000e+01	-1.404000e+01	0.000000e+00	0.000000e+00	0.000000e+00
-1.404000e+01	-1.401000e+01	0.000000e+00	0.000000e+00	0.000000e+00
-1.401000e+01	-1.398000e+01	0.000000e+00	0.000000e+00	0.000000e+00
-1.398000e+01	-1.395000e+01	0.000000e+00	0.000000e+00	0.000000e+00
-1.395000e+01	-1.392000e+01	0.000000e+00	0.000000e+00	0.000000e+00
-1.392000e+01	-1.389000e+01	0.000000e+00	0.000000e+00	0.000000e+00
-1.389000e+01	-1.386000e+01	0.000000e+00	0.000000e+00	0.000000e+00
-1.386000e+01	-1.383000e+01	0.000000e+00	0.000000e+00	0.000000e+00
-1.383000e+01	-1.380000e+01	0.000000e+00	0.000000e+00	0.000000e+00
-1.380000e+01	-1.377000e+01	0.000000e+00	0.000000e+00	0.000000e+00
-1.377000e+01	-1.374000e+01	0.000000e+00	0.000000e+00	0.000000e+00
-1.374000e+01	-1.371000e+01	0.000000e+00	0.000000e+00	0.000000e+00
-1.371000e+01	-1.368000e+01	0.000000e+00	0.000000e+00	0.000000e+00
-1.368000e+01	-1.365000e+01	0.000000e+00	0.000000e+00	0.000000e+00
-1.365000e+01	-1.362000e+01	0.000000e+00	0.000000e+00	0.000000e+00
-1.362000e+01	-1.359000e+01	0.000000e+00	0.000000e+00	0.000000e+00
-1.359000e+01	-1.356000e+01	0.000000e+00	0.000000e+00	0.000000e+00
-1.356000e+01	-1.353000e+01	0.000000e+00	0.000000e+00	0.000000e+00
-1.353000e+01	-1.350000e+01	0.000000e+00	0.000000e+00	0.000000e+00
-1.350000e+01	-1.347000e+01	0.000000e+00	0.000000e+00	0.000000e+00
-1.347000e+01	-1.344000e+01	0.000000e+00	0.000000e+00	0.000000e+00
-1.344000e+01	-1.341000e+01	0.000000e+00	0.000000e+00	0.000000e+00
-1.341000e+01	-1.338000e+01	0.000000e+00	0.000000e+00	0.000000e+00
-1.338000e+01	-1.335000e+01	0.000000e+00	0.000000e+00	0.000000e+00
-1.335000e+01	-1.332000e+01	0.000000e+00	0.000000e+00	0.000000e+00
-1.332000e+01	-1.329000e+01	0.000000e+00	0.000000e+00	0.000000e+00
-1.329000e+01	-1.326000e+01	0.000000e+00	0.000000e+00	0.000000e+00
-1.326000e+01	-1.323000e+01	0.000000e+00	0.000000e+00	0.000000e+00
-1.323000e+01	-1.320000e+01	0.000000e+00	0.000000e+00	0.000000e+00
-1.320000e+01	-1.317000e+01	0.000000e+00	0.000000e+00	0.000000e+00
-1.317000e+01	-1.314000e+01	0.000000e+00	0.000000e+00	0.000000e+00
-1.314000e+01	-1.311000e+01	0.000000e+00	0.000000e+00	0.000000e+00
-1.311000e+01	-1.308000e+01	0.000000e+00	0.000000e+00	0.000000e+00
-1.308000e+01	-1.305000e+01	0.000000e+00	0.000000e+00	0.000000e+00
-1.305000e+01	-1.302000e+01	0.000000e+00	0.000000e+00	0.000000e+00
-1.302000e+01	-1.299000e+01	0.000000e+00	0.000000e+00	0.000000e+00
-1.299000e+01	-1.296000e+01	0.000000e+00	0.000000e+00	0.000000e+00
-1.296000e+01	-1.293000e+01	0.000000e+00	0.000000e+00	0.000000e+00
-1.293000e+01	-1.290000e+01	0.000000e+00	0.000000e+00	0.000000e+00
-1.290000e+01	-1.287000e+01	0.000000e+00	0.000000e+00	0.000000e+00
-1.287000e+01	-1.284000e+01	0.000000e+00	0.000000e+00	0.000000e+00
-1.284000e+01	-1.281000e+01	0.000000e+00	0.000000e+00	0.000000e+00
-1.281000e+01	-1.278000e+01	2.093626e-05	2.093626e-05	2.093626e-05
-1.278000e+01	-1.275000e+01	3.952310e-04	3.952312e-04	3.952312e-04
-1.275000e+01	-1.272000e+01	0.000000e+00	0.000000e+00	0.000000e+00
-1.272000e+01	-1.269000e+01	0.000000e+00	0.000000e+00	0.000000e+00
-1.269000e+01	-1.266000e+01	0.000000e+00	0.000000e+00	0.000000e+00
-1.266000e+01	-1.263000e+01	0.000000e+00	0.000000e+00	0.000000e+00
-1.263000e+01	-1.260000e+01	0.000000e+00	0.000000e+00	0.000000e+00
-1.260000e+01	-1.257000e+01	0.000000e+00	0.000000e+00	0.000000e+00
-1.257000e+01	-1.254000e+01	0.000000e+00	0.000000e+00	0.000000e+00
-1.254000e+01	-1.251000e+01	0.000000e+00	0.000000e+00	0.000000e+00
-1.251000e+01	-1.248000e+01	0.000000e+00	0.000000e+00	0.000000e+00
-1.248000e+01	-1.245000e+01	0.000000e+00	0.000000e+00	0.000000e+00
-1.245000e+01	-1.242000e+01	0.000000e+00	0.000000e+00	0.000000e+00
-1.242000e+01	-1.239000e+01	0.000000e+00	0.000000e+00	0.000000e+00
-1.239000e+01	-1.236000e+01	0.000000e+00	0.000000e+00	0.000000e+00
-1.236000e+01	-1.233000e+01	0.000000e+00	0.000000e+00	0.000000e+00
-1.233000e+01	-1.230000e+01	0.000000e+00	0.000000e+00	0.000000e+00
-1.230000e+01	-1.227000e+01	0.000000e+00	0.000000e+00	0.000000e+00
-1.227000e+01	-1.224000e+01	0.000000e+00	0.000000e+00	0.000000e+00
-1.224000e+01	-1.221000e+01	0.000000e+00	0.000000e+00	0.000000e+00
-1.221000e+01	-1.218000e+01	0.000000e+00	0.000000e+00	0.000000e+00
-1.218000e+01	-1.215000e+01	0.000000e+00	0.000000e+00	0.000000e+00
-1.215000e+01	-1.212000e+01	0.000000e+00	0.000000e+00	0.000000e+00
-1.212000e+01	-1.209000e+01	0.000000e+00	0.000000e+00	0.000000e+00
-1.209000e+01	-1.206000e+01	0.000000e+00	0.000000e+00	0.000000e+00
-1.206000e+01	-1.203000e+01	1.373351e-03	1.373351e-03	1.373351e-03
-1.203000e+01	-1.200000e+01	0.000000e+00	0.000000e+00	0.000000e+00
-1.200000e+01	-1.197000e+01	0.000000e+00	0.000000e+00	0.000000e+00
-1.197000e+01	-1.194000e+01	0.000000e+00	0.000000e+00	0.000000e+00
-1.194000e+01	-1.191000e+01	0.000000e+00	0.000000e+00	0.000000e+00
-1.191000e+01	-1.188000e+01	0.000000e+00	0.000000e+00	0.000000e+00
-1.188000e+01	-1.185000e+01	0.000000e+00	0.000000e+00	0.000000e+00
-1.185000e+01	-1.182000e+01	1.214319e-04	1.214319e-04	1.214319e-04
-1.182000e+01	-1.179000e+01	0.000000e+00	0.000000e+00	0.000000e+00
-1.179000e+01	-1.176000e+01	0.000000e+00	0.000000e+00	0.000000e+00
-1.176000e+01	-1.173000e+01	0.000000e+00	0.000000e+00	0.000000e+00
-1.173000e+01	-1.170000e+01	0.000000e+00	0.000000e+00	0.000000e+00
-1.170000e+01	-1.167000e+01	0.000000e+00	0.000000e+00	0.000000e+00
-1.167000e+01	-1.164000e+01	0.000000e+00	0.000000e+00	0.000000e+00
-1.164000e+01	-1.161000e+01	0.000000e+00	0.000000e+00	0.000000e+00
-1.161000e+01	-1.158000e+01	0.000000e+00	0.000000e+00	0.000000e+00
-1.158000e+01	-1.155000e+01	0.000000e+00	0.000000e+00	0.000000e+00
-1.155000e+01	-1.152000e+01	0.000000e+00	0.000000e+00	0.000000e+00
-1.152000e+01	-1.149000e+01	0.000000e+00	0.000000e+00	0.000000e+00
-1.149000e+01	-1.146000e+01	0.000000e+00	0.000000e+00	0.000000e+00
-1.146000e+01	-1.143000e+01	3.794283e-05	3.794282e-05	3.794282e-05
-1.143000e+01	-1.140000e+01	0.000000e+00	0.000000e+00	0.000000e+00
-1.140000e+01	-1.137000e+01	0.000000e+00	0.000000e+00	0.000000e+00
-1.137000e+01	-1.134000e+01	0.000000e+00	0.000000e+00	0.000000e+00
-1.134000e+01	-1.131000e+01	0.000000e+00	0.000000e+00	0.000000e+00
-1.131000e+01	-1.128000e+01	0.000000e+00	0.000000e+00	0.000000e+00
-1.128000e+01	-1.125000e+01	0.000000e+00	0.000000e+00	0.000000e+00
-1.125000e+01	-1.122000e+01	1.075886e-02	1.075886e-02	1.075886e-02
-1.122000e+01	-1.119000e+01	0.000000e+00	0.000000e+00	0.000000e+00
-1.119000e+01	-1.116000e+01	1.990335e-04	1.544555e-04	1.544555e-04
-1.116000e+01	-1.113000e+01	0.000000e+00	0.000000e+00	0.000000e+00
-1.113000e+01	-1.110000e+01	0.000000e+00	0.000000e+00	0.000000e+00
-1.110000e+01	-1.107000e+01	0.000000e+00	0.000000e+00	0.000000e+00
-1.107000e+01	-1.104000e+01	4.770960e-03	4.770962e-03	4.770962e-03
-1.104000e+01	-1.101000e+01	0.000000e+00	0.000000e+00	0.000000e+00
-1.101000e+01	-1.098000e+01	1.089412e-04	1.020881e-04	1.020881e-04
-1.098000e+01	-1.095000e+01	0.000000e+00	0.000000e+00	0.000000e+00
-1.095000e+01	-1.092000e+01	4.347183e-04	3.547375e-04	3.547375e-04
-1.092000e+01	-1.089000e+01	3.459080e-05	2.985926e-05	2.985926e-05
-1.089000e+01	-1.086000e+01	0.000000e+00	0.000000e+00	0.000000e+00
-1.086000e+01	-1.083000e+01	0.000000e+00	0.000000e+00	0.000000e+00
-1.083000e+01	-1.080000e+01	0.000000e+00	0.000000e+00	0.000000e+00
-1.080000e+01	-1.077000e+01	0.000000e+00	0.000000e+00	0.000000e+00
-1.077000e+01	-1.074000e+01	0.000000e+00	0.000000e+00	0.000000e+00
-1.074000e+01	-1.071000e+01	3.751267e-02	3.748117e-02	3.748117e-02
-1.071000e+01	-1.068000e+01	0.000000e+00	0.000000e+00	0.000000e+00
-1.068000e+01	-1.065000e+01	2.710653e-04	2.710653e-04	2.710653e-04
-1.065000e+01	-1.062000e+01	0.000000e+00	0.000000e+00	0.000000e+00
-1.062000e+01	-1.059000e+01	0.000000e+00	0.000000e+00	0.000000e+00
-1.059000e+01	-1.056000e+01	1.462190e-05	1.269441e-05	1.269441e-05
-1.056000e+01	-1.053000e+01	0.000000e+00	0.000000e+00	0.000000e+00
-1.053000e+01	-1.050000e+01	9.822600e-06	9.822599e-06	9.822599e-06
-1.050000e+01	-1.047000e+01	3.402053e-04	3.402053e-04	3.402053e-04
-1.047000e+01	-1.044000e+01	0.000000e+00	0.000000e+00	0.000000e+00
-1.044000e+01	-1.041000e+01	0.000000e+00	0.000000e+00	0.000000e+00
-1.041000e+01	-1.038000e+01	1.278045e-04	1.278045e-04	1.278045e-04
-1.038000e+01	-1.035000e+01	0.000000e+00	0.000000e+00	0.000000e+00
-1.035000e+01	-1.032000e+01	0.000000e+00	0.000000e+00	0.000000e+00
-1.032000e+01	-1.029000e+01	1.098790e-04	1.098790e-04	1.098790e-04
-1.029000e+01	-1.026000e+01	3.420653e-04	2.769298e-04	2.769298e-04
-1.026000e+01	-1.023000e+01	1.262235e-04	1.262235e-04	1.262235e-04
-1.023000e+01	-1.020000e+01	0.000000e+00	0.000000e+00	0.000000e+00
-1.020000e+01	-1.017000e+01	0.000000e+00	0.000000e+00	0.000000e+00
-1.017000e+01	-1.014000e+01	2.617612e-04	2.348920e-04	2.348920e-04
-1.014000e+01	-1.011000e+01	0.000000e+00	0.000000e+00	0.000000e+00
-1.011000e+01	-1.008000e+01	0.000000e+00	0.000000e+00	0.000000e+00
-1.008000e+01	-1.005000e+01	2.220500e-04	1.433684e-04	1.433684e-04
-1.005000e+01	-1.002000e+01	8.989507e-05	8.989506e-05	8.989506e-05
-1.002000e+01	-9.990000e+00	0.000000e+00	0.000000e+00	0.000000e+00
-9.990000e+00	-9.960000e+00	0.000000e+00	0.000000e+00	0.000000e+00
-9.960000e+00	-9.930000e+00	9.130090e-04	8.583095e-04	8.583095e-04
-9.930000e+00	-9.900000e+00	2.837238e-05	2.837238e-05	2.837238e-05
-9.900000e+00	-9.870000e+00	2.612435e-03	2.612435e-03	2.612435e-03
-9.870000e+00	-9.840000e+00	9.246970e-04	7.538190e-04	7.538190e-04
-9.840000e+00	-9.810000e+00	0.000000e+00	0.000000e+00	0.000000e+00
-9.810000e+00	-9.780000e+00	1.332939e-03	1.160475e-03	1.160475e-03
-9.780000e+00	-9.750000e+00	7.178180e-05	7.178178e-05	7.178178e-05
-9.750000e+00	-9.720000e+00	0.000000e+00	0.000000e+00	0.000000e+00
-9.720000e+00	-9.690000e+00	7.909020e-06	7.909019e-06	7.909019e-06
-9.690000e+00	-9.660000e+00	3.139369e-03	2.658186e-03	2.658186e-03
-9.660000e+00	-9.630000e+00	1.011914e-03	7.520431e-04	7.520431e-04
-9.630000e+00	-9.600000e+00	0.000000e+00	0.000000e+00	0.000000e+00
-9.600000e+00	-9.570000e+00	6.832183e-04	4.930599e-04	4.930599e-04
-9.570000e+00	-9.540000e+00	2.169820e-05	1.580909e-05	1.580909e-05
-9.540000e+00	-9.510000e+00	0.000000e+00	0.000000e+00	0.000000e+00
-9.510000e+00	-9.480000e+00	1.330528e-03	1.326321e-03	1.326321e-03
-9.480000e+00	-9.450000e+00	1.406416e-04	7.585759e-05	7.585759e-05
-9.450000e+00	-9.420000e+00	6.568247e-04	5.666755e-04	5.666755e-04
-9.420000e+00	-9.390000e+00	1.228732e-03	8.732610e-04	8.732610e-04
-9.390000e+00	-9.360000e+00	3.890543e-05	2.947540e-05	2.947540e-05
-9.360000e+00	-9.330000e+00	8.269850e-04	7.844435e-04	7.844435e-04
-9.330000e+00	-9.300000e+00	8.234643e-04	5.201085e-04	5.201085e-04
-9.300000e+00	-9.270000e+00	1.173640e-03	6.498820e-04	6.498820e-04
-9.270000e+00	-9.240000e+00	9.783947e-04	7.253197e-04	7.253197e-04
-9.240000e+00	-9.210000e+00	1.325561e-03	1.314873e-03	1.314873e-03
-9.210000e+00	-9.180000e+00	0.000000e+00	0.000000e+00	0.000000e+00
-9.180000e+00	-9.150000e+00	8.412320e-06	8.412319e-06	8.412319e-06
-9.150000e+00	-9.120000e+00	3.817263e-04	3.044775e-04	3.044775e-04
-9.120000e+00	-9.090000e+00	3.675147e-03	3.533934e-03	3.533934e-03
-9.090000e+00	-9.060000e+00	5.512103e-05	3.945590e-05	3.945590e-05
-9.060000e+00	-9.030000e+00	0.000000e+00	0.000000e+00	0.000000e+00
-9.030000e+00	-9.000000e+00	1.858635e-04	1.114891e-04	1.114891e-04
-9.000000e+00	-8.970000e+00	1.202110e-03	1.160697e-03	1.160697e-03
-8.970000e+00	-8.940000e+00	1.883412e-03	1.533950e-03	1.533950e-03
-8.940000e+00	-8.910000e+00	7.396453e-05	5.397952e-05	5.397952e-05
-8.910000e+00	-8.880000e+00	3.207880e-04	2.702211e-04	2.702211e-04
-8.880000e+00	-8.850000e+00	4.017690e-03	3.974380e-03	3.974380e-03
-8.850000e+00	-8.820000e+00	4.669690e-05	3.771618e-05	3.771618e-05
-8.820000e+00	-8.790000e+00	4.197513e-03	3.429660e-03	3.429660e-03
-8.790000e+00	-8.760000e+00	1.783076e-03	1.044326e-03	1.044326e-03
-8.760000e+00	-8.730000e+00	1.136101e-03	1.136101e-03	1.136101e-03
-8.730000e+00	-8.700000e+00	1.270960e-04	1.109072e-04	1.109072e-04
-8.700000e+00	-8.670000e+00	1.416568e-03	1.069505e-03	1.069505e-03
-8.670000e+00	-8.640000e+00	7.961083e-03	7.090773e-03	7.090773e-03
-8.640000e+00	-8.610000e+00	9.495087e-04	6.097338e-04	6.097338e-04
-8.610000e+00	-8.580000e+00	1.058077e-03	8.249993e-04	8.249993e-04
-8.580000e+00	-8.550000e+00	9.637790e-04	6.390404e-04	6.390404e-04
-8.550000e+00	-8.520000e+00	1.749124e-03	9.367523e-04	9.367523e-04
-8.520000e+00	-8.490000e+00	1.478901e-02	1.274261e-02	1.274261e-02
-8.490000e+00	-8.460000e+00	4.837213e-04	3.287239e-04	3.287239e-04
-8.460000e+00	-8.430000e+00	6.857130e-04	4.328071e-04	4.328071e-04
-8.430000e+00	-8.400000e+00	1.154604e-02	1.122342e-02	1.122342e-02
-8.400000e+00	-8.370000e+00	2.805006e-04	1.729306e-04	1.729306e-04
-8.370000e+00	-8.340000e+00	8.723917e-04	7.172522e-04	7.172522e-04
-8.340000e+00	-8.310000e+00	7.541040e-04	4.343230e-04	4.343230e-04
-8.310000e+00	-8.280000e+00	1.704025e-02	8.126162e-03	8.126162e-03
-8.280000e+00	-8.250000e+00	1.485278e-03	8.608877e-04	8.608877e-04
-8.250000e+00	-8.220000e+00	4.088763e-03	1.807356e-03	1.807356e-03
-8.220000e+00	-8.190000e+00	5.673047e-03	4.033993e-03	4.033993e-03
-8.190000e+00	-8.160000e+00	4.716907e-04	2.970371e-04	2.970371e-04
-8.160000e+00	-8.130000e+00	4.765010e-05	4.765010e-05	4.765010e-05
-8.130000e+00	-8.100000e+00	1.143248e-02	7.353878e-03	7.353878e-03
-8.100000e+00	-8.070000e+00	7.111477e-05	6.430486e-05	6.430486e-05
-8.070000e+00	-8.040000e+00	2.234382e-02	1.935559e-02	1.935559e-02
-8.040000e+00	-8.010000e+00	4.308790e-04	2.130571e-04	2.130571e-04
-8.010000e+00	-7.980000e+00	3.369813e-03	1.504840e-03	1.504840e-03
-7.980000e+00	-7.950000e+00	2.558298e-03	1.571567e-03	1.571567e-03
-7.950000e+00	-7.920000e+00	3.313329e-03	2.155601e-03	2.155601e-03
-7.920000e+00	-7.890000e+00	1.861578e-03	1.244264e-03	1.244264e-03
-7.890000e+00	-7.860000e+00	7.640937e-04	4.054234e-04	4.054234e-04
-7.860000e+00	-7.830000e+00	5.847247e-02	5.112342e-02	5.112342e-02
-7.830000e+00	-7.800000e+00	5.411150e-03	2.401619e-03	2.401619e-03
-7.800000e+00	-7.770000e+00	9.928897e-03	7.979075e-03	7.979075e-03
-7.770000e+00	-7.740000e+00	6.860593e-04	4.810561e-04	4.810561e-04
-7.740000e+00	-7.710000e+00	6.260103e-03	5.802615e-03	5.802615e-03
-7.710000e+00	-7.680000e+00	4.902443e-03	3.732824e-03	3.732824e-03
-7.680000e+00	-7.650000e+00	4.294690e-03	3.390246e-03	3.390246e-03
-7.650000e+00	-7.620000e+00	2.493575e-02	2.059816e-02	2.059816e-02
-7.620000e+00	-7.590000e+00	5.784207e-03	4.112476e-03	4.112476e-03
-7.590000e+00	-7.560000e+00	2.061458e-02	1.189926e-02	1.189926e-02
-7.560000e+00	-7.530000e+00	6.042123e-04	3.950686e-04	3.950686e-04
-7.530000e+00	-7.500000e+00	2.248299e-03	1.222821e-03	1.222821e-03
-7.500000e+00	-7.470000e+00	4.120703e-01	4.113250e-01	4.113250e-01
-7.470000e+00	-7.440000e+00	2.910312e-02	2.461421e-02	2.461421e-02
-7.440000e+00	-7.410000e+00	6.330423e-02	6.184874e-02	6.184874e-02
-7.410000e+00	-7.380000e+00	1.364755e-02	7.008313e-03	7.008313e-03
-7.380000e+00	-7.350000e+00	2.354355e-02	2.106130e-02	2.106130e-02
-7.350000e+00	-7.320000e+00	2.694905e-03	1.614480e-03	1.614480e-03
-7.320000e+00	-7.290000e+00	3.622273e-02	2.298337e-02	2.298337e-02
-7.290000e+00	-7.260000e+00	4.107587e-03	2.823699e-03	2.823699e-03
-7.260000e+00	-7.230000e+00	2.018834e-03	1.124249e-03	1.124249e-03
-7.230000e+00	-7.200000e+00	1.412399e-02	6.975369e-03	6.975369e-03
-7.200000e+00	-7.170000e+00	8.997463e-02	6.701586e-02	6.701586e-02
-7.170000e+00	-7.140000e+00	1.045524e-02	6.608550e-03	6.608550e-03
-7.140000e+00	-7.110000e+00	3.985040e-03	2.055018e-03	2.055018e-03
-7.110000e+00	-7.080000e+00	2.483304e-02	1.228135e-02	1.228135e-02
-7.080000e+00	-7.050000e+00	1.411617e-02	7.640330e-03	7.640330e-03
-7.050000e+00	-7.020000e+00	4.389193e-02	2.884312e-02	2.884312e-02
-7.020000e+00	-6.990000e+00	3.324073e-02	1.972688e-02	1.972688e-02
-6.990000e+00	-6.960000e+00	4.099267e-02	2.707877e-02	2.707877e-02
-6.960000e+00	-6.930000e+00	1.546201e-02	7.994443e-03	7.994443e-03
-6.930000e+00	-6.900000e+00	1.142487e-02	3.924088e-03	3.924088e-03
-6.900000e+00	-6.870000e+00	1.092641e-02	6.292925e-03	6.292925e-03
-6.870000e+00	-6.840000e+00	6.701247e-03	4.705525e-03	4.705525e-03
-6.840000e+00	-6.810000e+00	4.544180e-02	3.671594e-02	3.671594e-02
-6.810000e+00	-6.780000e+00	4.172313e-02	2.606845e-02	2.606845e-02
-6.780000e+00	-6.750000e+00	1.016447e-02	5.557621e-03	5.557621e-03
-6.750000e+00	-6.720000e+00	4.292930e-02	2.099692e-02	2.099692e-02
-6.720000e+00	-6.690000e+00	5.013527e-02	2.434658e-02	2.434658e-02
-6.690000e+00	-6.660000e+00	1.536818e-01	1.236229e-01	1.236229e-01
-6.660000e+00	-6.630000e+00	5.962250e-02	2.950925e-02	2.950925e-02
-6.630000e+00	-6.600000e+00	3.118644e-02	1.643166e-02	1.643166e-02
-6.600000e+00	-6.570000e+00	7.365800e-02	3.836712e-02	3.836712e-02
-6.570000e+00	-6.540000e+00	2.290685e-02	9.907157e-03	9.907157e-03
-6.540000e+00	-6.510000e+00	1.056473e-02	3.795711e-03	3.795711e-03
-6.510000e+00	-6.480000e+00	2.672806e-02	1.573627e-02	1.573627e-02
-6.480000e+00	-6.450000e+00	5.714047e-02	2.832123e-02	2.832123e-02
-6.450000e+00	-6.420000e+00	7.508640e-02	5.082123e-02	5.082123e-02
-6.420000e+00	-6.390000e+00	2.686126e-01	2.406205e-01	2.406205e-01
-6.390000e+00	-6.360000e+00	8.072947e-02	5.786377e-02	5.786377e-02
-6.360000e+00	-6.330000e+00	1.636908e-02	7.048623e-03	7.048623e-03
-6.330000e+00	-6.300000e+00	1.989796e-02	8.587127e-03	8.587127e-03
-6.300000e+00	-6.270000e+00	4.541043e-02	1.931415e-02	1.931415e-02
-6.270000e+00	-6.240000e+00	6.264633e-02	2.878154e-02	2.878154e-02
-6.240000e+00	-6.210000e+00	1.704033e-01	1.618797e-01	1.618797e-01
-6.210000e+00	-6.180000e+00	3.255123e-02	1.783609e-02	1.783609e-02
-6.180000e+00	-6.150000e+00	1.377388e-02	5.205037e-03	5.205037e-03
-6.150000e+00	-6.120000e+00	7.661787e-02	3.796346e-02	3.796346e-02
-6.120000e+00	-6.090000e+00	4.191760e-01	2.258089e-01	2.258089e-01
-6.090000e+00	-6.060000e+00	3.532933e-01	2.357925e-01	2.357925e-01
-6.060000e+00	-6.030000e+00	1.891741e-01	1.144130e-01	1.144130e-01
-6.030000e+00	-6.000000e+00	6.931293e-02	5.574761e-02	5.574761e-02
-6.000000e+00	-5.970000e+00	6.539607e-02	3.204187e-02	3.204187e-02
-5.970000e+00	-5.940000e+00	1.752658e-01	8.346573e-02	8.346573e-02
-5.940000e+00	-5.910000e+00	2.214743e-02	1.028286e-02	1.028286e-02
-5.910000e+00	-5.880000e+00	2.325639e-02	1.425855e-02	1.425855e-02
-5.880000e+00	-5.850000e+00	1.210857e-02	5.568095e-03	5.568095e-03
-5.850000e+00	-5.820000e+00	3.532780e-02	1.610286e-02	1.610286e-02
-5.820000e+00	-5.790000e+00	1.036514e-01	5.159569e-02	5.159569e-02
-5.790000e+00	-5.760000e+00	9.399473e-02	4.501354e-02	4.501354e-02
-5.760000e+00	-5.730000e+00	1.961539e-02	1.010867e-02	1.010867e-02
-5.730000e+00	-5.700000e+00	5.019930e-02	2.682906e-02	2.682906e-02
-5.700000e+00	-5.670000e+00	1.856688e-01	1.160572e-01	1.160572e-01
-5.670000e+00	-5.640000e+00	2.153055e-02	1.882669e-02	1.882669e-02
-5.640000e+00	-5.610000e+00	2.914790e-01	2.383296e-01	2.383296e-01
-5.610000e+00	-5.580000e+00	1.183236e-01	4.260194e-02	4.260194e-02
-5.580000e+00	-5.550000e+00	1.275096e-01	1.021468e-01	1.021468e-01
-5.550000e+00	-5.520000e+00	1.277229e-01	5.031956e-02	5.031956e-02
-5.520000e+00	-5.490000e+00	1.154264e-01	6.064221e-02	6.064221e-02
-5.490000e+00	-5.460000e+00	5.881967e-01	4.271355e-01	4.271355e-01
-5.460000e+00	-5.430000e+00	9.528970e-02	5.960594e-02	5.960594e-02
-5.430000e+00	-5.400000e+00	3.333217e-01	1.589587e-01	1.589587e-01
-5.400000e+00	-5.370000e+00	3.471367e-02	1.654559e-02	1.654559e-02
-5.370000e+00	-5.340000e+00	2.358887e-01	1.735441e-01	1.735441e-01
-5.340000e+00	-5.310000e+00	8.045753e-02	3.307366e-02	3.307366e-02
-5.310000e+00	-5.280000e+00	1.351862e-01	6.916182e-02	6.916182e-02
-5.280000e+00	-5.250000e+00	8.307773e-02	5.624151e-02	5.624151e-02
-5.250000e+00	-5.220000e+00	1.356557e-01	5.075132e-02	5.075132e-02
-5.220000e+00	-5.190000e+00	8.061233e-02	2.939517e-02	2.939517e-02
-5.190000e+00	-5.160000e+00	1.495237e-01	8.229895e-02	8.229895e-02
-5.160000e+00	-5.130000e+00	1.809150e-01	1.026179e-01	1.026179e-01
-5.130000e+00	-5.100000e+00	4.467323e-02	2.067332e-02	2.067332e-02
-5.100000e+00	-5.070000e+00	9.148573e-02	3.784838e-02	3.784838e-02
-5.070000e+00	-5.040000e+00	5.242953e-02	2.215521e-02	2.215521e-02
-5.040000e+00	-5.010000e+00	1.252796e-01	6.160040e-02	6.160040e-02
-5.010000e+00	-4.980000e+00	3.040894e-01	1.906596e-01	1.906596e-01
-4.980000e+00	-4.950000e+00	2.407979e-01	1.695887e-01	1.695887e-01
-4.950000e+00	-4.920000e+00	2.122346e-01	1.082831e-01	1.082831e-01
-4.920000e+00	-4.890000e+00	2.881371e-01	2.068402e-01	2.068402e-01
-4.890000e+00	-4.860000e+00	2.404497e-01	1.098415e-01	1.098415e-01
-4.860000e+00	-4.830000e+00	3.520110e-01	2.049450e-01	2.049450e-01
-4.830000e+00	-4.800000e+00	2.000189e-01	8.161568e-02	8.161568e-02
-4.800000e+00	-4.770000e+00	5.694373e-02	3.386957e-02	3.386957e-02
-4.770000e+00	-4.740000e+00	4.167270e-01	1.952479e-01	1.952479e-01
-4.740000e+00	-4.710000e+00	8.266750e-02	5.137257e-02	5.137257e-02
-4.710000e+00	-4.680000e+00	9.772257e-02	7.855022e-02	7.855022e-02
-4.680000e+00	-4.650000e+00	1.715137e-01	7.930387e-02	7.930387e-02
-4.650000e+00	-4.620000e+00	7.701017e-02	3.297731e-02	3.297731e-02
-4.620000e+00	-4.590000e+00	2.430639e-01	1.405924e-01	1.405924e-01
-4.590000e+00	-4.560000e+00	7.337053e-02	5.433571e-02	5.433571e-02
-4.560000e+00	-4.530000e+00	7.125433e-02	4.050741e-02	4.050741e-02
-4.530000e+00	-4.500000e+00	1.411765e-01	8.896551e-02	8.896551e-02
-4.500000e+00	-4.470000e+00	4.923860e-02	4.206129e-02	4.206129e-02
-4.470000e+00	-4.440000e+00	1.560805e-01	7.444867e-02	7.444867e-02
-4.440000e+00	-4.410000e+00	1.271611e-01	5.878809e-02	5.878809e-02
-4.410000e+00	-4.380000e+00	5.106553e-01	3.202572e-01	3.202572e-01
-4.380000e+00	-4.350000e+00	8.876233e-01	5.461774e-01	5.461774e-01
-4.350000e+00	-4.320000e+00	2.655474e-01	2.420659e-01	2.420659e-01
-4.320000e+00	-4.290000e+00	3.526677e-01	2.732345e-01	2.732345e-01
-4.290000e+00	-4.260000e+00	2.036274e-01	9.327097e-02	9.327097e-02
-4.260000e+00	-4.230000e+00	4.517807e-03	2.749113e-03	2.749113e-03
-4.230000e+00	-4.200000e+00	7.009793e-02	4.781492e-02	4.781492e-02
-4.200000e+00	-4.170000e+00	8.800490e-02	8.044951e-02	8.044951e-02
-4.170000e+00	-4.140000e+00	1.253105e-01	8.545977e-02	8.545977e-02
-4.140000e+00	-4.110000e+00	5.029733e-01	3.003614e-01	3.003614e-01
-4.110000e+00	-4.080000e+00	1.583129e-01	9.278195e-02	9.278195e-02
-4.080000e+00	-4.050000e+00	7.216087e-03	3.345059e-03	3.345059e-03
-4.050000e+00	-4.020000e+00	2.045192e-01	1.633873e-01	1.633873e-01
-4.020000e+00	-3.990000e+00	2.195852e-01	1.459411e-01	1.459411e-01
-3.990000e+00	-3.960000e+00	2.830104e-02	2.240539e-02	2.240539e-02
-3.960000e+00	-3.930000e+00	1.023789e-01	4.601439e-02	4.601439e-02
-3.930000e+00	-3.900000e+00	1.256736e-01	8.341208e-02	8.341208e-02
-3.900000e+00	-3.870000e+00	1.970665e-01	1.156391e-01	1.156391e-01
-3.870000e+00	-3.840000e+00	7.430520e-02	5.865982e-02	5.865982e-02
-3.840000e+00	-3.810000e+00	7.799663e-03	4.368511e-03	4.368511e-03
-3.810000e+00	-3.780000e+00	2.788581e-01	1.672897e-01	1.672897e-01
-3.780000e+00	-3.750000e+00	2.839540e-01	1.386833e-01	1.386833e-01
-3.750000e+00	-3.720000e+00	8.878180e-02	5.709238e-02	5.709238e-02
-3.720000e+00	-3.690000e+00	6.303147e-01	3.662473e-01	3.662473e-01
-3.690000e+00	-3.660000e+00	5.045430e-01	4.010245e-01	4.010245e-01
-3.660000e+00	-3.630000e+00	1.712903e-01	1.184119e-01	1.184119e-01
-3.630000e+00	-3.600000e+00	1.657868e-01	7.915807e-02	7.915807e-02
-3.600000e+00	-3.570000e+00	5.156417e-02	3.498630e-02	3.498630e-02
-3.570000e+00	-3.540000e+00	4.806437e-01	2.776648e-01	2.776648e-01
-3.540000e+00	-3.510000e+00	4.092597e-02	1.765044e-02	1.765044e-02
-3.510000e+00	-3.480000e+00	3.449930e-01	2.673430e-01	2.673430e-01
-3.480000e+00	-3.450000e+00	4.977893e-01	4.682828e-01	4.682828e-01
-3.450000e+00	-3.420000e+00	2.549955e-01	1.565888e-01	1.565888e-01
-3.420000e+00	-3.390000e+00	3.828820e-01	1.778025e-01	1.778025e-01
-3.390000e+00	-3.360000e+00	4.532200e-01	2.888344e-01	2.888344e-01
-3.360000e+00	-3.330000e+00	3.184741e-01	1.629241e-01	1.629241e-01
-3.330000e+00	-3.300000e+00	5.471090e-02	4.377589e-02	4.377589e-02
-3.300000e+00	-3.270000e+00	8.280350e-02	5.200151e-02	5.200151e-02
-3.270000e+00	-3.240000e+00	3.529043e-01	1.920218e-01	1.920218e-01
-3.240000e+00	-3.210000e+00	3.661217e-01	3.480824e-01	3.480824e-01
-3.210000e+00	-3.180000e+00	5.316980e-01	3.672730e-01	3.672730e-01
-3.180000e+00	-3.150000e+00	6.694837e-01	4.445423e-01	4.445423e-01
-3.150000e+00	-3.120000e+00	8.534560e-02	6.099239e-02	6.099239e-02
-3.120000e+00	-3.090000e+00	1.676083e-02	7.370365e-03	7.370365e-03
-3.090000e+00	-3.060000e+00	2.892938e-01	2.201015e-01	2.201015e-01
-3.060000e+00	-3.030000e+00	6.140953e-01	4.847667e-01	4.847667e-01
-3.030000e+00	-3.000000e+00	1.135203e-01	5.544743e-02	5.544743e-02
-3.000000e+00	-2.970000e+00	2.532100e-01	2.002121e-01	2.002121e-01
-2.970000e+00	-2.940000e+00	2.846862e-01	1.968474e-01	1.968474e-01
-2.940000e+00	-2.910000e+00	1.584791e-02	9.244850e-03	9.244850e-03
-2.910000e+00	-2.880000e+00	2.613975e-01	1.394964e-01	1.394964e-01
-2.880000e+00	-2.850000e+00	8.023463e-02	4.111404e-02	4.111404e-02
-2.850000e+00	-2.820000e+00	1.599861e-02	8.215303e-03	8.215303e-03
-2.820000e+00	-2.790000e+00	1.767966e-01	1.547646e-01	1.547646e-01
-2.790000e+00	-2.760000e+00	3.719597e-01	3.665489e-01	3.665489e-01
-2.760000e+00	-2.730000e+00	8.794123e-03	5.528544e-03	5.528544e-03
-2.730000e+00	-2.700000e+00	1.437457e-02	1.192780e-02	1.192780e-02
-2.700000e+00	-2.670000e+00	5.342423e-01	5.089289e-01	5.089289e-01
-2.670000e+00	-2.640000e+00	4.317773e-02	2.870130e-02	2.870130e-02
-2.640000e+00	-2.610000e+00	2.363335e-01	1.207978e-01	1.207978e-01
-2.610000e+00	-2.580000e+00	5.428997e-02	2.892031e-02	2.892031e-02
-2.580000e+00	-2.550000e+00	4.328123e-01	3.554873e-01	3.554873e-01
-2.550000e+00	-2.520000e+00	3.290701e-01	2.359762e-01	2.359762e-01
-2.520000e+00	-2.490000e+00	4.528170e-02	3.396500e-02	3.396500e-02
-2.490000e+00	-2.460000e+00	2.487111e-02	1.241168e-02	1.241168e-02
-2.460000e+00	-2.430000e+00	1.593565e-01	8.356477e-02	8.356477e-02
-2.430000e+00	-2.400000e+00	2.158698e-01	1.511381e-01	1.511381e-01
-2.400000e+00	-2.370000e+00	1.022186e-01	6.217171e-02	6.217171e-02
-2.370000e+00	-2.340000e+00	9.265423e-02	5.037846e-02	5.037846e-02
-2.340000e+00	-2.310000e+00	7.793370e-02	7.394720e-02	7.394720e-02
-2.310000e+00	-2.280000e+00	1.191210e-01	5.485721e-02	5.485721e-02
-2.280000e+00	-2.250000e+00	3.574900e-01	3.071516e-01	3.071516e-01
-2.250000e+00	-2.220000e+00	2.004161e-01	1.002459e-01	1.002459e-01
-2.220000e+00	-2.190000e+00	5.016750e-02	2.659021e-02	2.659021e-02
-2.190000e+00	-2.160000e+00	6.129687e-02	3.625962e-02	3.625962e-02
-2.160000e+00	-2.130000e+00	7.567393e-02	5.623104e-02	5.623104e-02
-2.130000e+00	-2.100000e+00	3.295543e-02	1.776338e-02	1.776338e-02
-2.100000e+00	-2.070000e+00	6.117963e-02	4.983251e-02	4.983251e-02
-2.070000e+00	-2.040000e+00	3.533190e-01	2.536906e-01	2.536906e-01
-2.040000e+00	-2.010000e+00	1.201351e-01	9.151477e-02	9.151477e-02
-2.010000e+00	-1.980000e+00	1.974779e-01	1.078681e-01	1.078681e-01
-1.980000e+00	-1.950000e+00	1.715289e-01	1.373333e-01	1.373333e-01
-1.950000e+00	-1.920000e+00	2.671704e-02	1.915295e-02	1.915295e-02
-1.920000e+00	-1.890000e+00	1.190578e-01	1.164295e-01	1.164295e-01
-1.890000e+00	-1.860000e+00	1.247794e-02	1.056920e-02	1.056920e-02
-1.860000e+00	-1.830000e+00	7.408347e-02	5.445235e-02	5.445235e-02
-1.830000e+00	-1.800000e+00	1.505824e-02	8.483419e-03	8.483419e-03
-1.800000e+00	-1.770000e+00	1.893884e-02	1.095023e-02	1.095023e-02
-1.770000e+00	-1.740000e+00	3.489100e-02	2.840301e-02	2.840301e-02
-1.740000e+00	-1.710000e+00	2.290008e-02	1.173385e-02	1.173385e-02
-1.710000e+00	-1.680000e+00	3.528827e-01	2.807386e-01	2.807386e-01
-1.680000e+00	-1.650000e+00	3.149363e-02	2.159321e-02	2.159321e-02
-1.650000e+00	-1.620000e+00	2.059681e-01	1.702360e-01	1.702360e-01
-1.620000e+00	-1.590000e+00	9.024327e-02	5.593160e-02	5.593160e-02
-1.590000e+00	-1.560000e+00	3.049306e-02	2.155014e-02	2.155014e-02
-1.560000e+00	-1.530000e+00	2.855189e-01	2.022206e-01	2.022206e-01
-1.530000e+00	-1.500000e+00	6.660703e-01	3.147188e-01	3.147188e-01
-1.500000e+00	-1.470000e+00	3.297916e-02	2.359284e-02	2.359284e-02
-1.470000e+00	-1.440000e+00	3.378847e-02	2.470799e-02	2.470799e-02
-1.440000e+00	-1.410000e+00	5.369337e-03	4.385743e-03	4.385743e-03
-1.410000e+00	-1.380000e+00	6.900520e-03	5.773682e-03	5.773682e-03
-1.380000e+00	-1.350000e+00	4.073750e-01	4.061919e-01	4.061919e-01
-1.350000e+00	-1.320000e+00	4.443833e-03	4.325077e-03	4.325077e-03
-1.320000e+00	-1.290000e+00	4.117307e-01	3.678396e-01	3.678396e-01
-1.290000e+00	-1.260000e+00	1.962326e-02	1.312098e-02	1.312098e-02
-1.260000e+00	-1.230000e+00	2.292325e-01	1.560433e-01	1.560433e-01
-1.230000e+00	-1.200000e+00	1.187997e-01	1.108348e-01	1.108348e-01
-1.200000e+00	-1.170000e+00	3.925563e-02	3.728136e-02	3.728136e-02
-1.170000e+00	-1.140000e+00	5.973507e-03	5.769783e-03	5.769783e-03
-1.140000e+00	-1.110000e+00	1.989405e-01	1.946116e-01	1.946116e-01
-1.110000e+00	-1.080000e+00	2.533051e-05	2.214548e-05	2.214548e-05
-1.080000e+00	-1.050000e+00	2.380803e-03	1.556211e-03	1.556211e-03
-1.050000e+00	-1.020000e+00	3.622450e-02	2.417732e-02	2.417732e-02
-1.020000e+00	-9.900000e-01	7.649713e-03	4.446540e-03	4.446540e-03
-9.900000e-01	-9.600000e-01	1.081071e-04	1.081071e-04	1.081071e-04
-9.600000e-01	-9.300000e-01	1.974021e-02	1.778741e-02	1.778741e-02
-9.300000e-01	-9.000000e-01	9.972280e-03	6.622658e-03	6.622658e-03
-9.000000e-01	-8.700000e-01	2.318103e-02	2.203150e-02	2.203150e-02
-8.700000e-01	-8.400000e-01	2.372660e-02	2.092258e-02	2.092258e-02
-8.400000e-01	-8.100000e-01	1.623280e-01	1.619237e-01	1.619237e-01
-8.100000e-01	-7.800000e-01	5.748953e-03	5.548567e-03	5.548567e-03
-7.800000e-01	-7.500000e-01	0.000000e+00	0.000000e+00	0.000000e+00
-7.500000e-01	-7.200000e-01	0.000000e+00	0.000000e+00	0.000000e+00
-7.200000e-01	-6.900000e-01	0.000000e+00	0.000000e+00	0.000000e+00
-6.900000e-01	-6.600000e-01	4.517307e-03	4.445613e-03	4.445613e-03
-6.600000e-01	-6.300000e-01	1.308343e-04	1.308343e-04	1.308343e-04
-6.300000e-01	-6.000000e-01	0.000000e+00	0.000000e+00	0.000000e+00
-6.000000e-01	-5.700000e-01	0.000000e+00	0.000000e+00	0.000000e+00
-5.700000e-01	-5.400000e-01	0.000000e+00	0.000000e+00	0.000000e+00
-5.400000e-01	-5.100000e-01	0.000000e+00	0.000000e+00	0.000000e+00
-5.100000e-01	-4.800000e-01	0.000000e+00	0.000000e+00	0.000000e+00
-4.800000e-01	-4.500000e-01	0.000000e+00	0.000000e+00	0.000000e+00
-4.500000e-01	-4.200000e-01	0.000000e+00	0.000000e+00	0.000000e+00
-4.200000e-01	-3.900000e-01	0.000000e+00	0.000000e+00	0.000000e+00
-3.900000e-01	-3.600000e-01	0.000000e+00	0.000000e+00	0.000000e+00
-3.600000e-01	-3.300000e-01	0.000000e+00	0.000000e+00	0.000000e+00
-3.300000e-01	-3.000000e-01	0.000000e+00	0.000000e+00	0.000000e+00
-3.000000e-01	-2.700000e-01	0.000000e+00	0.000000e+00	0.000000e+00
-2.700000e-01	-2.400000e-01	0.000000e+00	0.000000e+00	0.000000e+00
-2.400000e-01	-2.100000e-01	0.000000e+00	0.000000e+00	0.000000e+00
-2.100000e-01	-1.800000e-01	0.000000e+00	0.000000e+00	0.000000e+00
-1.800000e-01	-1.500000e-01	0.000000e+00	0.000000e+00	0.000000e+00
-1.500000e-01	-1.200000e-01	0.000000e+00	0.000000e+00	0.000000e+00
-1.200000e-01	-9.000000e-02	0.000000e+00	0.000000e+00	0.000000e+00
-9.000000e-02	-6.000000e-02	0.000000e+00	0.000000e+00	0.000000e+00
-6.000000e-02	-3.000000e-02	0.000000e+00	0.000000e+00	0.000000e+00
-3.000000e-02	0.000000e+00	0.000000e+00	0.000000e+00	0.000000e+00
# END HISTO1D

# BEGIN HISTO1D //afs/cern.ch/user/d/dkar/lh2015-qg/Vincia-2001/lhc/hadron/zjet_born.yoda/MC_LHQG_Zjet/log_mMDT_GA_10_20_Q100_R2
LineColor=blue
LineStyle=solid
Path=//afs/cern.ch/user/d/dkar/lh2015-qg/Vincia-2001/lhc/hadron/zjet_born.yoda/MC_LHQG_Zjet/log_mMDT_GA_10_20_Q100_R2
ScaledBy=0.16666666666666666
Title=zjet_born
XLabel=
YLabel=
# xlow	 xhigh	 val	 errminus	 errplus
-1.500000e+01	-1.497000e+01	0.000000e+00	0.000000e+00	0.000000e+00
-1.497000e+01	-1.494000e+01	0.000000e+00	0.000000e+00	0.000000e+00
-1.494000e+01	-1.491000e+01	0.000000e+00	0.000000e+00	0.000000e+00
-1.491000e+01	-1.488000e+01	0.000000e+00	0.000000e+00	0.000000e+00
-1.488000e+01	-1.485000e+01	0.000000e+00	0.000000e+00	0.000000e+00
-1.485000e+01	-1.482000e+01	0.000000e+00	0.000000e+00	0.000000e+00
-1.482000e+01	-1.479000e+01	0.000000e+00	0.000000e+00	0.000000e+00
-1.479000e+01	-1.476000e+01	0.000000e+00	0.000000e+00	0.000000e+00
-1.476000e+01	-1.473000e+01	0.000000e+00	0.000000e+00	0.000000e+00
-1.473000e+01	-1.470000e+01	0.000000e+00	0.000000e+00	0.000000e+00
-1.470000e+01	-1.467000e+01	0.000000e+00	0.000000e+00	0.000000e+00
-1.467000e+01	-1.464000e+01	0.000000e+00	0.000000e+00	0.000000e+00
-1.464000e+01	-1.461000e+01	0.000000e+00	0.000000e+00	0.000000e+00
-1.461000e+01	-1.458000e+01	0.000000e+00	0.000000e+00	0.000000e+00
-1.458000e+01	-1.455000e+01	0.000000e+00	0.000000e+00	0.000000e+00
-1.455000e+01	-1.452000e+01	0.000000e+00	0.000000e+00	0.000000e+00
-1.452000e+01	-1.449000e+01	0.000000e+00	0.000000e+00	0.000000e+00
-1.449000e+01	-1.446000e+01	0.000000e+00	0.000000e+00	0.000000e+00
-1.446000e+01	-1.443000e+01	0.000000e+00	0.000000e+00	0.000000e+00
-1.443000e+01	-1.440000e+01	0.000000e+00	0.000000e+00	0.000000e+00
-1.440000e+01	-1.437000e+01	0.000000e+00	0.000000e+00	0.000000e+00
-1.437000e+01	-1.434000e+01	0.000000e+00	0.000000e+00	0.000000e+00
-1.434000e+01	-1.431000e+01	0.000000e+00	0.000000e+00	0.000000e+00
-1.431000e+01	-1.428000e+01	0.000000e+00	0.000000e+00	0.000000e+00
-1.428000e+01	-1.425000e+01	0.000000e+00	0.000000e+00	0.000000e+00
-1.425000e+01	-1.422000e+01	0.000000e+00	0.000000e+00	0.000000e+00
-1.422000e+01	-1.419000e+01	0.000000e+00	0.000000e+00	0.000000e+00
-1.419000e+01	-1.416000e+01	0.000000e+00	0.000000e+00	0.000000e+00
-1.416000e+01	-1.413000e+01	0.000000e+00	0.000000e+00	0.000000e+00
-1.413000e+01	-1.410000e+01	0.000000e+00	0.000000e+00	0.000000e+00
-1.410000e+01	-1.407000e+01	0.000000e+00	0.000000e+00	0.000000e+00
-1.407000e+01	-1.404000e+01	0.000000e+00	0.000000e+00	0.000000e+00
-1.404000e+01	-1.401000e+01	0.000000e+00	0.000000e+00	0.000000e+00
-1.401000e+01	-1.398000e+01	0.000000e+00	0.000000e+00	0.000000e+00
-1.398000e+01	-1.395000e+01	0.000000e+00	0.000000e+00	0.000000e+00
-1.395000e+01	-1.392000e+01	0.000000e+00	0.000000e+00	0.000000e+00
-1.392000e+01	-1.389000e+01	0.000000e+00	0.000000e+00	0.000000e+00
-1.389000e+01	-1.386000e+01	0.000000e+00	0.000000e+00	0.000000e+00
-1.386000e+01	-1.383000e+01	0.000000e+00	0.000000e+00	0.000000e+00
-1.383000e+01	-1.380000e+01	0.000000e+00	0.000000e+00	0.000000e+00
-1.380000e+01	-1.377000e+01	0.000000e+00	0.000000e+00	0.000000e+00
-1.377000e+01	-1.374000e+01	0.000000e+00	0.000000e+00	0.000000e+00
-1.374000e+01	-1.371000e+01	0.000000e+00	0.000000e+00	0.000000e+00
-1.371000e+01	-1.368000e+01	0.000000e+00	0.000000e+00	0.000000e+00
-1.368000e+01	-1.365000e+01	0.000000e+00	0.000000e+00	0.000000e+00
-1.365000e+01	-1.362000e+01	0.000000e+00	0.000000e+00	0.000000e+00
-1.362000e+01	-1.359000e+01	0.000000e+00	0.000000e+00	0.000000e+00
-1.359000e+01	-1.356000e+01	0.000000e+00	0.000000e+00	0.000000e+00
-1.356000e+01	-1.353000e+01	0.000000e+00	0.000000e+00	0.000000e+00
-1.353000e+01	-1.350000e+01	0.000000e+00	0.000000e+00	0.000000e+00
-1.350000e+01	-1.347000e+01	0.000000e+00	0.000000e+00	0.000000e+00
-1.347000e+01	-1.344000e+01	0.000000e+00	0.000000e+00	0.000000e+00
-1.344000e+01	-1.341000e+01	0.000000e+00	0.000000e+00	0.000000e+00
-1.341000e+01	-1.338000e+01	0.000000e+00	0.000000e+00	0.000000e+00
-1.338000e+01	-1.335000e+01	0.000000e+00	0.000000e+00	0.000000e+00
-1.335000e+01	-1.332000e+01	0.000000e+00	0.000000e+00	0.000000e+00
-1.332000e+01	-1.329000e+01	0.000000e+00	0.000000e+00	0.000000e+00
-1.329000e+01	-1.326000e+01	0.000000e+00	0.000000e+00	0.000000e+00
-1.326000e+01	-1.323000e+01	0.000000e+00	0.000000e+00	0.000000e+00
-1.323000e+01	-1.320000e+01	0.000000e+00	0.000000e+00	0.000000e+00
-1.320000e+01	-1.317000e+01	0.000000e+00	0.000000e+00	0.000000e+00
-1.317000e+01	-1.314000e+01	0.000000e+00	0.000000e+00	0.000000e+00
-1.314000e+01	-1.311000e+01	0.000000e+00	0.000000e+00	0.000000e+00
-1.311000e+01	-1.308000e+01	0.000000e+00	0.000000e+00	0.000000e+00
-1.308000e+01	-1.305000e+01	0.000000e+00	0.000000e+00	0.000000e+00
-1.305000e+01	-1.302000e+01	0.000000e+00	0.000000e+00	0.000000e+00
-1.302000e+01	-1.299000e+01	0.000000e+00	0.000000e+00	0.000000e+00
-1.299000e+01	-1.296000e+01	0.000000e+00	0.000000e+00	0.000000e+00
-1.296000e+01	-1.293000e+01	0.000000e+00	0.000000e+00	0.000000e+00
-1.293000e+01	-1.290000e+01	0.000000e+00	0.000000e+00	0.000000e+00
-1.290000e+01	-1.287000e+01	0.000000e+00	0.000000e+00	0.000000e+00
-1.287000e+01	-1.284000e+01	0.000000e+00	0.000000e+00	0.000000e+00
-1.284000e+01	-1.281000e+01	0.000000e+00	0.000000e+00	0.000000e+00
-1.281000e+01	-1.278000e+01	0.000000e+00	0.000000e+00	0.000000e+00
-1.278000e+01	-1.275000e+01	0.000000e+00	0.000000e+00	0.000000e+00
-1.275000e+01	-1.272000e+01	0.000000e+00	0.000000e+00	0.000000e+00
-1.272000e+01	-1.269000e+01	0.000000e+00	0.000000e+00	0.000000e+00
-1.269000e+01	-1.266000e+01	0.000000e+00	0.000000e+00	0.000000e+00
-1.266000e+01	-1.263000e+01	0.000000e+00	0.000000e+00	0.000000e+00
-1.263000e+01	-1.260000e+01	0.000000e+00	0.000000e+00	0.000000e+00
-1.260000e+01	-1.257000e+01	0.000000e+00	0.000000e+00	0.000000e+00
-1.257000e+01	-1.254000e+01	0.000000e+00	0.000000e+00	0.000000e+00
-1.254000e+01	-1.251000e+01	0.000000e+00	0.000000e+00	0.000000e+00
-1.251000e+01	-1.248000e+01	0.000000e+00	0.000000e+00	0.000000e+00
-1.248000e+01	-1.245000e+01	0.000000e+00	0.000000e+00	0.000000e+00
-1.245000e+01	-1.242000e+01	0.000000e+00	0.000000e+00	0.000000e+00
-1.242000e+01	-1.239000e+01	0.000000e+00	0.000000e+00	0.000000e+00
-1.239000e+01	-1.236000e+01	0.000000e+00	0.000000e+00	0.000000e+00
-1.236000e+01	-1.233000e+01	0.000000e+00	0.000000e+00	0.000000e+00
-1.233000e+01	-1.230000e+01	0.000000e+00	0.000000e+00	0.000000e+00
-1.230000e+01	-1.227000e+01	0.000000e+00	0.000000e+00	0.000000e+00
-1.227000e+01	-1.224000e+01	0.000000e+00	0.000000e+00	0.000000e+00
-1.224000e+01	-1.221000e+01	0.000000e+00	0.000000e+00	0.000000e+00
-1.221000e+01	-1.218000e+01	0.000000e+00	0.000000e+00	0.000000e+00
-1.218000e+01	-1.215000e+01	0.000000e+00	0.000000e+00	0.000000e+00
-1.215000e+01	-1.212000e+01	0.000000e+00	0.000000e+00	0.000000e+00
-1.212000e+01	-1.209000e+01	0.000000e+00	0.000000e+00	0.000000e+00
-1.209000e+01	-1.206000e+01	0.000000e+00	0.000000e+00	0.000000e+00
-1.206000e+01	-1.203000e+01	0.000000e+00	0.000000e+00	0.000000e+00
-1.203000e+01	-1.200000e+01	0.000000e+00	0.000000e+00	0.000000e+00
-1.200000e+01	-1.197000e+01	0.000000e+00	0.000000e+00	0.000000e+00
-1.197000e+01	-1.194000e+01	0.000000e+00	0.000000e+00	0.000000e+00
-1.194000e+01	-1.191000e+01	0.000000e+00	0.000000e+00	0.000000e+00
-1.191000e+01	-1.188000e+01	0.000000e+00	0.000000e+00	0.000000e+00
-1.188000e+01	-1.185000e+01	0.000000e+00	0.000000e+00	0.000000e+00
-1.185000e+01	-1.182000e+01	0.000000e+00	0.000000e+00	0.000000e+00
-1.182000e+01	-1.179000e+01	0.000000e+00	0.000000e+00	0.000000e+00
-1.179000e+01	-1.176000e+01	0.000000e+00	0.000000e+00	0.000000e+00
-1.176000e+01	-1.173000e+01	0.000000e+00	0.000000e+00	0.000000e+00
-1.173000e+01	-1.170000e+01	0.000000e+00	0.000000e+00	0.000000e+00
-1.170000e+01	-1.167000e+01	0.000000e+00	0.000000e+00	0.000000e+00
-1.167000e+01	-1.164000e+01	0.000000e+00	0.000000e+00	0.000000e+00
-1.164000e+01	-1.161000e+01	0.000000e+00	0.000000e+00	0.000000e+00
-1.161000e+01	-1.158000e+01	0.000000e+00	0.000000e+00	0.000000e+00
-1.158000e+01	-1.155000e+01	0.000000e+00	0.000000e+00	0.000000e+00
-1.155000e+01	-1.152000e+01	0.000000e+00	0.000000e+00	0.000000e+00
-1.152000e+01	-1.149000e+01	0.000000e+00	0.000000e+00	0.000000e+00
-1.149000e+01	-1.146000e+01	0.000000e+00	0.000000e+00	0.000000e+00
-1.146000e+01	-1.143000e+01	0.000000e+00	0.000000e+00	0.000000e+00
-1.143000e+01	-1.140000e+01	0.000000e+00	0.000000e+00	0.000000e+00
-1.140000e+01	-1.137000e+01	0.000000e+00	0.000000e+00	0.000000e+00
-1.137000e+01	-1.134000e+01	0.000000e+00	0.000000e+00	0.000000e+00
-1.134000e+01	-1.131000e+01	0.000000e+00	0.000000e+00	0.000000e+00
-1.131000e+01	-1.128000e+01	0.000000e+00	0.000000e+00	0.000000e+00
-1.128000e+01	-1.125000e+01	0.000000e+00	0.000000e+00	0.000000e+00
-1.125000e+01	-1.122000e+01	0.000000e+00	0.000000e+00	0.000000e+00
-1.122000e+01	-1.119000e+01	0.000000e+00	0.000000e+00	0.000000e+00
-1.119000e+01	-1.116000e+01	0.000000e+00	0.000000e+00	0.000000e+00
-1.116000e+01	-1.113000e+01	0.000000e+00	0.000000e+00	0.000000e+00
-1.113000e+01	-1.110000e+01	0.000000e+00	0.000000e+00	0.000000e+00
-1.110000e+01	-1.107000e+01	0.000000e+00	0.000000e+00	0.000000e+00
-1.107000e+01	-1.104000e+01	0.000000e+00	0.000000e+00	0.000000e+00
-1.104000e+01	-1.101000e+01	0.000000e+00	0.000000e+00	0.000000e+00
-1.101000e+01	-1.098000e+01	0.000000e+00	0.000000e+00	0.000000e+00
-1.098000e+01	-1.095000e+01	0.000000e+00	0.000000e+00	0.000000e+00
-1.095000e+01	-1.092000e+01	0.000000e+00	0.000000e+00	0.000000e+00
-1.092000e+01	-1.089000e+01	0.000000e+00	0.000000e+00	0.000000e+00
-1.089000e+01	-1.086000e+01	0.000000e+00	0.000000e+00	0.000000e+00
-1.086000e+01	-1.083000e+01	0.000000e+00	0.000000e+00	0.000000e+00
-1.083000e+01	-1.080000e+01	0.000000e+00	0.000000e+00	0.000000e+00
-1.080000e+01	-1.077000e+01	0.000000e+00	0.000000e+00	0.000000e+00
-1.077000e+01	-1.074000e+01	0.000000e+00	0.000000e+00	0.000000e+00
-1.074000e+01	-1.071000e+01	0.000000e+00	0.000000e+00	0.000000e+00
-1.071000e+01	-1.068000e+01	0.000000e+00	0.000000e+00	0.000000e+00
-1.068000e+01	-1.065000e+01	0.000000e+00	0.000000e+00	0.000000e+00
-1.065000e+01	-1.062000e+01	0.000000e+00	0.000000e+00	0.000000e+00
-1.062000e+01	-1.059000e+01	0.000000e+00	0.000000e+00	0.000000e+00
-1.059000e+01	-1.056000e+01	0.000000e+00	0.000000e+00	0.000000e+00
-1.056000e+01	-1.053000e+01	0.000000e+00	0.000000e+00	0.000000e+00
-1.053000e+01	-1.050000e+01	0.000000e+00	0.000000e+00	0.000000e+00
-1.050000e+01	-1.047000e+01	0.000000e+00	0.000000e+00	0.000000e+00
-1.047000e+01	-1.044000e+01	0.000000e+00	0.000000e+00	0.000000e+00
-1.044000e+01	-1.041000e+01	0.000000e+00	0.000000e+00	0.000000e+00
-1.041000e+01	-1.038000e+01	0.000000e+00	0.000000e+00	0.000000e+00
-1.038000e+01	-1.035000e+01	0.000000e+00	0.000000e+00	0.000000e+00
-1.035000e+01	-1.032000e+01	0.000000e+00	0.000000e+00	0.000000e+00
-1.032000e+01	-1.029000e+01	0.000000e+00	0.000000e+00	0.000000e+00
-1.029000e+01	-1.026000e+01	0.000000e+00	0.000000e+00	0.000000e+00
-1.026000e+01	-1.023000e+01	0.000000e+00	0.000000e+00	0.000000e+00
-1.023000e+01	-1.020000e+01	0.000000e+00	0.000000e+00	0.000000e+00
-1.020000e+01	-1.017000e+01	0.000000e+00	0.000000e+00	0.000000e+00
-1.017000e+01	-1.014000e+01	0.000000e+00	0.000000e+00	0.000000e+00
-1.014000e+01	-1.011000e+01	0.000000e+00	0.000000e+00	0.000000e+00
-1.011000e+01	-1.008000e+01	0.000000e+00	0.000000e+00	0.000000e+00
-1.008000e+01	-1.005000e+01	0.000000e+00	0.000000e+00	0.000000e+00
-1.005000e+01	-1.002000e+01	0.000000e+00	0.000000e+00	0.000000e+00
-1.002000e+01	-9.990000e+00	0.000000e+00	0.000000e+00	0.000000e+00
-9.990000e+00	-9.960000e+00	0.000000e+00	0.000000e+00	0.000000e+00
-9.960000e+00	-9.930000e+00	0.000000e+00	0.000000e+00	0.000000e+00
-9.930000e+00	-9.900000e+00	0.000000e+00	0.000000e+00	0.000000e+00
-9.900000e+00	-9.870000e+00	0.000000e+00	0.000000e+00	0.000000e+00
-9.870000e+00	-9.840000e+00	0.000000e+00	0.000000e+00	0.000000e+00
-9.840000e+00	-9.810000e+00	0.000000e+00	0.000000e+00	0.000000e+00
-9.810000e+00	-9.780000e+00	0.000000e+00	0.000000e+00	0.000000e+00
-9.780000e+00	-9.750000e+00	0.000000e+00	0.000000e+00	0.000000e+00
-9.750000e+00	-9.720000e+00	0.000000e+00	0.000000e+00	0.000000e+00
-9.720000e+00	-9.690000e+00	0.000000e+00	0.000000e+00	0.000000e+00
-9.690000e+00	-9.660000e+00	0.000000e+00	0.000000e+00	0.000000e+00
-9.660000e+00	-9.630000e+00	0.000000e+00	0.000000e+00	0.000000e+00
-9.630000e+00	-9.600000e+00	0.000000e+00	0.000000e+00	0.000000e+00
-9.600000e+00	-9.570000e+00	0.000000e+00	0.000000e+00	0.000000e+00
-9.570000e+00	-9.540000e+00	0.000000e+00	0.000000e+00	0.000000e+00
-9.540000e+00	-9.510000e+00	0.000000e+00	0.000000e+00	0.000000e+00
-9.510000e+00	-9.480000e+00	0.000000e+00	0.000000e+00	0.000000e+00
-9.480000e+00	-9.450000e+00	0.000000e+00	0.000000e+00	0.000000e+00
-9.450000e+00	-9.420000e+00	0.000000e+00	0.000000e+00	0.000000e+00
-9.420000e+00	-9.390000e+00	0.000000e+00	0.000000e+00	0.000000e+00
-9.390000e+00	-9.360000e+00	0.000000e+00	0.000000e+00	0.000000e+00
-9.360000e+00	-9.330000e+00	0.000000e+00	0.000000e+00	0.000000e+00
-9.330000e+00	-9.300000e+00	0.000000e+00	0.000000e+00	0.000000e+00
-9.300000e+00	-9.270000e+00	0.000000e+00	0.000000e+00	0.000000e+00
-9.270000e+00	-9.240000e+00	0.000000e+00	0.000000e+00	0.000000e+00
-9.240000e+00	-9.210000e+00	0.000000e+00	0.000000e+00	0.000000e+00
-9.210000e+00	-9.180000e+00	0.000000e+00	0.000000e+00	0.000000e+00
-9.180000e+00	-9.150000e+00	0.000000e+00	0.000000e+00	0.000000e+00
-9.150000e+00	-9.120000e+00	0.000000e+00	0.000000e+00	0.000000e+00
-9.120000e+00	-9.090000e+00	0.000000e+00	0.000000e+00	0.000000e+00
-9.090000e+00	-9.060000e+00	0.000000e+00	0.000000e+00	0.000000e+00
-9.060000e+00	-9.030000e+00	0.000000e+00	0.000000e+00	0.000000e+00
-9.030000e+00	-9.000000e+00	0.000000e+00	0.000000e+00	0.000000e+00
-9.000000e+00	-8.970000e+00	0.000000e+00	0.000000e+00	0.000000e+00
-8.970000e+00	-8.940000e+00	0.000000e+00	0.000000e+00	0.000000e+00
-8.940000e+00	-8.910000e+00	0.000000e+00	0.000000e+00	0.000000e+00
-8.910000e+00	-8.880000e+00	0.000000e+00	0.000000e+00	0.000000e+00
-8.880000e+00	-8.850000e+00	0.000000e+00	0.000000e+00	0.000000e+00
-8.850000e+00	-8.820000e+00	0.000000e+00	0.000000e+00	0.000000e+00
-8.820000e+00	-8.790000e+00	0.000000e+00	0.000000e+00	0.000000e+00
-8.790000e+00	-8.760000e+00	0.000000e+00	0.000000e+00	0.000000e+00
-8.760000e+00	-8.730000e+00	0.000000e+00	0.000000e+00	0.000000e+00
-8.730000e+00	-8.700000e+00	0.000000e+00	0.000000e+00	0.000000e+00
-8.700000e+00	-8.670000e+00	0.000000e+00	0.000000e+00	0.000000e+00
-8.670000e+00	-8.640000e+00	0.000000e+00	0.000000e+00	0.000000e+00
-8.640000e+00	-8.610000e+00	0.000000e+00	0.000000e+00	0.000000e+00
-8.610000e+00	-8.580000e+00	0.000000e+00	0.000000e+00	0.000000e+00
-8.580000e+00	-8.550000e+00	0.000000e+00	0.000000e+00	0.000000e+00
-8.550000e+00	-8.520000e+00	0.000000e+00	0.000000e+00	0.000000e+00
-8.520000e+00	-8.490000e+00	0.000000e+00	0.000000e+00	0.000000e+00
-8.490000e+00	-8.460000e+00	0.000000e+00	0.000000e+00	0.000000e+00
-8.460000e+00	-8.430000e+00	0.000000e+00	0.000000e+00	0.000000e+00
-8.430000e+00	-8.400000e+00	0.000000e+00	0.000000e+00	0.000000e+00
-8.400000e+00	-8.370000e+00	0.000000e+00	0.000000e+00	0.000000e+00
-8.370000e+00	-8.340000e+00	0.000000e+00	0.000000e+00	0.000000e+00
-8.340000e+00	-8.310000e+00	0.000000e+00	0.000000e+00	0.000000e+00
-8.310000e+00	-8.280000e+00	0.000000e+00	0.000000e+00	0.000000e+00
-8.280000e+00	-8.250000e+00	0.000000e+00	0.000000e+00	0.000000e+00
-8.250000e+00	-8.220000e+00	0.000000e+00	0.000000e+00	0.000000e+00
-8.220000e+00	-8.190000e+00	0.000000e+00	0.000000e+00	0.000000e+00
-8.190000e+00	-8.160000e+00	0.000000e+00	0.000000e+00	0.000000e+00
-8.160000e+00	-8.130000e+00	0.000000e+00	0.000000e+00	0.000000e+00
-8.130000e+00	-8.100000e+00	0.000000e+00	0.000000e+00	0.000000e+00
-8.100000e+00	-8.070000e+00	0.000000e+00	0.000000e+00	0.000000e+00
-8.070000e+00	-8.040000e+00	0.000000e+00	0.000000e+00	0.000000e+00
-8.040000e+00	-8.010000e+00	0.000000e+00	0.000000e+00	0.000000e+00
-8.010000e+00	-7.980000e+00	0.000000e+00	0.000000e+00	0.000000e+00
-7.980000e+00	-7.950000e+00	0.000000e+00	0.000000e+00	0.000000e+00
-7.950000e+00	-7.920000e+00	0.000000e+00	0.000000e+00	0.000000e+00
-7.920000e+00	-7.890000e+00	0.000000e+00	0.000000e+00	0.000000e+00
-7.890000e+00	-7.860000e+00	0.000000e+00	0.000000e+00	0.000000e+00
-7.860000e+00	-7.830000e+00	0.000000e+00	0.000000e+00	0.000000e+00
-7.830000e+00	-7.800000e+00	0.000000e+00	0.000000e+00	0.000000e+00
-7.800000e+00	-7.770000e+00	0.000000e+00	0.000000e+00	0.000000e+00
-7.770000e+00	-7.740000e+00	0.000000e+00	0.000000e+00	0.000000e+00
-7.740000e+00	-7.710000e+00	0.000000e+00	0.000000e+00	0.000000e+00
-7.710000e+00	-7.680000e+00	0.000000e+00	0.000000e+00	0.000000e+00
-7.680000e+00	-7.650000e+00	0.000000e+00	0.000000e+00	0.000000e+00
-7.650000e+00	-7.620000e+00	0.000000e+00	0.000000e+00	0.000000e+00
-7.620000e+00	-7.590000e+00	0.000000e+00	0.000000e+00	0.000000e+00
-7.590000e+00	-7.560000e+00	0.000000e+00	0.000000e+00	0.000000e+00
-7.560000e+00	-7.530000e+00	0.000000e+00	0.000000e+00	0.000000e+00
-7.530000e+00	-7.500000e+00	0.000000e+00	0.000000e+00	0.000000e+00
-7.500000e+00	-7.470000e+00	0.000000e+00	0.000000e+00	0.000000e+00
-7.470000e+00	-7.440000e+00	0.000000e+00	0.000000e+00	0.000000e+00
-7.440000e+00	-7.410000e+00	0.000000e+00	0.000000e+00	0.000000e+00
-7.410000e+00	-7.380000e+00	0.000000e+00	0.000000e+00	0.000000e+00
-7.380000e+00	-7.350000e+00	0.000000e+00	0.000000e+00	0.000000e+00
-7.350000e+00	-7.320000e+00	0.000000e+00	0.000000e+00	0.000000e+00
-7.320000e+00	-7.290000e+00	0.000000e+00	0.000000e+00	0.000000e+00
-7.290000e+00	-7.260000e+00	0.000000e+00	0.000000e+00	0.000000e+00
-7.260000e+00	-7.230000e+00	0.000000e+00	0.000000e+00	0.000000e+00
-7.230000e+00	-7.200000e+00	0.000000e+00	0.000000e+00	0.000000e+00
-7.200000e+00	-7.170000e+00	0.000000e+00	0.000000e+00	0.000000e+00
-7.170000e+00	-7.140000e+00	0.000000e+00	0.000000e+00	0.000000e+00
-7.140000e+00	-7.110000e+00	0.000000e+00	0.000000e+00	0.000000e+00
-7.110000e+00	-7.080000e+00	0.000000e+00	0.000000e+00	0.000000e+00
-7.080000e+00	-7.050000e+00	0.000000e+00	0.000000e+00	0.000000e+00
-7.050000e+00	-7.020000e+00	0.000000e+00	0.000000e+00	0.000000e+00
-7.020000e+00	-6.990000e+00	0.000000e+00	0.000000e+00	0.000000e+00
-6.990000e+00	-6.960000e+00	0.000000e+00	0.000000e+00	0.000000e+00
-6.960000e+00	-6.930000e+00	0.000000e+00	0.000000e+00	0.000000e+00
-6.930000e+00	-6.900000e+00	0.000000e+00	0.000000e+00	0.000000e+00
-6.900000e+00	-6.870000e+00	0.000000e+00	0.000000e+00	0.000000e+00
-6.870000e+00	-6.840000e+00	0.000000e+00	0.000000e+00	0.000000e+00
-6.840000e+00	-6.810000e+00	0.000000e+00	0.000000e+00	0.000000e+00
-6.810000e+00	-6.780000e+00	0.000000e+00	0.000000e+00	0.000000e+00
-6.780000e+00	-6.750000e+00	0.000000e+00	0.000000e+00	0.000000e+00
-6.750000e+00	-6.720000e+00	0.000000e+00	0.000000e+00	0.000000e+00
-6.720000e+00	-6.690000e+00	0.000000e+00	0.000000e+00	0.000000e+00
-6.690000e+00	-6.660000e+00	0.000000e+00	0.000000e+00	0.000000e+00
-6.660000e+00	-6.630000e+00	0.000000e+00	0.000000e+00	0.000000e+00
-6.630000e+00	-6.600000e+00	0.000000e+00	0.000000e+00	0.000000e+00
-6.600000e+00	-6.570000e+00	0.000000e+00	0.000000e+00	0.000000e+00
-6.570000e+00	-6.540000e+00	0.000000e+00	0.000000e+00	0.000000e+00
-6.540000e+00	-6.510000e+00	0.000000e+00	0.000000e+00	0.000000e+00
-6.510000e+00	-6.480000e+00	0.000000e+00	0.000000e+00	0.000000e+00
-6.480000e+00	-6.450000e+00	0.000000e+00	0.000000e+00	0.000000e+00
-6.450000e+00	-6.420000e+00	0.000000e+00	0.000000e+00	0.000000e+00
-6.420000e+00	-6.390000e+00	0.000000e+00	0.000000e+00	0.000000e+00
-6.390000e+00	-6.360000e+00	0.000000e+00	0.000000e+00	0.000000e+00
-6.360000e+00	-6.330000e+00	0.000000e+00	0.000000e+00	0.000000e+00
-6.330000e+00	-6.300000e+00	0.000000e+00	0.000000e+00	0.000000e+00
-6.300000e+00	-6.270000e+00	0.000000e+00	0.000000e+00	0.000000e+00
-6.270000e+00	-6.240000e+00	0.000000e+00	0.000000e+00	0.000000e+00
-6.240000e+00	-6.210000e+00	0.000000e+00	0.000000e+00	0.000000e+00
-6.210000e+00	-6.180000e+00	0.000000e+00	0.000000e+00	0.000000e+00
-6.180000e+00	-6.150000e+00	0.000000e+00	0.000000e+00	0.000000e+00
-6.150000e+00	-6.120000e+00	0.000000e+00	0.000000e+00	0.000000e+00
-6.120000e+00	-6.090000e+00	0.000000e+00	0.000000e+00	0.000000e+00
-6.090000e+00	-6.060000e+00	0.000000e+00	0.000000e+00	0.000000e+00
-6.060000e+00	-6.030000e+00	0.000000e+00	0.000000e+00	0.000000e+00
-6.030000e+00	-6.000000e+00	0.000000e+00	0.000000e+00	0.000000e+00
-6.000000e+00	-5.970000e+00	0.000000e+00	0.000000e+00	0.000000e+00
-5.970000e+00	-5.940000e+00	0.000000e+00	0.000000e+00	0.000000e+00
-5.940000e+00	-5.910000e+00	0.000000e+00	0.000000e+00	0.000000e+00
-5.910000e+00	-5.880000e+00	0.000000e+00	0.000000e+00	0.000000e+00
-5.880000e+00	-5.850000e+00	0.000000e+00	0.000000e+00	0.000000e+00
-5.850000e+00	-5.820000e+00	0.000000e+00	0.000000e+00	0.000000e+00
-5.820000e+00	-5.790000e+00	0.000000e+00	0.000000e+00	0.000000e+00
-5.790000e+00	-5.760000e+00	0.000000e+00	0.000000e+00	0.000000e+00
-5.760000e+00	-5.730000e+00	0.000000e+00	0.000000e+00	0.000000e+00
-5.730000e+00	-5.700000e+00	0.000000e+00	0.000000e+00	0.000000e+00
-5.700000e+00	-5.670000e+00	0.000000e+00	0.000000e+00	0.000000e+00
-5.670000e+00	-5.640000e+00	0.000000e+00	0.000000e+00	0.000000e+00
-5.640000e+00	-5.610000e+00	0.000000e+00	0.000000e+00	0.000000e+00
-5.610000e+00	-5.580000e+00	0.000000e+00	0.000000e+00	0.000000e+00
-5.580000e+00	-5.550000e+00	0.000000e+00	0.000000e+00	0.000000e+00
-5.550000e+00	-5.520000e+00	0.000000e+00	0.000000e+00	0.000000e+00
-5.520000e+00	-5.490000e+00	0.000000e+00	0.000000e+00	0.000000e+00
-5.490000e+00	-5.460000e+00	0.000000e+00	0.000000e+00	0.000000e+00
-5.460000e+00	-5.430000e+00	0.000000e+00	0.000000e+00	0.000000e+00
-5.430000e+00	-5.400000e+00	0.000000e+00	0.000000e+00	0.000000e+00
-5.400000e+00	-5.370000e+00	0.000000e+00	0.000000e+00	0.000000e+00
-5.370000e+00	-5.340000e+00	0.000000e+00	0.000000e+00	0.000000e+00
-5.340000e+00	-5.310000e+00	0.000000e+00	0.000000e+00	0.000000e+00
-5.310000e+00	-5.280000e+00	5.555557e+00	5.555556e+00	5.555556e+00
-5.280000e+00	-5.250000e+00	0.000000e+00	0.000000e+00	0.000000e+00
-5.250000e+00	-5.220000e+00	0.000000e+00	0.000000e+00	0.000000e+00
-5.220000e+00	-5.190000e+00	0.000000e+00	0.000000e+00	0.000000e+00
-5.190000e+00	-5.160000e+00	0.000000e+00	0.000000e+00	0.000000e+00
-5.160000e+00	-5.130000e+00	0.000000e+00	0.000000e+00	0.000000e+00
-5.130000e+00	-5.100000e+00	0.000000e+00	0.000000e+00	0.000000e+00
-5.100000e+00	-5.070000e+00	0.000000e+00	0.000000e+00	0.000000e+00
-5.070000e+00	-5.040000e+00	0.000000e+00	0.000000e+00	0.000000e+00
-5.040000e+00	-5.010000e+00	0.000000e+00	0.000000e+00	0.000000e+00
-5.010000e+00	-4.980000e+00	0.000000e+00	0.000000e+00	0.000000e+00
-4.980000e+00	-4.950000e+00	0.000000e+00	0.000000e+00	0.000000e+00
-4.950000e+00	-4.920000e+00	0.000000e+00	0.000000e+00	0.000000e+00
-4.920000e+00	-4.890000e+00	0.000000e+00	0.000000e+00	0.000000e+00
-4.890000e+00	-4.860000e+00	0.000000e+00	0.000000e+00	0.000000e+00
-4.860000e+00	-4.830000e+00	0.000000e+00	0.000000e+00	0.000000e+00
-4.830000e+00	-4.800000e+00	0.000000e+00	0.000000e+00	0.000000e+00
-4.800000e+00	-4.770000e+00	0.000000e+00	0.000000e+00	0.000000e+00
-4.770000e+00	-4.740000e+00	0.000000e+00	0.000000e+00	0.000000e+00
-4.740000e+00	-4.710000e+00	0.000000e+00	0.000000e+00	0.000000e+00
-4.710000e+00	-4.680000e+00	0.000000e+00	0.000000e+00	0.000000e+00
-4.680000e+00	-4.650000e+00	0.000000e+00	0.000000e+00	0.000000e+00
-4.650000e+00	-4.620000e+00	0.000000e+00	0.000000e+00	0.000000e+00
-4.620000e+00	-4.590000e+00	0.000000e+00	0.000000e+00	0.000000e+00
-4.590000e+00	-4.560000e+00	0.000000e+00	0.000000e+00	0.000000e+00
-4.560000e+00	-4.530000e+00	0.000000e+00	0.000000e+00	0.000000e+00
-4.530000e+00	-4.500000e+00	0.000000e+00	0.000000e+00	0.000000e+00
-4.500000e+00	-4.470000e+00	0.000000e+00	0.000000e+00	0.000000e+00
-4.470000e+00	-4.440000e+00	0.000000e+00	0.000000e+00	0.000000e+00
-4.440000e+00	-4.410000e+00	0.000000e+00	0.000000e+00	0.000000e+00
-4.410000e+00	-4.380000e+00	0.000000e+00	0.000000e+00	0.000000e+00
-4.380000e+00	-4.350000e+00	5.555557e+00	5.555556e+00	5.555556e+00
-4.350000e+00	-4.320000e+00	0.000000e+00	0.000000e+00	0.000000e+00
-4.320000e+00	-4.290000e+00	0.000000e+00	0.000000e+00	0.000000e+00
-4.290000e+00	-4.260000e+00	0.000000e+00	0.000000e+00	0.000000e+00
-4.260000e+00	-4.230000e+00	0.000000e+00	0.000000e+00	0.000000e+00
-4.230000e+00	-4.200000e+00	0.000000e+00	0.000000e+00	0.000000e+00
-4.200000e+00	-4.170000e+00	0.000000e+00	0.000000e+00	0.000000e+00
-4.170000e+00	-4.140000e+00	0.000000e+00	0.000000e+00	0.000000e+00
-4.140000e+00	-4.110000e+00	0.000000e+00	0.000000e+00	0.000000e+00
-4.110000e+00	-4.080000e+00	0.000000e+00	0.000000e+00	0.000000e+00
-4.080000e+00	-4.050000e+00	0.000000e+00	0.000000e+00	0.000000e+00
-4.050000e+00	-4.020000e+00	0.000000e+00	0.000000e+00	0.000000e+00
-4.020000e+00	-3.990000e+00	0.000000e+00	0.000000e+00	0.000000e+00
-3.990000e+00	-3.960000e+00	0.000000e+00	0.000000e+00	0.000000e+00
-3.960000e+00	-3.930000e+00	0.000000e+00	0.000000e+00	0.000000e+00
-3.930000e+00	-3.900000e+00	0.000000e+00	0.000000e+00	0.000000e+00
-3.900000e+00	-3.870000e+00	0.000000e+00	0.000000e+00	0.000000e+00
-3.870000e+00	-3.840000e+00	0.000000e+00	0.000000e+00	0.000000e+00
-3.840000e+00	-3.810000e+00	0.000000e+00	0.000000e+00	0.000000e+00
-3.810000e+00	-3.780000e+00	0.000000e+00	0.000000e+00	0.000000e+00
-3.780000e+00	-3.750000e+00	0.000000e+00	0.000000e+00	0.000000e+00
-3.750000e+00	-3.720000e+00	0.000000e+00	0.000000e+00	0.000000e+00
-3.720000e+00	-3.690000e+00	0.000000e+00	0.000000e+00	0.000000e+00
-3.690000e+00	-3.660000e+00	0.000000e+00	0.000000e+00	0.000000e+00
-3.660000e+00	-3.630000e+00	0.000000e+00	0.000000e+00	0.000000e+00
-3.630000e+00	-3.600000e+00	0.000000e+00	0.000000e+00	0.000000e+00
-3.600000e+00	-3.570000e+00	0.000000e+00	0.000000e+00	0.000000e+00
-3.570000e+00	-3.540000e+00	0.000000e+00	0.000000e+00	0.000000e+00
-3.540000e+00	-3.510000e+00	0.000000e+00	0.000000e+00	0.000000e+00
-3.510000e+00	-3.480000e+00	0.000000e+00	0.000000e+00	0.000000e+00
-3.480000e+00	-3.450000e+00	0.000000e+00	0.000000e+00	0.000000e+00
-3.450000e+00	-3.420000e+00	0.000000e+00	0.000000e+00	0.000000e+00
-3.420000e+00	-3.390000e+00	0.000000e+00	0.000000e+00	0.000000e+00
-3.390000e+00	-3.360000e+00	0.000000e+00	0.000000e+00	0.000000e+00
-3.360000e+00	-3.330000e+00	0.000000e+00	0.000000e+00	0.000000e+00
-3.330000e+00	-3.300000e+00	0.000000e+00	0.000000e+00	0.000000e+00
-3.300000e+00	-3.270000e+00	0.000000e+00	0.000000e+00	0.000000e+00
-3.270000e+00	-3.240000e+00	0.000000e+00	0.000000e+00	0.000000e+00
-3.240000e+00	-3.210000e+00	0.000000e+00	0.000000e+00	0.000000e+00
-3.210000e+00	-3.180000e+00	0.000000e+00	0.000000e+00	0.000000e+00
-3.180000e+00	-3.150000e+00	0.000000e+00	0.000000e+00	0.000000e+00
-3.150000e+00	-3.120000e+00	0.000000e+00	0.000000e+00	0.000000e+00
-3.120000e+00	-3.090000e+00	0.000000e+00	0.000000e+00	0.000000e+00
-3.090000e+00	-3.060000e+00	5.555557e+00	5.555556e+00	5.555556e+00
-3.060000e+00	-3.030000e+00	0.000000e+00	0.000000e+00	0.000000e+00
-3.030000e+00	-3.000000e+00	0.000000e+00	0.000000e+00	0.000000e+00
-3.000000e+00	-2.970000e+00	0.000000e+00	0.000000e+00	0.000000e+00
-2.970000e+00	-2.940000e+00	0.000000e+00	0.000000e+00	0.000000e+00
-2.940000e+00	-2.910000e+00	0.000000e+00	0.000000e+00	0.000000e+00
-2.910000e+00	-2.880000e+00	0.000000e+00	0.000000e+00	0.000000e+00
-2.880000e+00	-2.850000e+00	0.000000e+00	0.000000e+00	0.000000e+00
-2.850000e+00	-2.820000e+00	0.000000e+00	0.000000e+00	0.000000e+00
-2.820000e+00	-2.790000e+00	0.000000e+00	0.000000e+00	0.000000e+00
-2.790000e+00	-2.760000e+00	0.000000e+00	0.000000e+00	0.000000e+00
-2.760000e+00	-2.730000e+00	0.000000e+00	0.000000e+00	0.000000e+00
-2.730000e+00	-2.700000e+00	0.000000e+00	0.000000e+00	0.000000e+00
-2.700000e+00	-2.670000e+00	0.000000e+00	0.000000e+00	0.000000e+00
-2.670000e+00	-2.640000e+00	0.000000e+00	0.000000e+00	0.000000e+00
-2.640000e+00	-2.610000e+00	0.000000e+00	0.000000e+00	0.000000e+00
-2.610000e+00	-2.580000e+00	0.000000e+00	0.000000e+00	0.000000e+00
-2.580000e+00	-2.550000e+00	0.000000e+00	0.000000e+00	0.000000e+00
-2.550000e+00	-2.520000e+00	0.000000e+00	0.000000e+00	0.000000e+00
-2.520000e+00	-2.490000e+00	0.000000e+00	0.000000e+00	0.000000e+00
-2.490000e+00	-2.460000e+00	0.000000e+00	0.000000e+00	0.000000e+00
-2.460000e+00	-2.430000e+00	0.000000e+00	0.000000e+00	0.000000e+00
-2.430000e+00	-2.400000e+00	0.000000e+00	0.000000e+00	0.000000e+00
-2.400000e+00	-2.370000e+00	0.000000e+00	0.000000e+00	0.000000e+00
-2.370000e+00	-2.340000e+00	0.000000e+00	0.000000e+00	0.000000e+00
-2.340000e+00	-2.310000e+00	0.000000e+00	0.000000e+00	0.000000e+00
-2.310000e+00	-2.280000e+00	0.000000e+00	0.000000e+00	0.000000e+00
-2.280000e+00	-2.250000e+00	0.000000e+00	0.000000e+00	0.000000e+00
-2.250000e+00	-2.220000e+00	0.000000e+00	0.000000e+00	0.000000e+00
-2.220000e+00	-2.190000e+00	0.000000e+00	0.000000e+00	0.000000e+00
-2.190000e+00	-2.160000e+00	0.000000e+00	0.000000e+00	0.000000e+00
-2.160000e+00	-2.130000e+00	5.555557e+00	5.555556e+00	5.555556e+00
-2.130000e+00	-2.100000e+00	0.000000e+00	0.000000e+00	0.000000e+00
-2.100000e+00	-2.070000e+00	0.000000e+00	0.000000e+00	0.000000e+00
-2.070000e+00	-2.040000e+00	5.555557e+00	5.555556e+00	5.555556e+00
-2.040000e+00	-2.010000e+00	0.000000e+00	0.000000e+00	0.000000e+00
-2.010000e+00	-1.980000e+00	0.000000e+00	0.000000e+00	0.000000e+00
-1.980000e+00	-1.950000e+00	0.000000e+00	0.000000e+00	0.000000e+00
-1.950000e+00	-1.920000e+00	0.000000e+00	0.000000e+00	0.000000e+00
-1.920000e+00	-1.890000e+00	0.000000e+00	0.000000e+00	0.000000e+00
-1.890000e+00	-1.860000e+00	0.000000e+00	0.000000e+00	0.000000e+00
-1.860000e+00	-1.830000e+00	0.000000e+00	0.000000e+00	0.000000e+00
-1.830000e+00	-1.800000e+00	0.000000e+00	0.000000e+00	0.000000e+00
-1.800000e+00	-1.770000e+00	0.000000e+00	0.000000e+00	0.000000e+00
-1.770000e+00	-1.740000e+00	0.000000e+00	0.000000e+00	0.000000e+00
-1.740000e+00	-1.710000e+00	0.000000e+00	0.000000e+00	0.000000e+00
-1.710000e+00	-1.680000e+00	0.000000e+00	0.000000e+00	0.000000e+00
-1.680000e+00	-1.650000e+00	0.000000e+00	0.000000e+00	0.000000e+00
-1.650000e+00	-1.620000e+00	0.000000e+00	0.000000e+00	0.000000e+00
-1.620000e+00	-1.590000e+00	0.000000e+00	0.000000e+00	0.000000e+00
-1.590000e+00	-1.560000e+00	0.000000e+00	0.000000e+00	0.000000e+00
-1.560000e+00	-1.530000e+00	0.000000e+00	0.000000e+00	0.000000e+00
-1.530000e+00	-1.500000e+00	0.000000e+00	0.000000e+00	0.000000e+00
-1.500000e+00	-1.470000e+00	0.000000e+00	0.000000e+00	0.000000e+00
-1.470000e+00	-1.440000e+00	5.555557e+00	5.555556e+00	5.555556e+00
-1.440000e+00	-1.410000e+00	0.000000e+00	0.000000e+00	0.000000e+00
-1.410000e+00	-1.380000e+00	0.000000e+00	0.000000e+00	0.000000e+00
-1.380000e+00	-1.350000e+00	0.000000e+00	0.000000e+00	0.000000e+00
-1.350000e+00	-1.320000e+00	0.000000e+00	0.000000e+00	0.000000e+00
-1.320000e+00	-1.290000e+00	0.000000e+00	0.000000e+00	0.000000e+00
-1.290000e+00	-1.260000e+00	0.000000e+00	0.000000e+00	0.000000e+00
-1.260000e+00	-1.230000e+00	0.000000e+00	0.000000e+00	0.000000e+00
-1.230000e+00	-1.200000e+00	0.000000e+00	0.000000e+00	0.000000e+00
-1.200000e+00	-1.170000e+00	0.000000e+00	0.000000e+00	0.000000e+00
-1.170000e+00	-1.140000e+00	0.000000e+00	0.000000e+00	0.000000e+00
-1.140000e+00	-1.110000e+00	0.000000e+00	0.000000e+00	0.000000e+00
-1.110000e+00	-1.080000e+00	0.000000e+00	0.000000e+00	0.000000e+00
-1.080000e+00	-1.050000e+00	0.000000e+00	0.000000e+00	0.000000e+00
-1.050000e+00	-1.020000e+00	0.000000e+00	0.000000e+00	0.000000e+00
-1.020000e+00	-9.900000e-01	0.000000e+00	0.000000e+00	0.000000e+00
-9.900000e-01	-9.600000e-01	0.000000e+00	0.000000e+00	0.000000e+00
-9.600000e-01	-9.300000e-01	0.000000e+00	0.000000e+00	0.000000e+00
-9.300000e-01	-9.000000e-01	0.000000e+00	0.000000e+00	0.000000e+00
-9.000000e-01	-8.700000e-01	0.000000e+00	0.000000e+00	0.000000e+00
-8.700000e-01	-8.400000e-01	0.000000e+00	0.000000e+00	0.000000e+00
-8.400000e-01	-8.100000e-01	0.000000e+00	0.000000e+00	0.000000e+00
-8.100000e-01	-7.800000e-01	0.000000e+00	0.000000e+00	0.000000e+00
-7.800000e-01	-7.500000e-01	0.000000e+00	0.000000e+00	0.000000e+00
-7.500000e-01	-7.200000e-01	0.000000e+00	0.000000e+00	0.000000e+00
-7.200000e-01	-6.900000e-01	0.000000e+00	0.000000e+00	0.000000e+00
-6.900000e-01	-6.600000e-01	0.000000e+00	0.000000e+00	0.000000e+00
-6.600000e-01	-6.300000e-01	0.000000e+00	0.000000e+00	0.000000e+00
-6.300000e-01	-6.000000e-01	0.000000e+00	0.000000e+00	0.000000e+00
-6.000000e-01	-5.700000e-01	0.000000e+00	0.000000e+00	0.000000e+00
-5.700000e-01	-5.400000e-01	0.000000e+00	0.000000e+00	0.000000e+00
-5.400000e-01	-5.100000e-01	0.000000e+00	0.000000e+00	0.000000e+00
-5.100000e-01	-4.800000e-01	0.000000e+00	0.000000e+00	0.000000e+00
-4.800000e-01	-4.500000e-01	0.000000e+00	0.000000e+00	0.000000e+00
-4.500000e-01	-4.200000e-01	0.000000e+00	0.000000e+00	0.000000e+00
-4.200000e-01	-3.900000e-01	0.000000e+00	0.000000e+00	0.000000e+00
-3.900000e-01	-3.600000e-01	0.000000e+00	0.000000e+00	0.000000e+00
-3.600000e-01	-3.300000e-01	0.000000e+00	0.000000e+00	0.000000e+00
-3.300000e-01	-3.000000e-01	0.000000e+00	0.000000e+00	0.000000e+00
-3.000000e-01	-2.700000e-01	0.000000e+00	0.000000e+00	0.000000e+00
-2.700000e-01	-2.400000e-01	0.000000e+00	0.000000e+00	0.000000e+00
-2.400000e-01	-2.100000e-01	0.000000e+00	0.000000e+00	0.000000e+00
-2.100000e-01	-1.800000e-01	0.000000e+00	0.000000e+00	0.000000e+00
-1.800000e-01	-1.500000e-01	0.000000e+00	0.000000e+00	0.000000e+00
-1.500000e-01	-1.200000e-01	0.000000e+00	0.000000e+00	0.000000e+00
-1.200000e-01	-9.000000e-02	0.000000e+00	0.000000e+00	0.000000e+00
-9.000000e-02	-6.000000e-02	0.000000e+00	0.000000e+00	0.000000e+00
-6.000000e-02	-3.000000e-02	0.000000e+00	0.000000e+00	0.000000e+00
-3.000000e-02	0.000000e+00	0.000000e+00	0.000000e+00	0.000000e+00
# END HISTO1D

