# BEGIN PLOT
LegendOnly=//afs/cern.ch/user/d/dkar/lh2015-qg/Vincia-2001/lhc/hadron/zjet.yoda/MC_LHQG_Zjet/log_GA_00_00_Q400_R10 //afs/cern.ch/user/d/dkar/lh2015-qg/Vincia-2001/lhc/hadron/zjet_born.yoda/MC_LHQG_Zjet/log_GA_00_00_Q400_R10
DrawOnly=//afs/cern.ch/user/d/dkar/lh2015-qg/Vincia-2001/lhc/hadron/zjet.yoda/MC_LHQG_Zjet/log_GA_00_00_Q400_R10 //afs/cern.ch/user/d/dkar/lh2015-qg/Vincia-2001/lhc/hadron/zjet_born.yoda/MC_LHQG_Zjet/log_GA_00_00_Q400_R10
RatioPlotReference=//afs/cern.ch/user/d/dkar/lh2015-qg/Vincia-2001/lhc/hadron/zjet.yoda/MC_LHQG_Zjet/log_GA_00_00_Q400_R10
RatioPlot=1
LogY=1
RatioPlotYLabel=Ratio
Legend=1
# END PLOT

# BEGIN HISTO1D //afs/cern.ch/user/d/dkar/lh2015-qg/Vincia-2001/lhc/hadron/zjet.yoda/MC_LHQG_Zjet/log_GA_00_00_Q400_R10
LineColor=red
LineStyle=solid
Path=//afs/cern.ch/user/d/dkar/lh2015-qg/Vincia-2001/lhc/hadron/zjet.yoda/MC_LHQG_Zjet/log_GA_00_00_Q400_R10
ScaledBy=3535.8499471178611
Title=zjet
XLabel=
YLabel=
# xlow	 xhigh	 val	 errminus	 errplus
0.000000e+00	2.000000e-02	0.000000e+00	0.000000e+00	0.000000e+00
2.000000e-02	4.000000e-02	0.000000e+00	0.000000e+00	0.000000e+00
4.000000e-02	6.000000e-02	0.000000e+00	0.000000e+00	0.000000e+00
6.000000e-02	8.000000e-02	0.000000e+00	0.000000e+00	0.000000e+00
8.000000e-02	1.000000e-01	0.000000e+00	0.000000e+00	0.000000e+00
1.000000e-01	1.200000e-01	0.000000e+00	0.000000e+00	0.000000e+00
1.200000e-01	1.400000e-01	0.000000e+00	0.000000e+00	0.000000e+00
1.400000e-01	1.600000e-01	0.000000e+00	0.000000e+00	0.000000e+00
1.600000e-01	1.800000e-01	0.000000e+00	0.000000e+00	0.000000e+00
1.800000e-01	2.000000e-01	0.000000e+00	0.000000e+00	0.000000e+00
2.000000e-01	2.200000e-01	0.000000e+00	0.000000e+00	0.000000e+00
2.200000e-01	2.400000e-01	0.000000e+00	0.000000e+00	0.000000e+00
2.400000e-01	2.600000e-01	0.000000e+00	0.000000e+00	0.000000e+00
2.600000e-01	2.800000e-01	0.000000e+00	0.000000e+00	0.000000e+00
2.800000e-01	3.000000e-01	0.000000e+00	0.000000e+00	0.000000e+00
3.000000e-01	3.200000e-01	0.000000e+00	0.000000e+00	0.000000e+00
3.200000e-01	3.400000e-01	0.000000e+00	0.000000e+00	0.000000e+00
3.400000e-01	3.600000e-01	0.000000e+00	0.000000e+00	0.000000e+00
3.600000e-01	3.800000e-01	0.000000e+00	0.000000e+00	0.000000e+00
3.800000e-01	4.000000e-01	0.000000e+00	0.000000e+00	0.000000e+00
4.000000e-01	4.200000e-01	0.000000e+00	0.000000e+00	0.000000e+00
4.200000e-01	4.400000e-01	0.000000e+00	0.000000e+00	0.000000e+00
4.400000e-01	4.600000e-01	0.000000e+00	0.000000e+00	0.000000e+00
4.600000e-01	4.800000e-01	0.000000e+00	0.000000e+00	0.000000e+00
4.800000e-01	5.000000e-01	0.000000e+00	0.000000e+00	0.000000e+00
5.000000e-01	5.200000e-01	0.000000e+00	0.000000e+00	0.000000e+00
5.200000e-01	5.400000e-01	0.000000e+00	0.000000e+00	0.000000e+00
5.400000e-01	5.600000e-01	0.000000e+00	0.000000e+00	0.000000e+00
5.600000e-01	5.800000e-01	0.000000e+00	0.000000e+00	0.000000e+00
5.800000e-01	6.000000e-01	0.000000e+00	0.000000e+00	0.000000e+00
6.000000e-01	6.200000e-01	0.000000e+00	0.000000e+00	0.000000e+00
6.200000e-01	6.400000e-01	0.000000e+00	0.000000e+00	0.000000e+00
6.400000e-01	6.600000e-01	0.000000e+00	0.000000e+00	0.000000e+00
6.600000e-01	6.800000e-01	0.000000e+00	0.000000e+00	0.000000e+00
6.800000e-01	7.000000e-01	0.000000e+00	0.000000e+00	0.000000e+00
7.000000e-01	7.200000e-01	0.000000e+00	0.000000e+00	0.000000e+00
7.200000e-01	7.400000e-01	0.000000e+00	0.000000e+00	0.000000e+00
7.400000e-01	7.600000e-01	0.000000e+00	0.000000e+00	0.000000e+00
7.600000e-01	7.800000e-01	0.000000e+00	0.000000e+00	0.000000e+00
7.800000e-01	8.000000e-01	0.000000e+00	0.000000e+00	0.000000e+00
8.000000e-01	8.200000e-01	0.000000e+00	0.000000e+00	0.000000e+00
8.200000e-01	8.400000e-01	0.000000e+00	0.000000e+00	0.000000e+00
8.400000e-01	8.600000e-01	0.000000e+00	0.000000e+00	0.000000e+00
8.600000e-01	8.800000e-01	0.000000e+00	0.000000e+00	0.000000e+00
8.800000e-01	9.000000e-01	0.000000e+00	0.000000e+00	0.000000e+00
9.000000e-01	9.200000e-01	0.000000e+00	0.000000e+00	0.000000e+00
9.200000e-01	9.400000e-01	0.000000e+00	0.000000e+00	0.000000e+00
9.400000e-01	9.600000e-01	0.000000e+00	0.000000e+00	0.000000e+00
9.600000e-01	9.800000e-01	0.000000e+00	0.000000e+00	0.000000e+00
9.800000e-01	1.000000e+00	0.000000e+00	0.000000e+00	0.000000e+00
1.000000e+00	1.020000e+00	0.000000e+00	0.000000e+00	0.000000e+00
1.020000e+00	1.040000e+00	0.000000e+00	0.000000e+00	0.000000e+00
1.040000e+00	1.060000e+00	0.000000e+00	0.000000e+00	0.000000e+00
1.060000e+00	1.080000e+00	0.000000e+00	0.000000e+00	0.000000e+00
1.080000e+00	1.100000e+00	0.000000e+00	0.000000e+00	0.000000e+00
1.100000e+00	1.120000e+00	0.000000e+00	0.000000e+00	0.000000e+00
1.120000e+00	1.140000e+00	0.000000e+00	0.000000e+00	0.000000e+00
1.140000e+00	1.160000e+00	0.000000e+00	0.000000e+00	0.000000e+00
1.160000e+00	1.180000e+00	0.000000e+00	0.000000e+00	0.000000e+00
1.180000e+00	1.200000e+00	0.000000e+00	0.000000e+00	0.000000e+00
1.200000e+00	1.220000e+00	0.000000e+00	0.000000e+00	0.000000e+00
1.220000e+00	1.240000e+00	0.000000e+00	0.000000e+00	0.000000e+00
1.240000e+00	1.260000e+00	0.000000e+00	0.000000e+00	0.000000e+00
1.260000e+00	1.280000e+00	0.000000e+00	0.000000e+00	0.000000e+00
1.280000e+00	1.300000e+00	0.000000e+00	0.000000e+00	0.000000e+00
1.300000e+00	1.320000e+00	0.000000e+00	0.000000e+00	0.000000e+00
1.320000e+00	1.340000e+00	0.000000e+00	0.000000e+00	0.000000e+00
1.340000e+00	1.360000e+00	0.000000e+00	0.000000e+00	0.000000e+00
1.360000e+00	1.380000e+00	0.000000e+00	0.000000e+00	0.000000e+00
1.380000e+00	1.400000e+00	0.000000e+00	0.000000e+00	0.000000e+00
1.400000e+00	1.420000e+00	0.000000e+00	0.000000e+00	0.000000e+00
1.420000e+00	1.440000e+00	0.000000e+00	0.000000e+00	0.000000e+00
1.440000e+00	1.460000e+00	0.000000e+00	0.000000e+00	0.000000e+00
1.460000e+00	1.480000e+00	0.000000e+00	0.000000e+00	0.000000e+00
1.480000e+00	1.500000e+00	0.000000e+00	0.000000e+00	0.000000e+00
1.500000e+00	1.520000e+00	0.000000e+00	0.000000e+00	0.000000e+00
1.520000e+00	1.540000e+00	0.000000e+00	0.000000e+00	0.000000e+00
1.540000e+00	1.560000e+00	0.000000e+00	0.000000e+00	0.000000e+00
1.560000e+00	1.580000e+00	0.000000e+00	0.000000e+00	0.000000e+00
1.580000e+00	1.600000e+00	0.000000e+00	0.000000e+00	0.000000e+00
1.600000e+00	1.620000e+00	0.000000e+00	0.000000e+00	0.000000e+00
1.620000e+00	1.640000e+00	0.000000e+00	0.000000e+00	0.000000e+00
1.640000e+00	1.660000e+00	0.000000e+00	0.000000e+00	0.000000e+00
1.660000e+00	1.680000e+00	0.000000e+00	0.000000e+00	0.000000e+00
1.680000e+00	1.700000e+00	0.000000e+00	0.000000e+00	0.000000e+00
1.700000e+00	1.720000e+00	0.000000e+00	0.000000e+00	0.000000e+00
1.720000e+00	1.740000e+00	0.000000e+00	0.000000e+00	0.000000e+00
1.740000e+00	1.760000e+00	0.000000e+00	0.000000e+00	0.000000e+00
1.760000e+00	1.780000e+00	0.000000e+00	0.000000e+00	0.000000e+00
1.780000e+00	1.800000e+00	0.000000e+00	0.000000e+00	0.000000e+00
1.800000e+00	1.820000e+00	0.000000e+00	0.000000e+00	0.000000e+00
1.820000e+00	1.840000e+00	0.000000e+00	0.000000e+00	0.000000e+00
1.840000e+00	1.860000e+00	0.000000e+00	0.000000e+00	0.000000e+00
1.860000e+00	1.880000e+00	0.000000e+00	0.000000e+00	0.000000e+00
1.880000e+00	1.900000e+00	0.000000e+00	0.000000e+00	0.000000e+00
1.900000e+00	1.920000e+00	0.000000e+00	0.000000e+00	0.000000e+00
1.920000e+00	1.940000e+00	0.000000e+00	0.000000e+00	0.000000e+00
1.940000e+00	1.960000e+00	0.000000e+00	0.000000e+00	0.000000e+00
1.960000e+00	1.980000e+00	0.000000e+00	0.000000e+00	0.000000e+00
1.980000e+00	2.000000e+00	0.000000e+00	0.000000e+00	0.000000e+00
2.000000e+00	2.020000e+00	0.000000e+00	0.000000e+00	0.000000e+00
2.020000e+00	2.040000e+00	0.000000e+00	0.000000e+00	0.000000e+00
2.040000e+00	2.060000e+00	0.000000e+00	0.000000e+00	0.000000e+00
2.060000e+00	2.080000e+00	0.000000e+00	0.000000e+00	0.000000e+00
2.080000e+00	2.100000e+00	0.000000e+00	0.000000e+00	0.000000e+00
2.100000e+00	2.120000e+00	0.000000e+00	0.000000e+00	0.000000e+00
2.120000e+00	2.140000e+00	0.000000e+00	0.000000e+00	0.000000e+00
2.140000e+00	2.160000e+00	0.000000e+00	0.000000e+00	0.000000e+00
2.160000e+00	2.180000e+00	0.000000e+00	0.000000e+00	0.000000e+00
2.180000e+00	2.200000e+00	0.000000e+00	0.000000e+00	0.000000e+00
2.200000e+00	2.220000e+00	0.000000e+00	0.000000e+00	0.000000e+00
2.220000e+00	2.240000e+00	0.000000e+00	0.000000e+00	0.000000e+00
2.240000e+00	2.260000e+00	0.000000e+00	0.000000e+00	0.000000e+00
2.260000e+00	2.280000e+00	0.000000e+00	0.000000e+00	0.000000e+00
2.280000e+00	2.300000e+00	0.000000e+00	0.000000e+00	0.000000e+00
2.300000e+00	2.320000e+00	0.000000e+00	0.000000e+00	0.000000e+00
2.320000e+00	2.340000e+00	0.000000e+00	0.000000e+00	0.000000e+00
2.340000e+00	2.360000e+00	0.000000e+00	0.000000e+00	0.000000e+00
2.360000e+00	2.380000e+00	0.000000e+00	0.000000e+00	0.000000e+00
2.380000e+00	2.400000e+00	0.000000e+00	0.000000e+00	0.000000e+00
2.400000e+00	2.420000e+00	0.000000e+00	0.000000e+00	0.000000e+00
2.420000e+00	2.440000e+00	0.000000e+00	0.000000e+00	0.000000e+00
2.440000e+00	2.460000e+00	0.000000e+00	0.000000e+00	0.000000e+00
2.460000e+00	2.480000e+00	0.000000e+00	0.000000e+00	0.000000e+00
2.480000e+00	2.500000e+00	3.674114e-02	3.674115e-02	3.674115e-02
2.500000e+00	2.520000e+00	0.000000e+00	0.000000e+00	0.000000e+00
2.520000e+00	2.540000e+00	0.000000e+00	0.000000e+00	0.000000e+00
2.540000e+00	2.560000e+00	0.000000e+00	0.000000e+00	0.000000e+00
2.560000e+00	2.580000e+00	0.000000e+00	0.000000e+00	0.000000e+00
2.580000e+00	2.600000e+00	0.000000e+00	0.000000e+00	0.000000e+00
2.600000e+00	2.620000e+00	0.000000e+00	0.000000e+00	0.000000e+00
2.620000e+00	2.640000e+00	3.671411e-02	3.671411e-02	3.671411e-02
2.640000e+00	2.660000e+00	0.000000e+00	0.000000e+00	0.000000e+00
2.660000e+00	2.680000e+00	0.000000e+00	0.000000e+00	0.000000e+00
2.680000e+00	2.700000e+00	0.000000e+00	0.000000e+00	0.000000e+00
2.700000e+00	2.720000e+00	6.462670e-02	6.462668e-02	6.462668e-02
2.720000e+00	2.740000e+00	0.000000e+00	0.000000e+00	0.000000e+00
2.740000e+00	2.760000e+00	0.000000e+00	0.000000e+00	0.000000e+00
2.760000e+00	2.780000e+00	0.000000e+00	0.000000e+00	0.000000e+00
2.780000e+00	2.800000e+00	0.000000e+00	0.000000e+00	0.000000e+00
2.800000e+00	2.820000e+00	0.000000e+00	0.000000e+00	0.000000e+00
2.820000e+00	2.840000e+00	7.864980e-04	7.864981e-04	7.864981e-04
2.840000e+00	2.860000e+00	0.000000e+00	0.000000e+00	0.000000e+00
2.860000e+00	2.880000e+00	0.000000e+00	0.000000e+00	0.000000e+00
2.880000e+00	2.900000e+00	1.531904e-03	1.531904e-03	1.531904e-03
2.900000e+00	2.920000e+00	0.000000e+00	0.000000e+00	0.000000e+00
2.920000e+00	2.940000e+00	0.000000e+00	0.000000e+00	0.000000e+00
2.940000e+00	2.960000e+00	3.626127e-02	3.626127e-02	3.626127e-02
2.960000e+00	2.980000e+00	0.000000e+00	0.000000e+00	0.000000e+00
2.980000e+00	3.000000e+00	1.084718e-01	6.920806e-02	6.920806e-02
3.000000e+00	3.020000e+00	0.000000e+00	0.000000e+00	0.000000e+00
3.020000e+00	3.040000e+00	0.000000e+00	0.000000e+00	0.000000e+00
3.040000e+00	3.060000e+00	3.641905e-02	2.080524e-02	2.080524e-02
3.060000e+00	3.080000e+00	0.000000e+00	0.000000e+00	0.000000e+00
3.080000e+00	3.100000e+00	1.173286e-01	5.396990e-02	5.396990e-02
3.100000e+00	3.120000e+00	0.000000e+00	0.000000e+00	0.000000e+00
3.120000e+00	3.140000e+00	5.701280e-02	3.006164e-02	3.006164e-02
3.140000e+00	3.160000e+00	0.000000e+00	0.000000e+00	0.000000e+00
3.160000e+00	3.180000e+00	4.484059e-02	2.409798e-02	2.409798e-02
3.180000e+00	3.200000e+00	0.000000e+00	0.000000e+00	0.000000e+00
3.200000e+00	3.220000e+00	1.814734e-01	7.769305e-02	7.769305e-02
3.220000e+00	3.240000e+00	0.000000e+00	0.000000e+00	0.000000e+00
3.240000e+00	3.260000e+00	1.761816e-01	8.623511e-02	8.623511e-02
3.260000e+00	3.280000e+00	0.000000e+00	0.000000e+00	0.000000e+00
3.280000e+00	3.300000e+00	1.267469e-01	5.743614e-02	5.743614e-02
3.300000e+00	3.320000e+00	0.000000e+00	0.000000e+00	0.000000e+00
3.320000e+00	3.340000e+00	2.051507e-01	8.874584e-02	8.874584e-02
3.340000e+00	3.360000e+00	0.000000e+00	0.000000e+00	0.000000e+00
3.360000e+00	3.380000e+00	7.493845e-01	4.048747e-01	4.048747e-01
3.380000e+00	3.400000e+00	0.000000e+00	0.000000e+00	0.000000e+00
3.400000e+00	3.420000e+00	9.391845e-02	4.971560e-02	4.971560e-02
3.420000e+00	3.440000e+00	2.895807e-01	1.125844e-01	1.125844e-01
3.440000e+00	3.460000e+00	0.000000e+00	0.000000e+00	0.000000e+00
3.460000e+00	3.480000e+00	3.141188e-01	1.115113e-01	1.115113e-01
3.480000e+00	3.500000e+00	4.623430e-01	1.242689e-01	1.242689e-01
3.500000e+00	3.520000e+00	0.000000e+00	0.000000e+00	0.000000e+00
3.520000e+00	3.540000e+00	1.345702e-01	6.033123e-02	6.033123e-02
3.540000e+00	3.560000e+00	2.962750e-01	8.758375e-02	8.758375e-02
3.560000e+00	3.580000e+00	0.000000e+00	0.000000e+00	0.000000e+00
3.580000e+00	3.600000e+00	2.637791e-01	9.814149e-02	9.814149e-02
3.600000e+00	3.620000e+00	6.667615e-01	2.553478e-01	2.553478e-01
3.620000e+00	3.640000e+00	5.908270e-01	1.779602e-01	1.779602e-01
3.640000e+00	3.660000e+00	0.000000e+00	0.000000e+00	0.000000e+00
3.660000e+00	3.680000e+00	6.109275e-01	1.586019e-01	1.586019e-01
3.680000e+00	3.700000e+00	6.143510e-01	1.562495e-01	1.562495e-01
3.700000e+00	3.720000e+00	4.921611e-01	1.465339e-01	1.465339e-01
3.720000e+00	3.740000e+00	4.918121e-01	1.373135e-01	1.373135e-01
3.740000e+00	3.760000e+00	0.000000e+00	0.000000e+00	0.000000e+00
3.760000e+00	3.780000e+00	4.754529e-01	1.266128e-01	1.266128e-01
3.780000e+00	3.800000e+00	7.452480e-01	1.707369e-01	1.707369e-01
3.800000e+00	3.820000e+00	8.124585e-01	2.029356e-01	2.029356e-01
3.820000e+00	3.840000e+00	3.774262e-01	1.226709e-01	1.226709e-01
3.840000e+00	3.860000e+00	5.917375e-01	1.589200e-01	1.589200e-01
3.860000e+00	3.880000e+00	2.086280e+00	1.356565e+00	1.356565e+00
3.880000e+00	3.900000e+00	4.329886e-01	1.057847e-01	1.057847e-01
3.900000e+00	3.920000e+00	7.919520e-01	1.766748e-01	1.766748e-01
3.920000e+00	3.940000e+00	8.680260e-01	1.939026e-01	1.939026e-01
3.940000e+00	3.960000e+00	5.647940e-01	1.531203e-01	1.531203e-01
3.960000e+00	3.980000e+00	6.194435e-01	1.605294e-01	1.605294e-01
3.980000e+00	4.000000e+00	5.642025e-01	1.375151e-01	1.375151e-01
4.000000e+00	4.020000e+00	5.071175e-01	1.282738e-01	1.282738e-01
4.020000e+00	4.040000e+00	4.839674e-01	1.185813e-01	1.185813e-01
4.040000e+00	4.060000e+00	7.209340e-01	1.719908e-01	1.719908e-01
4.060000e+00	4.080000e+00	1.415619e+00	2.431827e-01	2.431827e-01
4.080000e+00	4.100000e+00	5.829340e-01	1.620374e-01	1.620374e-01
4.100000e+00	4.120000e+00	6.325295e-01	1.607178e-01	1.607178e-01
4.120000e+00	4.140000e+00	6.600025e-01	1.649216e-01	1.649216e-01
4.140000e+00	4.160000e+00	1.356033e+00	2.370651e-01	2.370651e-01
4.160000e+00	4.180000e+00	4.196555e-01	1.203316e-01	1.203316e-01
4.180000e+00	4.200000e+00	6.301710e-01	1.491797e-01	1.491797e-01
4.200000e+00	4.220000e+00	1.030495e+00	2.214768e-01	2.214768e-01
4.220000e+00	4.240000e+00	5.026040e-01	1.302590e-01	1.302590e-01
4.240000e+00	4.260000e+00	4.805076e-01	1.263974e-01	1.263974e-01
4.260000e+00	4.280000e+00	1.009055e+01	8.971375e+00	8.971375e+00
4.280000e+00	4.300000e+00	3.502396e-01	1.105589e-01	1.105589e-01
4.300000e+00	4.320000e+00	8.030090e-01	1.766973e-01	1.766973e-01
4.320000e+00	4.340000e+00	5.076245e-01	1.321131e-01	1.321131e-01
4.340000e+00	4.360000e+00	9.496385e-01	2.058203e-01	2.058203e-01
4.360000e+00	4.380000e+00	3.205973e-01	9.241899e-02	9.241899e-02
4.380000e+00	4.400000e+00	1.160456e+00	2.440862e-01	2.440862e-01
4.400000e+00	4.420000e+00	6.936325e-01	1.455198e-01	1.455198e-01
4.420000e+00	4.440000e+00	5.431045e-01	1.911379e-01	1.911379e-01
4.440000e+00	4.460000e+00	4.974597e-01	1.202414e-01	1.202414e-01
4.460000e+00	4.480000e+00	4.852604e-01	1.451817e-01	1.451817e-01
4.480000e+00	4.500000e+00	8.432510e-01	4.306386e-01	4.306386e-01
4.500000e+00	4.520000e+00	2.483034e-01	1.204675e-01	1.204675e-01
4.520000e+00	4.540000e+00	4.203661e-01	1.126251e-01	1.126251e-01
4.540000e+00	4.560000e+00	4.504467e-01	1.384632e-01	1.384632e-01
4.560000e+00	4.580000e+00	6.301490e-01	1.385549e-01	1.385549e-01
4.580000e+00	4.600000e+00	3.346542e-01	9.540293e-02	9.540293e-02
4.600000e+00	4.620000e+00	3.399735e-01	1.145527e-01	1.145527e-01
4.620000e+00	4.640000e+00	3.885076e-01	1.250844e-01	1.250844e-01
4.640000e+00	4.660000e+00	7.823120e-01	3.343412e-01	3.343412e-01
4.660000e+00	4.680000e+00	4.006777e-01	1.465832e-01	1.465832e-01
4.680000e+00	4.700000e+00	8.931760e-02	2.992338e-02	2.992338e-02
4.700000e+00	4.720000e+00	1.365717e+00	7.905999e-01	7.905999e-01
4.720000e+00	4.740000e+00	2.060819e-01	8.861651e-02	8.861651e-02
4.740000e+00	4.760000e+00	7.825115e-02	3.255808e-02	3.255808e-02
4.760000e+00	4.780000e+00	1.879386e-01	7.543365e-02	7.543365e-02
4.780000e+00	4.800000e+00	9.745740e-02	4.690814e-02	4.690814e-02
4.800000e+00	4.820000e+00	2.682842e-01	1.201367e-01	1.201367e-01
4.820000e+00	4.840000e+00	5.729565e-02	1.787318e-02	1.787318e-02
4.840000e+00	4.860000e+00	1.850961e-01	8.140341e-02	8.140341e-02
4.860000e+00	4.880000e+00	7.738805e-02	4.555066e-02	4.555066e-02
4.880000e+00	4.900000e+00	1.269757e-01	6.844520e-02	6.844520e-02
4.900000e+00	4.920000e+00	3.664300e-02	1.523889e-02	1.523889e-02
4.920000e+00	4.940000e+00	5.105200e-02	3.762923e-02	3.762923e-02
4.940000e+00	4.960000e+00	7.948330e-02	3.744138e-02	3.744138e-02
4.960000e+00	4.980000e+00	5.174440e-03	2.761849e-03	2.761849e-03
4.980000e+00	5.000000e+00	1.030356e-02	7.473670e-03	7.473670e-03
5.000000e+00	5.020000e+00	4.259247e-02	2.825347e-02	2.825347e-02
5.020000e+00	5.040000e+00	7.058970e-02	4.390785e-02	4.390785e-02
5.040000e+00	5.060000e+00	1.159771e-02	7.086443e-03	7.086443e-03
5.060000e+00	5.080000e+00	1.083287e-02	8.989604e-03	8.989604e-03
5.080000e+00	5.100000e+00	4.169409e-03	3.135216e-03	3.135216e-03
5.100000e+00	5.120000e+00	1.385344e-02	1.173496e-02	1.173496e-02
5.120000e+00	5.140000e+00	8.179145e-03	5.326474e-03	5.326474e-03
5.140000e+00	5.160000e+00	9.884915e-03	6.546474e-03	6.546474e-03
5.160000e+00	5.180000e+00	2.453289e-03	2.362164e-03	2.362164e-03
5.180000e+00	5.200000e+00	8.080730e-03	8.080732e-03	8.080732e-03
5.200000e+00	5.220000e+00	0.000000e+00	0.000000e+00	0.000000e+00
5.220000e+00	5.240000e+00	0.000000e+00	0.000000e+00	0.000000e+00
5.240000e+00	5.260000e+00	6.963390e-04	6.963392e-04	6.963392e-04
5.260000e+00	5.280000e+00	0.000000e+00	0.000000e+00	0.000000e+00
5.280000e+00	5.300000e+00	4.370627e-04	4.370626e-04	4.370626e-04
5.300000e+00	5.320000e+00	0.000000e+00	0.000000e+00	0.000000e+00
5.320000e+00	5.340000e+00	0.000000e+00	0.000000e+00	0.000000e+00
5.340000e+00	5.360000e+00	0.000000e+00	0.000000e+00	0.000000e+00
5.360000e+00	5.380000e+00	0.000000e+00	0.000000e+00	0.000000e+00
5.380000e+00	5.400000e+00	2.839201e-04	2.042036e-04	2.042036e-04
5.400000e+00	5.420000e+00	0.000000e+00	0.000000e+00	0.000000e+00
5.420000e+00	5.440000e+00	0.000000e+00	0.000000e+00	0.000000e+00
5.440000e+00	5.460000e+00	0.000000e+00	0.000000e+00	0.000000e+00
5.460000e+00	5.480000e+00	0.000000e+00	0.000000e+00	0.000000e+00
5.480000e+00	5.500000e+00	0.000000e+00	0.000000e+00	0.000000e+00
5.500000e+00	5.520000e+00	0.000000e+00	0.000000e+00	0.000000e+00
5.520000e+00	5.540000e+00	0.000000e+00	0.000000e+00	0.000000e+00
5.540000e+00	5.560000e+00	0.000000e+00	0.000000e+00	0.000000e+00
5.560000e+00	5.580000e+00	0.000000e+00	0.000000e+00	0.000000e+00
5.580000e+00	5.600000e+00	0.000000e+00	0.000000e+00	0.000000e+00
5.600000e+00	5.620000e+00	0.000000e+00	0.000000e+00	0.000000e+00
5.620000e+00	5.640000e+00	0.000000e+00	0.000000e+00	0.000000e+00
5.640000e+00	5.660000e+00	0.000000e+00	0.000000e+00	0.000000e+00
5.660000e+00	5.680000e+00	0.000000e+00	0.000000e+00	0.000000e+00
5.680000e+00	5.700000e+00	0.000000e+00	0.000000e+00	0.000000e+00
5.700000e+00	5.720000e+00	0.000000e+00	0.000000e+00	0.000000e+00
5.720000e+00	5.740000e+00	0.000000e+00	0.000000e+00	0.000000e+00
5.740000e+00	5.760000e+00	0.000000e+00	0.000000e+00	0.000000e+00
5.760000e+00	5.780000e+00	0.000000e+00	0.000000e+00	0.000000e+00
5.780000e+00	5.800000e+00	0.000000e+00	0.000000e+00	0.000000e+00
5.800000e+00	5.820000e+00	0.000000e+00	0.000000e+00	0.000000e+00
5.820000e+00	5.840000e+00	0.000000e+00	0.000000e+00	0.000000e+00
5.840000e+00	5.860000e+00	0.000000e+00	0.000000e+00	0.000000e+00
5.860000e+00	5.880000e+00	0.000000e+00	0.000000e+00	0.000000e+00
5.880000e+00	5.900000e+00	0.000000e+00	0.000000e+00	0.000000e+00
5.900000e+00	5.920000e+00	0.000000e+00	0.000000e+00	0.000000e+00
5.920000e+00	5.940000e+00	0.000000e+00	0.000000e+00	0.000000e+00
5.940000e+00	5.960000e+00	0.000000e+00	0.000000e+00	0.000000e+00
5.960000e+00	5.980000e+00	0.000000e+00	0.000000e+00	0.000000e+00
5.980000e+00	6.000000e+00	0.000000e+00	0.000000e+00	0.000000e+00
# END HISTO1D

# BEGIN HISTO1D //afs/cern.ch/user/d/dkar/lh2015-qg/Vincia-2001/lhc/hadron/zjet_born.yoda/MC_LHQG_Zjet/log_GA_00_00_Q400_R10
LineColor=blue
LineStyle=solid
Path=//afs/cern.ch/user/d/dkar/lh2015-qg/Vincia-2001/lhc/hadron/zjet_born.yoda/MC_LHQG_Zjet/log_GA_00_00_Q400_R10
Title=zjet_born
XLabel=
YLabel=
# xlow	 xhigh	 val	 errminus	 errplus
0.000000e+00	2.000000e-02	0.000000e+00	0.000000e+00	0.000000e+00
2.000000e-02	4.000000e-02	0.000000e+00	0.000000e+00	0.000000e+00
4.000000e-02	6.000000e-02	0.000000e+00	0.000000e+00	0.000000e+00
6.000000e-02	8.000000e-02	0.000000e+00	0.000000e+00	0.000000e+00
8.000000e-02	1.000000e-01	0.000000e+00	0.000000e+00	0.000000e+00
1.000000e-01	1.200000e-01	0.000000e+00	0.000000e+00	0.000000e+00
1.200000e-01	1.400000e-01	0.000000e+00	0.000000e+00	0.000000e+00
1.400000e-01	1.600000e-01	0.000000e+00	0.000000e+00	0.000000e+00
1.600000e-01	1.800000e-01	0.000000e+00	0.000000e+00	0.000000e+00
1.800000e-01	2.000000e-01	0.000000e+00	0.000000e+00	0.000000e+00
2.000000e-01	2.200000e-01	0.000000e+00	0.000000e+00	0.000000e+00
2.200000e-01	2.400000e-01	0.000000e+00	0.000000e+00	0.000000e+00
2.400000e-01	2.600000e-01	0.000000e+00	0.000000e+00	0.000000e+00
2.600000e-01	2.800000e-01	0.000000e+00	0.000000e+00	0.000000e+00
2.800000e-01	3.000000e-01	0.000000e+00	0.000000e+00	0.000000e+00
3.000000e-01	3.200000e-01	0.000000e+00	0.000000e+00	0.000000e+00
3.200000e-01	3.400000e-01	0.000000e+00	0.000000e+00	0.000000e+00
3.400000e-01	3.600000e-01	0.000000e+00	0.000000e+00	0.000000e+00
3.600000e-01	3.800000e-01	0.000000e+00	0.000000e+00	0.000000e+00
3.800000e-01	4.000000e-01	0.000000e+00	0.000000e+00	0.000000e+00
4.000000e-01	4.200000e-01	0.000000e+00	0.000000e+00	0.000000e+00
4.200000e-01	4.400000e-01	0.000000e+00	0.000000e+00	0.000000e+00
4.400000e-01	4.600000e-01	0.000000e+00	0.000000e+00	0.000000e+00
4.600000e-01	4.800000e-01	0.000000e+00	0.000000e+00	0.000000e+00
4.800000e-01	5.000000e-01	0.000000e+00	0.000000e+00	0.000000e+00
5.000000e-01	5.200000e-01	0.000000e+00	0.000000e+00	0.000000e+00
5.200000e-01	5.400000e-01	0.000000e+00	0.000000e+00	0.000000e+00
5.400000e-01	5.600000e-01	0.000000e+00	0.000000e+00	0.000000e+00
5.600000e-01	5.800000e-01	0.000000e+00	0.000000e+00	0.000000e+00
5.800000e-01	6.000000e-01	0.000000e+00	0.000000e+00	0.000000e+00
6.000000e-01	6.200000e-01	0.000000e+00	0.000000e+00	0.000000e+00
6.200000e-01	6.400000e-01	0.000000e+00	0.000000e+00	0.000000e+00
6.400000e-01	6.600000e-01	0.000000e+00	0.000000e+00	0.000000e+00
6.600000e-01	6.800000e-01	0.000000e+00	0.000000e+00	0.000000e+00
6.800000e-01	7.000000e-01	0.000000e+00	0.000000e+00	0.000000e+00
7.000000e-01	7.200000e-01	0.000000e+00	0.000000e+00	0.000000e+00
7.200000e-01	7.400000e-01	0.000000e+00	0.000000e+00	0.000000e+00
7.400000e-01	7.600000e-01	0.000000e+00	0.000000e+00	0.000000e+00
7.600000e-01	7.800000e-01	0.000000e+00	0.000000e+00	0.000000e+00
7.800000e-01	8.000000e-01	0.000000e+00	0.000000e+00	0.000000e+00
8.000000e-01	8.200000e-01	0.000000e+00	0.000000e+00	0.000000e+00
8.200000e-01	8.400000e-01	0.000000e+00	0.000000e+00	0.000000e+00
8.400000e-01	8.600000e-01	0.000000e+00	0.000000e+00	0.000000e+00
8.600000e-01	8.800000e-01	0.000000e+00	0.000000e+00	0.000000e+00
8.800000e-01	9.000000e-01	0.000000e+00	0.000000e+00	0.000000e+00
9.000000e-01	9.200000e-01	0.000000e+00	0.000000e+00	0.000000e+00
9.200000e-01	9.400000e-01	0.000000e+00	0.000000e+00	0.000000e+00
9.400000e-01	9.600000e-01	0.000000e+00	0.000000e+00	0.000000e+00
9.600000e-01	9.800000e-01	0.000000e+00	0.000000e+00	0.000000e+00
9.800000e-01	1.000000e+00	0.000000e+00	0.000000e+00	0.000000e+00
1.000000e+00	1.020000e+00	0.000000e+00	0.000000e+00	0.000000e+00
1.020000e+00	1.040000e+00	0.000000e+00	0.000000e+00	0.000000e+00
1.040000e+00	1.060000e+00	0.000000e+00	0.000000e+00	0.000000e+00
1.060000e+00	1.080000e+00	0.000000e+00	0.000000e+00	0.000000e+00
1.080000e+00	1.100000e+00	0.000000e+00	0.000000e+00	0.000000e+00
1.100000e+00	1.120000e+00	0.000000e+00	0.000000e+00	0.000000e+00
1.120000e+00	1.140000e+00	0.000000e+00	0.000000e+00	0.000000e+00
1.140000e+00	1.160000e+00	0.000000e+00	0.000000e+00	0.000000e+00
1.160000e+00	1.180000e+00	0.000000e+00	0.000000e+00	0.000000e+00
1.180000e+00	1.200000e+00	0.000000e+00	0.000000e+00	0.000000e+00
1.200000e+00	1.220000e+00	0.000000e+00	0.000000e+00	0.000000e+00
1.220000e+00	1.240000e+00	0.000000e+00	0.000000e+00	0.000000e+00
1.240000e+00	1.260000e+00	0.000000e+00	0.000000e+00	0.000000e+00
1.260000e+00	1.280000e+00	0.000000e+00	0.000000e+00	0.000000e+00
1.280000e+00	1.300000e+00	0.000000e+00	0.000000e+00	0.000000e+00
1.300000e+00	1.320000e+00	0.000000e+00	0.000000e+00	0.000000e+00
1.320000e+00	1.340000e+00	0.000000e+00	0.000000e+00	0.000000e+00
1.340000e+00	1.360000e+00	0.000000e+00	0.000000e+00	0.000000e+00
1.360000e+00	1.380000e+00	0.000000e+00	0.000000e+00	0.000000e+00
1.380000e+00	1.400000e+00	0.000000e+00	0.000000e+00	0.000000e+00
1.400000e+00	1.420000e+00	0.000000e+00	0.000000e+00	0.000000e+00
1.420000e+00	1.440000e+00	0.000000e+00	0.000000e+00	0.000000e+00
1.440000e+00	1.460000e+00	0.000000e+00	0.000000e+00	0.000000e+00
1.460000e+00	1.480000e+00	0.000000e+00	0.000000e+00	0.000000e+00
1.480000e+00	1.500000e+00	0.000000e+00	0.000000e+00	0.000000e+00
1.500000e+00	1.520000e+00	0.000000e+00	0.000000e+00	0.000000e+00
1.520000e+00	1.540000e+00	0.000000e+00	0.000000e+00	0.000000e+00
1.540000e+00	1.560000e+00	0.000000e+00	0.000000e+00	0.000000e+00
1.560000e+00	1.580000e+00	0.000000e+00	0.000000e+00	0.000000e+00
1.580000e+00	1.600000e+00	0.000000e+00	0.000000e+00	0.000000e+00
1.600000e+00	1.620000e+00	0.000000e+00	0.000000e+00	0.000000e+00
1.620000e+00	1.640000e+00	0.000000e+00	0.000000e+00	0.000000e+00
1.640000e+00	1.660000e+00	0.000000e+00	0.000000e+00	0.000000e+00
1.660000e+00	1.680000e+00	0.000000e+00	0.000000e+00	0.000000e+00
1.680000e+00	1.700000e+00	0.000000e+00	0.000000e+00	0.000000e+00
1.700000e+00	1.720000e+00	0.000000e+00	0.000000e+00	0.000000e+00
1.720000e+00	1.740000e+00	0.000000e+00	0.000000e+00	0.000000e+00
1.740000e+00	1.760000e+00	0.000000e+00	0.000000e+00	0.000000e+00
1.760000e+00	1.780000e+00	0.000000e+00	0.000000e+00	0.000000e+00
1.780000e+00	1.800000e+00	0.000000e+00	0.000000e+00	0.000000e+00
1.800000e+00	1.820000e+00	0.000000e+00	0.000000e+00	0.000000e+00
1.820000e+00	1.840000e+00	0.000000e+00	0.000000e+00	0.000000e+00
1.840000e+00	1.860000e+00	0.000000e+00	0.000000e+00	0.000000e+00
1.860000e+00	1.880000e+00	0.000000e+00	0.000000e+00	0.000000e+00
1.880000e+00	1.900000e+00	0.000000e+00	0.000000e+00	0.000000e+00
1.900000e+00	1.920000e+00	0.000000e+00	0.000000e+00	0.000000e+00
1.920000e+00	1.940000e+00	0.000000e+00	0.000000e+00	0.000000e+00
1.940000e+00	1.960000e+00	0.000000e+00	0.000000e+00	0.000000e+00
1.960000e+00	1.980000e+00	0.000000e+00	0.000000e+00	0.000000e+00
1.980000e+00	2.000000e+00	0.000000e+00	0.000000e+00	0.000000e+00
2.000000e+00	2.020000e+00	0.000000e+00	0.000000e+00	0.000000e+00
2.020000e+00	2.040000e+00	0.000000e+00	0.000000e+00	0.000000e+00
2.040000e+00	2.060000e+00	0.000000e+00	0.000000e+00	0.000000e+00
2.060000e+00	2.080000e+00	0.000000e+00	0.000000e+00	0.000000e+00
2.080000e+00	2.100000e+00	0.000000e+00	0.000000e+00	0.000000e+00
2.100000e+00	2.120000e+00	0.000000e+00	0.000000e+00	0.000000e+00
2.120000e+00	2.140000e+00	0.000000e+00	0.000000e+00	0.000000e+00
2.140000e+00	2.160000e+00	0.000000e+00	0.000000e+00	0.000000e+00
2.160000e+00	2.180000e+00	0.000000e+00	0.000000e+00	0.000000e+00
2.180000e+00	2.200000e+00	0.000000e+00	0.000000e+00	0.000000e+00
2.200000e+00	2.220000e+00	0.000000e+00	0.000000e+00	0.000000e+00
2.220000e+00	2.240000e+00	0.000000e+00	0.000000e+00	0.000000e+00
2.240000e+00	2.260000e+00	0.000000e+00	0.000000e+00	0.000000e+00
2.260000e+00	2.280000e+00	0.000000e+00	0.000000e+00	0.000000e+00
2.280000e+00	2.300000e+00	0.000000e+00	0.000000e+00	0.000000e+00
2.300000e+00	2.320000e+00	0.000000e+00	0.000000e+00	0.000000e+00
2.320000e+00	2.340000e+00	0.000000e+00	0.000000e+00	0.000000e+00
2.340000e+00	2.360000e+00	0.000000e+00	0.000000e+00	0.000000e+00
2.360000e+00	2.380000e+00	0.000000e+00	0.000000e+00	0.000000e+00
2.380000e+00	2.400000e+00	0.000000e+00	0.000000e+00	0.000000e+00
2.400000e+00	2.420000e+00	0.000000e+00	0.000000e+00	0.000000e+00
2.420000e+00	2.440000e+00	0.000000e+00	0.000000e+00	0.000000e+00
2.440000e+00	2.460000e+00	0.000000e+00	0.000000e+00	0.000000e+00
2.460000e+00	2.480000e+00	0.000000e+00	0.000000e+00	0.000000e+00
2.480000e+00	2.500000e+00	0.000000e+00	0.000000e+00	0.000000e+00
2.500000e+00	2.520000e+00	0.000000e+00	0.000000e+00	0.000000e+00
2.520000e+00	2.540000e+00	0.000000e+00	0.000000e+00	0.000000e+00
2.540000e+00	2.560000e+00	0.000000e+00	0.000000e+00	0.000000e+00
2.560000e+00	2.580000e+00	0.000000e+00	0.000000e+00	0.000000e+00
2.580000e+00	2.600000e+00	0.000000e+00	0.000000e+00	0.000000e+00
2.600000e+00	2.620000e+00	0.000000e+00	0.000000e+00	0.000000e+00
2.620000e+00	2.640000e+00	0.000000e+00	0.000000e+00	0.000000e+00
2.640000e+00	2.660000e+00	0.000000e+00	0.000000e+00	0.000000e+00
2.660000e+00	2.680000e+00	0.000000e+00	0.000000e+00	0.000000e+00
2.680000e+00	2.700000e+00	0.000000e+00	0.000000e+00	0.000000e+00
2.700000e+00	2.720000e+00	0.000000e+00	0.000000e+00	0.000000e+00
2.720000e+00	2.740000e+00	0.000000e+00	0.000000e+00	0.000000e+00
2.740000e+00	2.760000e+00	0.000000e+00	0.000000e+00	0.000000e+00
2.760000e+00	2.780000e+00	0.000000e+00	0.000000e+00	0.000000e+00
2.780000e+00	2.800000e+00	0.000000e+00	0.000000e+00	0.000000e+00
2.800000e+00	2.820000e+00	0.000000e+00	0.000000e+00	0.000000e+00
2.820000e+00	2.840000e+00	0.000000e+00	0.000000e+00	0.000000e+00
2.840000e+00	2.860000e+00	0.000000e+00	0.000000e+00	0.000000e+00
2.860000e+00	2.880000e+00	0.000000e+00	0.000000e+00	0.000000e+00
2.880000e+00	2.900000e+00	0.000000e+00	0.000000e+00	0.000000e+00
2.900000e+00	2.920000e+00	0.000000e+00	0.000000e+00	0.000000e+00
2.920000e+00	2.940000e+00	0.000000e+00	0.000000e+00	0.000000e+00
2.940000e+00	2.960000e+00	0.000000e+00	0.000000e+00	0.000000e+00
2.960000e+00	2.980000e+00	0.000000e+00	0.000000e+00	0.000000e+00
2.980000e+00	3.000000e+00	0.000000e+00	0.000000e+00	0.000000e+00
3.000000e+00	3.020000e+00	0.000000e+00	0.000000e+00	0.000000e+00
3.020000e+00	3.040000e+00	0.000000e+00	0.000000e+00	0.000000e+00
3.040000e+00	3.060000e+00	0.000000e+00	0.000000e+00	0.000000e+00
3.060000e+00	3.080000e+00	0.000000e+00	0.000000e+00	0.000000e+00
3.080000e+00	3.100000e+00	0.000000e+00	0.000000e+00	0.000000e+00
3.100000e+00	3.120000e+00	0.000000e+00	0.000000e+00	0.000000e+00
3.120000e+00	3.140000e+00	0.000000e+00	0.000000e+00	0.000000e+00
3.140000e+00	3.160000e+00	0.000000e+00	0.000000e+00	0.000000e+00
3.160000e+00	3.180000e+00	0.000000e+00	0.000000e+00	0.000000e+00
3.180000e+00	3.200000e+00	0.000000e+00	0.000000e+00	0.000000e+00
3.200000e+00	3.220000e+00	0.000000e+00	0.000000e+00	0.000000e+00
3.220000e+00	3.240000e+00	0.000000e+00	0.000000e+00	0.000000e+00
3.240000e+00	3.260000e+00	0.000000e+00	0.000000e+00	0.000000e+00
3.260000e+00	3.280000e+00	0.000000e+00	0.000000e+00	0.000000e+00
3.280000e+00	3.300000e+00	0.000000e+00	0.000000e+00	0.000000e+00
3.300000e+00	3.320000e+00	0.000000e+00	0.000000e+00	0.000000e+00
3.320000e+00	3.340000e+00	0.000000e+00	0.000000e+00	0.000000e+00
3.340000e+00	3.360000e+00	0.000000e+00	0.000000e+00	0.000000e+00
3.360000e+00	3.380000e+00	0.000000e+00	0.000000e+00	0.000000e+00
3.380000e+00	3.400000e+00	0.000000e+00	0.000000e+00	0.000000e+00
3.400000e+00	3.420000e+00	0.000000e+00	0.000000e+00	0.000000e+00
3.420000e+00	3.440000e+00	0.000000e+00	0.000000e+00	0.000000e+00
3.440000e+00	3.460000e+00	0.000000e+00	0.000000e+00	0.000000e+00
3.460000e+00	3.480000e+00	0.000000e+00	0.000000e+00	0.000000e+00
3.480000e+00	3.500000e+00	0.000000e+00	0.000000e+00	0.000000e+00
3.500000e+00	3.520000e+00	0.000000e+00	0.000000e+00	0.000000e+00
3.520000e+00	3.540000e+00	0.000000e+00	0.000000e+00	0.000000e+00
3.540000e+00	3.560000e+00	0.000000e+00	0.000000e+00	0.000000e+00
3.560000e+00	3.580000e+00	0.000000e+00	0.000000e+00	0.000000e+00
3.580000e+00	3.600000e+00	0.000000e+00	0.000000e+00	0.000000e+00
3.600000e+00	3.620000e+00	0.000000e+00	0.000000e+00	0.000000e+00
3.620000e+00	3.640000e+00	0.000000e+00	0.000000e+00	0.000000e+00
3.640000e+00	3.660000e+00	0.000000e+00	0.000000e+00	0.000000e+00
3.660000e+00	3.680000e+00	0.000000e+00	0.000000e+00	0.000000e+00
3.680000e+00	3.700000e+00	0.000000e+00	0.000000e+00	0.000000e+00
3.700000e+00	3.720000e+00	0.000000e+00	0.000000e+00	0.000000e+00
3.720000e+00	3.740000e+00	0.000000e+00	0.000000e+00	0.000000e+00
3.740000e+00	3.760000e+00	0.000000e+00	0.000000e+00	0.000000e+00
3.760000e+00	3.780000e+00	0.000000e+00	0.000000e+00	0.000000e+00
3.780000e+00	3.800000e+00	0.000000e+00	0.000000e+00	0.000000e+00
3.800000e+00	3.820000e+00	0.000000e+00	0.000000e+00	0.000000e+00
3.820000e+00	3.840000e+00	0.000000e+00	0.000000e+00	0.000000e+00
3.840000e+00	3.860000e+00	0.000000e+00	0.000000e+00	0.000000e+00
3.860000e+00	3.880000e+00	0.000000e+00	0.000000e+00	0.000000e+00
3.880000e+00	3.900000e+00	0.000000e+00	0.000000e+00	0.000000e+00
3.900000e+00	3.920000e+00	0.000000e+00	0.000000e+00	0.000000e+00
3.920000e+00	3.940000e+00	0.000000e+00	0.000000e+00	0.000000e+00
3.940000e+00	3.960000e+00	0.000000e+00	0.000000e+00	0.000000e+00
3.960000e+00	3.980000e+00	0.000000e+00	0.000000e+00	0.000000e+00
3.980000e+00	4.000000e+00	0.000000e+00	0.000000e+00	0.000000e+00
4.000000e+00	4.020000e+00	0.000000e+00	0.000000e+00	0.000000e+00
4.020000e+00	4.040000e+00	0.000000e+00	0.000000e+00	0.000000e+00
4.040000e+00	4.060000e+00	0.000000e+00	0.000000e+00	0.000000e+00
4.060000e+00	4.080000e+00	0.000000e+00	0.000000e+00	0.000000e+00
4.080000e+00	4.100000e+00	0.000000e+00	0.000000e+00	0.000000e+00
4.100000e+00	4.120000e+00	0.000000e+00	0.000000e+00	0.000000e+00
4.120000e+00	4.140000e+00	0.000000e+00	0.000000e+00	0.000000e+00
4.140000e+00	4.160000e+00	0.000000e+00	0.000000e+00	0.000000e+00
4.160000e+00	4.180000e+00	0.000000e+00	0.000000e+00	0.000000e+00
4.180000e+00	4.200000e+00	0.000000e+00	0.000000e+00	0.000000e+00
4.200000e+00	4.220000e+00	0.000000e+00	0.000000e+00	0.000000e+00
4.220000e+00	4.240000e+00	0.000000e+00	0.000000e+00	0.000000e+00
4.240000e+00	4.260000e+00	0.000000e+00	0.000000e+00	0.000000e+00
4.260000e+00	4.280000e+00	0.000000e+00	0.000000e+00	0.000000e+00
4.280000e+00	4.300000e+00	0.000000e+00	0.000000e+00	0.000000e+00
4.300000e+00	4.320000e+00	0.000000e+00	0.000000e+00	0.000000e+00
4.320000e+00	4.340000e+00	0.000000e+00	0.000000e+00	0.000000e+00
4.340000e+00	4.360000e+00	0.000000e+00	0.000000e+00	0.000000e+00
4.360000e+00	4.380000e+00	0.000000e+00	0.000000e+00	0.000000e+00
4.380000e+00	4.400000e+00	0.000000e+00	0.000000e+00	0.000000e+00
4.400000e+00	4.420000e+00	0.000000e+00	0.000000e+00	0.000000e+00
4.420000e+00	4.440000e+00	0.000000e+00	0.000000e+00	0.000000e+00
4.440000e+00	4.460000e+00	0.000000e+00	0.000000e+00	0.000000e+00
4.460000e+00	4.480000e+00	0.000000e+00	0.000000e+00	0.000000e+00
4.480000e+00	4.500000e+00	0.000000e+00	0.000000e+00	0.000000e+00
4.500000e+00	4.520000e+00	0.000000e+00	0.000000e+00	0.000000e+00
4.520000e+00	4.540000e+00	0.000000e+00	0.000000e+00	0.000000e+00
4.540000e+00	4.560000e+00	0.000000e+00	0.000000e+00	0.000000e+00
4.560000e+00	4.580000e+00	0.000000e+00	0.000000e+00	0.000000e+00
4.580000e+00	4.600000e+00	0.000000e+00	0.000000e+00	0.000000e+00
4.600000e+00	4.620000e+00	0.000000e+00	0.000000e+00	0.000000e+00
4.620000e+00	4.640000e+00	0.000000e+00	0.000000e+00	0.000000e+00
4.640000e+00	4.660000e+00	0.000000e+00	0.000000e+00	0.000000e+00
4.660000e+00	4.680000e+00	0.000000e+00	0.000000e+00	0.000000e+00
4.680000e+00	4.700000e+00	0.000000e+00	0.000000e+00	0.000000e+00
4.700000e+00	4.720000e+00	0.000000e+00	0.000000e+00	0.000000e+00
4.720000e+00	4.740000e+00	0.000000e+00	0.000000e+00	0.000000e+00
4.740000e+00	4.760000e+00	0.000000e+00	0.000000e+00	0.000000e+00
4.760000e+00	4.780000e+00	0.000000e+00	0.000000e+00	0.000000e+00
4.780000e+00	4.800000e+00	0.000000e+00	0.000000e+00	0.000000e+00
4.800000e+00	4.820000e+00	0.000000e+00	0.000000e+00	0.000000e+00
4.820000e+00	4.840000e+00	0.000000e+00	0.000000e+00	0.000000e+00
4.840000e+00	4.860000e+00	0.000000e+00	0.000000e+00	0.000000e+00
4.860000e+00	4.880000e+00	0.000000e+00	0.000000e+00	0.000000e+00
4.880000e+00	4.900000e+00	0.000000e+00	0.000000e+00	0.000000e+00
4.900000e+00	4.920000e+00	0.000000e+00	0.000000e+00	0.000000e+00
4.920000e+00	4.940000e+00	0.000000e+00	0.000000e+00	0.000000e+00
4.940000e+00	4.960000e+00	0.000000e+00	0.000000e+00	0.000000e+00
4.960000e+00	4.980000e+00	0.000000e+00	0.000000e+00	0.000000e+00
4.980000e+00	5.000000e+00	0.000000e+00	0.000000e+00	0.000000e+00
5.000000e+00	5.020000e+00	0.000000e+00	0.000000e+00	0.000000e+00
5.020000e+00	5.040000e+00	0.000000e+00	0.000000e+00	0.000000e+00
5.040000e+00	5.060000e+00	0.000000e+00	0.000000e+00	0.000000e+00
5.060000e+00	5.080000e+00	0.000000e+00	0.000000e+00	0.000000e+00
5.080000e+00	5.100000e+00	0.000000e+00	0.000000e+00	0.000000e+00
5.100000e+00	5.120000e+00	0.000000e+00	0.000000e+00	0.000000e+00
5.120000e+00	5.140000e+00	0.000000e+00	0.000000e+00	0.000000e+00
5.140000e+00	5.160000e+00	0.000000e+00	0.000000e+00	0.000000e+00
5.160000e+00	5.180000e+00	0.000000e+00	0.000000e+00	0.000000e+00
5.180000e+00	5.200000e+00	0.000000e+00	0.000000e+00	0.000000e+00
5.200000e+00	5.220000e+00	0.000000e+00	0.000000e+00	0.000000e+00
5.220000e+00	5.240000e+00	0.000000e+00	0.000000e+00	0.000000e+00
5.240000e+00	5.260000e+00	0.000000e+00	0.000000e+00	0.000000e+00
5.260000e+00	5.280000e+00	0.000000e+00	0.000000e+00	0.000000e+00
5.280000e+00	5.300000e+00	0.000000e+00	0.000000e+00	0.000000e+00
5.300000e+00	5.320000e+00	0.000000e+00	0.000000e+00	0.000000e+00
5.320000e+00	5.340000e+00	0.000000e+00	0.000000e+00	0.000000e+00
5.340000e+00	5.360000e+00	0.000000e+00	0.000000e+00	0.000000e+00
5.360000e+00	5.380000e+00	0.000000e+00	0.000000e+00	0.000000e+00
5.380000e+00	5.400000e+00	0.000000e+00	0.000000e+00	0.000000e+00
5.400000e+00	5.420000e+00	0.000000e+00	0.000000e+00	0.000000e+00
5.420000e+00	5.440000e+00	0.000000e+00	0.000000e+00	0.000000e+00
5.440000e+00	5.460000e+00	0.000000e+00	0.000000e+00	0.000000e+00
5.460000e+00	5.480000e+00	0.000000e+00	0.000000e+00	0.000000e+00
5.480000e+00	5.500000e+00	0.000000e+00	0.000000e+00	0.000000e+00
5.500000e+00	5.520000e+00	0.000000e+00	0.000000e+00	0.000000e+00
5.520000e+00	5.540000e+00	0.000000e+00	0.000000e+00	0.000000e+00
5.540000e+00	5.560000e+00	0.000000e+00	0.000000e+00	0.000000e+00
5.560000e+00	5.580000e+00	0.000000e+00	0.000000e+00	0.000000e+00
5.580000e+00	5.600000e+00	0.000000e+00	0.000000e+00	0.000000e+00
5.600000e+00	5.620000e+00	0.000000e+00	0.000000e+00	0.000000e+00
5.620000e+00	5.640000e+00	0.000000e+00	0.000000e+00	0.000000e+00
5.640000e+00	5.660000e+00	0.000000e+00	0.000000e+00	0.000000e+00
5.660000e+00	5.680000e+00	0.000000e+00	0.000000e+00	0.000000e+00
5.680000e+00	5.700000e+00	0.000000e+00	0.000000e+00	0.000000e+00
5.700000e+00	5.720000e+00	0.000000e+00	0.000000e+00	0.000000e+00
5.720000e+00	5.740000e+00	0.000000e+00	0.000000e+00	0.000000e+00
5.740000e+00	5.760000e+00	0.000000e+00	0.000000e+00	0.000000e+00
5.760000e+00	5.780000e+00	0.000000e+00	0.000000e+00	0.000000e+00
5.780000e+00	5.800000e+00	0.000000e+00	0.000000e+00	0.000000e+00
5.800000e+00	5.820000e+00	0.000000e+00	0.000000e+00	0.000000e+00
5.820000e+00	5.840000e+00	0.000000e+00	0.000000e+00	0.000000e+00
5.840000e+00	5.860000e+00	0.000000e+00	0.000000e+00	0.000000e+00
5.860000e+00	5.880000e+00	0.000000e+00	0.000000e+00	0.000000e+00
5.880000e+00	5.900000e+00	0.000000e+00	0.000000e+00	0.000000e+00
5.900000e+00	5.920000e+00	0.000000e+00	0.000000e+00	0.000000e+00
5.920000e+00	5.940000e+00	0.000000e+00	0.000000e+00	0.000000e+00
5.940000e+00	5.960000e+00	0.000000e+00	0.000000e+00	0.000000e+00
5.960000e+00	5.980000e+00	0.000000e+00	0.000000e+00	0.000000e+00
5.980000e+00	6.000000e+00	0.000000e+00	0.000000e+00	0.000000e+00
# END HISTO1D

