# BEGIN PLOT
LegendOnly=//afs/cern.ch/user/d/dkar/lh2015-qg/Vincia-2001/lhc/hadron/zjet.yoda/MC_LHQG_Zjet/log_GA_00_00_Q50_R2 //afs/cern.ch/user/d/dkar/lh2015-qg/Vincia-2001/lhc/hadron/zjet_born.yoda/MC_LHQG_Zjet/log_GA_00_00_Q50_R2
DrawOnly=//afs/cern.ch/user/d/dkar/lh2015-qg/Vincia-2001/lhc/hadron/zjet.yoda/MC_LHQG_Zjet/log_GA_00_00_Q50_R2 //afs/cern.ch/user/d/dkar/lh2015-qg/Vincia-2001/lhc/hadron/zjet_born.yoda/MC_LHQG_Zjet/log_GA_00_00_Q50_R2
RatioPlotReference=//afs/cern.ch/user/d/dkar/lh2015-qg/Vincia-2001/lhc/hadron/zjet.yoda/MC_LHQG_Zjet/log_GA_00_00_Q50_R2
RatioPlot=1
LogY=1
RatioPlotYLabel=Ratio
Legend=1
# END PLOT

# BEGIN HISTO1D //afs/cern.ch/user/d/dkar/lh2015-qg/Vincia-2001/lhc/hadron/zjet.yoda/MC_LHQG_Zjet/log_GA_00_00_Q50_R2
LineColor=red
LineStyle=solid
Path=//afs/cern.ch/user/d/dkar/lh2015-qg/Vincia-2001/lhc/hadron/zjet.yoda/MC_LHQG_Zjet/log_GA_00_00_Q50_R2
ScaledBy=106.25434348304847
Title=zjet
XLabel=
YLabel=
# xlow	 xhigh	 val	 errminus	 errplus
0.000000e+00	2.000000e-02	0.000000e+00	0.000000e+00	0.000000e+00
2.000000e-02	4.000000e-02	0.000000e+00	0.000000e+00	0.000000e+00
4.000000e-02	6.000000e-02	0.000000e+00	0.000000e+00	0.000000e+00
6.000000e-02	8.000000e-02	0.000000e+00	0.000000e+00	0.000000e+00
8.000000e-02	1.000000e-01	0.000000e+00	0.000000e+00	0.000000e+00
1.000000e-01	1.200000e-01	0.000000e+00	0.000000e+00	0.000000e+00
1.200000e-01	1.400000e-01	0.000000e+00	0.000000e+00	0.000000e+00
1.400000e-01	1.600000e-01	0.000000e+00	0.000000e+00	0.000000e+00
1.600000e-01	1.800000e-01	0.000000e+00	0.000000e+00	0.000000e+00
1.800000e-01	2.000000e-01	0.000000e+00	0.000000e+00	0.000000e+00
2.000000e-01	2.200000e-01	0.000000e+00	0.000000e+00	0.000000e+00
2.200000e-01	2.400000e-01	0.000000e+00	0.000000e+00	0.000000e+00
2.400000e-01	2.600000e-01	0.000000e+00	0.000000e+00	0.000000e+00
2.600000e-01	2.800000e-01	0.000000e+00	0.000000e+00	0.000000e+00
2.800000e-01	3.000000e-01	0.000000e+00	0.000000e+00	0.000000e+00
3.000000e-01	3.200000e-01	0.000000e+00	0.000000e+00	0.000000e+00
3.200000e-01	3.400000e-01	0.000000e+00	0.000000e+00	0.000000e+00
3.400000e-01	3.600000e-01	0.000000e+00	0.000000e+00	0.000000e+00
3.600000e-01	3.800000e-01	0.000000e+00	0.000000e+00	0.000000e+00
3.800000e-01	4.000000e-01	0.000000e+00	0.000000e+00	0.000000e+00
4.000000e-01	4.200000e-01	0.000000e+00	0.000000e+00	0.000000e+00
4.200000e-01	4.400000e-01	0.000000e+00	0.000000e+00	0.000000e+00
4.400000e-01	4.600000e-01	0.000000e+00	0.000000e+00	0.000000e+00
4.600000e-01	4.800000e-01	0.000000e+00	0.000000e+00	0.000000e+00
4.800000e-01	5.000000e-01	0.000000e+00	0.000000e+00	0.000000e+00
5.000000e-01	5.200000e-01	0.000000e+00	0.000000e+00	0.000000e+00
5.200000e-01	5.400000e-01	0.000000e+00	0.000000e+00	0.000000e+00
5.400000e-01	5.600000e-01	0.000000e+00	0.000000e+00	0.000000e+00
5.600000e-01	5.800000e-01	0.000000e+00	0.000000e+00	0.000000e+00
5.800000e-01	6.000000e-01	0.000000e+00	0.000000e+00	0.000000e+00
6.000000e-01	6.200000e-01	0.000000e+00	0.000000e+00	0.000000e+00
6.200000e-01	6.400000e-01	0.000000e+00	0.000000e+00	0.000000e+00
6.400000e-01	6.600000e-01	0.000000e+00	0.000000e+00	0.000000e+00
6.600000e-01	6.800000e-01	0.000000e+00	0.000000e+00	0.000000e+00
6.800000e-01	7.000000e-01	0.000000e+00	0.000000e+00	0.000000e+00
7.000000e-01	7.200000e-01	0.000000e+00	0.000000e+00	0.000000e+00
7.200000e-01	7.400000e-01	0.000000e+00	0.000000e+00	0.000000e+00
7.400000e-01	7.600000e-01	0.000000e+00	0.000000e+00	0.000000e+00
7.600000e-01	7.800000e-01	0.000000e+00	0.000000e+00	0.000000e+00
7.800000e-01	8.000000e-01	0.000000e+00	0.000000e+00	0.000000e+00
8.000000e-01	8.200000e-01	0.000000e+00	0.000000e+00	0.000000e+00
8.200000e-01	8.400000e-01	0.000000e+00	0.000000e+00	0.000000e+00
8.400000e-01	8.600000e-01	0.000000e+00	0.000000e+00	0.000000e+00
8.600000e-01	8.800000e-01	0.000000e+00	0.000000e+00	0.000000e+00
8.800000e-01	9.000000e-01	0.000000e+00	0.000000e+00	0.000000e+00
9.000000e-01	9.200000e-01	0.000000e+00	0.000000e+00	0.000000e+00
9.200000e-01	9.400000e-01	0.000000e+00	0.000000e+00	0.000000e+00
9.400000e-01	9.600000e-01	0.000000e+00	0.000000e+00	0.000000e+00
9.600000e-01	9.800000e-01	0.000000e+00	0.000000e+00	0.000000e+00
9.800000e-01	1.000000e+00	0.000000e+00	0.000000e+00	0.000000e+00
1.000000e+00	1.020000e+00	0.000000e+00	0.000000e+00	0.000000e+00
1.020000e+00	1.040000e+00	0.000000e+00	0.000000e+00	0.000000e+00
1.040000e+00	1.060000e+00	0.000000e+00	0.000000e+00	0.000000e+00
1.060000e+00	1.080000e+00	0.000000e+00	0.000000e+00	0.000000e+00
1.080000e+00	1.100000e+00	0.000000e+00	0.000000e+00	0.000000e+00
1.100000e+00	1.120000e+00	0.000000e+00	0.000000e+00	0.000000e+00
1.120000e+00	1.140000e+00	0.000000e+00	0.000000e+00	0.000000e+00
1.140000e+00	1.160000e+00	0.000000e+00	0.000000e+00	0.000000e+00
1.160000e+00	1.180000e+00	0.000000e+00	0.000000e+00	0.000000e+00
1.180000e+00	1.200000e+00	0.000000e+00	0.000000e+00	0.000000e+00
1.200000e+00	1.220000e+00	0.000000e+00	0.000000e+00	0.000000e+00
1.220000e+00	1.240000e+00	0.000000e+00	0.000000e+00	0.000000e+00
1.240000e+00	1.260000e+00	0.000000e+00	0.000000e+00	0.000000e+00
1.260000e+00	1.280000e+00	0.000000e+00	0.000000e+00	0.000000e+00
1.280000e+00	1.300000e+00	0.000000e+00	0.000000e+00	0.000000e+00
1.300000e+00	1.320000e+00	0.000000e+00	0.000000e+00	0.000000e+00
1.320000e+00	1.340000e+00	0.000000e+00	0.000000e+00	0.000000e+00
1.340000e+00	1.360000e+00	0.000000e+00	0.000000e+00	0.000000e+00
1.360000e+00	1.380000e+00	0.000000e+00	0.000000e+00	0.000000e+00
1.380000e+00	1.400000e+00	2.164035e-01	1.835587e-01	1.835587e-01
1.400000e+00	1.420000e+00	0.000000e+00	0.000000e+00	0.000000e+00
1.420000e+00	1.440000e+00	0.000000e+00	0.000000e+00	0.000000e+00
1.440000e+00	1.460000e+00	0.000000e+00	0.000000e+00	0.000000e+00
1.460000e+00	1.480000e+00	0.000000e+00	0.000000e+00	0.000000e+00
1.480000e+00	1.500000e+00	0.000000e+00	0.000000e+00	0.000000e+00
1.500000e+00	1.520000e+00	0.000000e+00	0.000000e+00	0.000000e+00
1.520000e+00	1.540000e+00	0.000000e+00	0.000000e+00	0.000000e+00
1.540000e+00	1.560000e+00	0.000000e+00	0.000000e+00	0.000000e+00
1.560000e+00	1.580000e+00	0.000000e+00	0.000000e+00	0.000000e+00
1.580000e+00	1.600000e+00	0.000000e+00	0.000000e+00	0.000000e+00
1.600000e+00	1.620000e+00	2.724504e+00	1.898746e+00	1.898746e+00
1.620000e+00	1.640000e+00	0.000000e+00	0.000000e+00	0.000000e+00
1.640000e+00	1.660000e+00	0.000000e+00	0.000000e+00	0.000000e+00
1.660000e+00	1.680000e+00	0.000000e+00	0.000000e+00	0.000000e+00
1.680000e+00	1.700000e+00	0.000000e+00	0.000000e+00	0.000000e+00
1.700000e+00	1.720000e+00	0.000000e+00	0.000000e+00	0.000000e+00
1.720000e+00	1.740000e+00	0.000000e+00	0.000000e+00	0.000000e+00
1.740000e+00	1.760000e+00	0.000000e+00	0.000000e+00	0.000000e+00
1.760000e+00	1.780000e+00	0.000000e+00	0.000000e+00	0.000000e+00
1.780000e+00	1.800000e+00	3.386203e-01	1.830606e-01	1.830606e-01
1.800000e+00	1.820000e+00	0.000000e+00	0.000000e+00	0.000000e+00
1.820000e+00	1.840000e+00	0.000000e+00	0.000000e+00	0.000000e+00
1.840000e+00	1.860000e+00	0.000000e+00	0.000000e+00	0.000000e+00
1.860000e+00	1.880000e+00	0.000000e+00	0.000000e+00	0.000000e+00
1.880000e+00	1.900000e+00	0.000000e+00	0.000000e+00	0.000000e+00
1.900000e+00	1.920000e+00	0.000000e+00	0.000000e+00	0.000000e+00
1.920000e+00	1.940000e+00	0.000000e+00	0.000000e+00	0.000000e+00
1.940000e+00	1.960000e+00	3.770938e+00	2.451070e+00	2.451070e+00
1.960000e+00	1.980000e+00	0.000000e+00	0.000000e+00	0.000000e+00
1.980000e+00	2.000000e+00	0.000000e+00	0.000000e+00	0.000000e+00
2.000000e+00	2.020000e+00	0.000000e+00	0.000000e+00	0.000000e+00
2.020000e+00	2.040000e+00	0.000000e+00	0.000000e+00	0.000000e+00
2.040000e+00	2.060000e+00	0.000000e+00	0.000000e+00	0.000000e+00
2.060000e+00	2.080000e+00	1.263079e+00	5.172942e-01	5.172942e-01
2.080000e+00	2.100000e+00	0.000000e+00	0.000000e+00	0.000000e+00
2.100000e+00	2.120000e+00	0.000000e+00	0.000000e+00	0.000000e+00
2.120000e+00	2.140000e+00	0.000000e+00	0.000000e+00	0.000000e+00
2.140000e+00	2.160000e+00	0.000000e+00	0.000000e+00	0.000000e+00
2.160000e+00	2.180000e+00	0.000000e+00	0.000000e+00	0.000000e+00
2.180000e+00	2.200000e+00	1.379329e+00	5.281399e-01	5.281399e-01
2.200000e+00	2.220000e+00	0.000000e+00	0.000000e+00	0.000000e+00
2.220000e+00	2.240000e+00	0.000000e+00	0.000000e+00	0.000000e+00
2.240000e+00	2.260000e+00	0.000000e+00	0.000000e+00	0.000000e+00
2.260000e+00	2.280000e+00	0.000000e+00	0.000000e+00	0.000000e+00
2.280000e+00	2.300000e+00	0.000000e+00	0.000000e+00	0.000000e+00
2.300000e+00	2.320000e+00	4.785856e+00	1.558792e+00	1.558792e+00
2.320000e+00	2.340000e+00	0.000000e+00	0.000000e+00	0.000000e+00
2.340000e+00	2.360000e+00	0.000000e+00	0.000000e+00	0.000000e+00
2.360000e+00	2.380000e+00	0.000000e+00	0.000000e+00	0.000000e+00
2.380000e+00	2.400000e+00	2.778985e+00	8.047462e-01	8.047462e-01
2.400000e+00	2.420000e+00	0.000000e+00	0.000000e+00	0.000000e+00
2.420000e+00	2.440000e+00	0.000000e+00	0.000000e+00	0.000000e+00
2.440000e+00	2.460000e+00	0.000000e+00	0.000000e+00	0.000000e+00
2.460000e+00	2.480000e+00	0.000000e+00	0.000000e+00	0.000000e+00
2.480000e+00	2.500000e+00	4.965748e+00	1.552985e+00	1.552985e+00
2.500000e+00	2.520000e+00	0.000000e+00	0.000000e+00	0.000000e+00
2.520000e+00	2.540000e+00	0.000000e+00	0.000000e+00	0.000000e+00
2.540000e+00	2.560000e+00	0.000000e+00	0.000000e+00	0.000000e+00
2.560000e+00	2.580000e+00	1.161543e+00	2.627340e-01	2.627340e-01
2.580000e+00	2.600000e+00	0.000000e+00	0.000000e+00	0.000000e+00
2.600000e+00	2.620000e+00	0.000000e+00	0.000000e+00	0.000000e+00
2.620000e+00	2.640000e+00	3.825713e+00	1.603190e+00	1.603190e+00
2.640000e+00	2.660000e+00	0.000000e+00	0.000000e+00	0.000000e+00
2.660000e+00	2.680000e+00	0.000000e+00	0.000000e+00	0.000000e+00
2.680000e+00	2.700000e+00	0.000000e+00	0.000000e+00	0.000000e+00
2.700000e+00	2.720000e+00	2.414880e+00	6.875385e-01	6.875385e-01
2.720000e+00	2.740000e+00	0.000000e+00	0.000000e+00	0.000000e+00
2.740000e+00	2.760000e+00	0.000000e+00	0.000000e+00	0.000000e+00
2.760000e+00	2.780000e+00	1.864400e+00	6.050645e-01	6.050645e-01
2.780000e+00	2.800000e+00	0.000000e+00	0.000000e+00	0.000000e+00
2.800000e+00	2.820000e+00	0.000000e+00	0.000000e+00	0.000000e+00
2.820000e+00	2.840000e+00	2.279269e+00	5.847884e-01	5.847884e-01
2.840000e+00	2.860000e+00	0.000000e+00	0.000000e+00	0.000000e+00
2.860000e+00	2.880000e+00	0.000000e+00	0.000000e+00	0.000000e+00
2.880000e+00	2.900000e+00	3.496396e+00	1.374288e+00	1.374288e+00
2.900000e+00	2.920000e+00	0.000000e+00	0.000000e+00	0.000000e+00
2.920000e+00	2.940000e+00	0.000000e+00	0.000000e+00	0.000000e+00
2.940000e+00	2.960000e+00	2.196438e+00	7.028245e-01	7.028245e-01
2.960000e+00	2.980000e+00	0.000000e+00	0.000000e+00	0.000000e+00
2.980000e+00	3.000000e+00	1.033718e+00	2.971502e-01	2.971502e-01
3.000000e+00	3.020000e+00	0.000000e+00	0.000000e+00	0.000000e+00
3.020000e+00	3.040000e+00	0.000000e+00	0.000000e+00	0.000000e+00
3.040000e+00	3.060000e+00	9.566175e-01	2.964063e-01	2.964063e-01
3.060000e+00	3.080000e+00	0.000000e+00	0.000000e+00	0.000000e+00
3.080000e+00	3.100000e+00	1.314055e+00	4.291306e-01	4.291306e-01
3.100000e+00	3.120000e+00	0.000000e+00	0.000000e+00	0.000000e+00
3.120000e+00	3.140000e+00	1.534674e+00	8.109801e-01	8.109801e-01
3.140000e+00	3.160000e+00	0.000000e+00	0.000000e+00	0.000000e+00
3.160000e+00	3.180000e+00	5.148445e-01	1.618596e-01	1.618596e-01
3.180000e+00	3.200000e+00	0.000000e+00	0.000000e+00	0.000000e+00
3.200000e+00	3.220000e+00	9.821575e-01	3.502872e-01	3.502872e-01
3.220000e+00	3.240000e+00	0.000000e+00	0.000000e+00	0.000000e+00
3.240000e+00	3.260000e+00	4.723572e-01	1.905495e-01	1.905495e-01
3.260000e+00	3.280000e+00	0.000000e+00	0.000000e+00	0.000000e+00
3.280000e+00	3.300000e+00	8.901205e-01	2.978245e-01	2.978245e-01
3.300000e+00	3.320000e+00	0.000000e+00	0.000000e+00	0.000000e+00
3.320000e+00	3.340000e+00	3.597080e-01	1.000883e-01	1.000883e-01
3.340000e+00	3.360000e+00	0.000000e+00	0.000000e+00	0.000000e+00
3.360000e+00	3.380000e+00	3.181497e-01	1.799923e-01	1.799923e-01
3.380000e+00	3.400000e+00	0.000000e+00	0.000000e+00	0.000000e+00
3.400000e+00	3.420000e+00	1.993608e-01	7.377811e-02	7.377811e-02
3.420000e+00	3.440000e+00	2.268112e-01	6.338651e-02	6.338651e-02
3.440000e+00	3.460000e+00	0.000000e+00	0.000000e+00	0.000000e+00
3.460000e+00	3.480000e+00	4.580562e-01	2.067914e-01	2.067914e-01
3.480000e+00	3.500000e+00	7.481920e-02	3.098787e-02	3.098787e-02
3.500000e+00	3.520000e+00	0.000000e+00	0.000000e+00	0.000000e+00
3.520000e+00	3.540000e+00	1.554230e-01	6.241743e-02	6.241743e-02
3.540000e+00	3.560000e+00	9.743330e-02	5.270562e-02	5.270562e-02
3.560000e+00	3.580000e+00	0.000000e+00	0.000000e+00	0.000000e+00
3.580000e+00	3.600000e+00	6.984095e-02	2.823523e-02	2.823523e-02
3.600000e+00	3.620000e+00	2.570543e-02	1.009656e-02	1.009656e-02
3.620000e+00	3.640000e+00	2.210644e-01	1.819775e-01	1.819775e-01
3.640000e+00	3.660000e+00	0.000000e+00	0.000000e+00	0.000000e+00
3.660000e+00	3.680000e+00	2.966752e-02	1.123422e-02	1.123422e-02
3.680000e+00	3.700000e+00	7.011340e-02	5.278253e-02	5.278253e-02
3.700000e+00	3.720000e+00	7.946880e-02	2.969832e-02	2.969832e-02
3.720000e+00	3.740000e+00	1.902614e-02	1.039625e-02	1.039625e-02
3.740000e+00	3.760000e+00	0.000000e+00	0.000000e+00	0.000000e+00
3.760000e+00	3.780000e+00	6.184105e-02	3.917656e-02	3.917656e-02
3.780000e+00	3.800000e+00	1.831028e-02	1.247560e-02	1.247560e-02
3.800000e+00	3.820000e+00	1.137061e-02	5.339441e-03	5.339441e-03
3.820000e+00	3.840000e+00	9.126535e-03	5.376586e-03	5.376586e-03
3.840000e+00	3.860000e+00	1.204075e-02	6.462337e-03	6.462337e-03
3.860000e+00	3.880000e+00	2.808787e-01	2.695839e-01	2.695839e-01
3.880000e+00	3.900000e+00	2.301339e-03	8.827866e-04	8.827866e-04
3.900000e+00	3.920000e+00	4.210854e-03	2.307345e-03	2.307345e-03
3.920000e+00	3.940000e+00	4.088869e-03	2.561480e-03	2.561480e-03
3.940000e+00	3.960000e+00	1.620818e-02	9.713864e-03	9.713864e-03
3.960000e+00	3.980000e+00	2.734914e-03	1.655020e-03	1.655020e-03
3.980000e+00	4.000000e+00	1.487485e-03	9.706502e-04	9.706502e-04
4.000000e+00	4.020000e+00	7.029890e-04	3.468172e-04	3.468172e-04
4.020000e+00	4.040000e+00	5.460060e-04	2.653968e-04	2.653968e-04
4.040000e+00	4.060000e+00	9.304310e-04	5.338183e-04	5.338183e-04
4.060000e+00	4.080000e+00	1.758700e-03	1.118658e-03	1.118658e-03
4.080000e+00	4.100000e+00	1.987925e-03	1.331562e-03	1.331562e-03
4.100000e+00	4.120000e+00	1.575020e-03	1.131897e-03	1.131897e-03
4.120000e+00	4.140000e+00	3.772330e-06	3.772330e-06	3.772330e-06
4.140000e+00	4.160000e+00	1.213376e-03	9.438305e-04	9.438305e-04
4.160000e+00	4.180000e+00	3.749225e-04	1.948789e-04	1.948789e-04
4.180000e+00	4.200000e+00	1.217105e-04	6.711308e-05	6.711308e-05
4.200000e+00	4.220000e+00	4.511523e-04	4.082236e-04	4.082236e-04
4.220000e+00	4.240000e+00	1.369860e-05	9.698767e-06	9.698767e-06
4.240000e+00	4.260000e+00	1.577449e-04	1.213888e-04	1.213888e-04
4.260000e+00	4.280000e+00	0.000000e+00	0.000000e+00	0.000000e+00
4.280000e+00	4.300000e+00	4.780341e-06	4.780341e-06	4.780341e-06
4.300000e+00	4.320000e+00	5.452935e-05	3.857717e-05	3.857717e-05
4.320000e+00	4.340000e+00	1.392989e-04	1.065820e-04	1.065820e-04
4.340000e+00	4.360000e+00	6.240060e-06	6.240060e-06	6.240060e-06
4.360000e+00	4.380000e+00	0.000000e+00	0.000000e+00	0.000000e+00
4.380000e+00	4.400000e+00	5.948570e-05	5.948569e-05	5.948569e-05
4.400000e+00	4.420000e+00	0.000000e+00	0.000000e+00	0.000000e+00
4.420000e+00	4.440000e+00	0.000000e+00	0.000000e+00	0.000000e+00
4.440000e+00	4.460000e+00	0.000000e+00	0.000000e+00	0.000000e+00
4.460000e+00	4.480000e+00	0.000000e+00	0.000000e+00	0.000000e+00
4.480000e+00	4.500000e+00	0.000000e+00	0.000000e+00	0.000000e+00
4.500000e+00	4.520000e+00	0.000000e+00	0.000000e+00	0.000000e+00
4.520000e+00	4.540000e+00	0.000000e+00	0.000000e+00	0.000000e+00
4.540000e+00	4.560000e+00	0.000000e+00	0.000000e+00	0.000000e+00
4.560000e+00	4.580000e+00	0.000000e+00	0.000000e+00	0.000000e+00
4.580000e+00	4.600000e+00	0.000000e+00	0.000000e+00	0.000000e+00
4.600000e+00	4.620000e+00	0.000000e+00	0.000000e+00	0.000000e+00
4.620000e+00	4.640000e+00	0.000000e+00	0.000000e+00	0.000000e+00
4.640000e+00	4.660000e+00	0.000000e+00	0.000000e+00	0.000000e+00
4.660000e+00	4.680000e+00	0.000000e+00	0.000000e+00	0.000000e+00
4.680000e+00	4.700000e+00	0.000000e+00	0.000000e+00	0.000000e+00
4.700000e+00	4.720000e+00	0.000000e+00	0.000000e+00	0.000000e+00
4.720000e+00	4.740000e+00	0.000000e+00	0.000000e+00	0.000000e+00
4.740000e+00	4.760000e+00	0.000000e+00	0.000000e+00	0.000000e+00
4.760000e+00	4.780000e+00	0.000000e+00	0.000000e+00	0.000000e+00
4.780000e+00	4.800000e+00	0.000000e+00	0.000000e+00	0.000000e+00
4.800000e+00	4.820000e+00	0.000000e+00	0.000000e+00	0.000000e+00
4.820000e+00	4.840000e+00	0.000000e+00	0.000000e+00	0.000000e+00
4.840000e+00	4.860000e+00	0.000000e+00	0.000000e+00	0.000000e+00
4.860000e+00	4.880000e+00	0.000000e+00	0.000000e+00	0.000000e+00
4.880000e+00	4.900000e+00	0.000000e+00	0.000000e+00	0.000000e+00
4.900000e+00	4.920000e+00	0.000000e+00	0.000000e+00	0.000000e+00
4.920000e+00	4.940000e+00	0.000000e+00	0.000000e+00	0.000000e+00
4.940000e+00	4.960000e+00	0.000000e+00	0.000000e+00	0.000000e+00
4.960000e+00	4.980000e+00	0.000000e+00	0.000000e+00	0.000000e+00
4.980000e+00	5.000000e+00	0.000000e+00	0.000000e+00	0.000000e+00
5.000000e+00	5.020000e+00	0.000000e+00	0.000000e+00	0.000000e+00
5.020000e+00	5.040000e+00	0.000000e+00	0.000000e+00	0.000000e+00
5.040000e+00	5.060000e+00	0.000000e+00	0.000000e+00	0.000000e+00
5.060000e+00	5.080000e+00	0.000000e+00	0.000000e+00	0.000000e+00
5.080000e+00	5.100000e+00	0.000000e+00	0.000000e+00	0.000000e+00
5.100000e+00	5.120000e+00	0.000000e+00	0.000000e+00	0.000000e+00
5.120000e+00	5.140000e+00	0.000000e+00	0.000000e+00	0.000000e+00
5.140000e+00	5.160000e+00	0.000000e+00	0.000000e+00	0.000000e+00
5.160000e+00	5.180000e+00	0.000000e+00	0.000000e+00	0.000000e+00
5.180000e+00	5.200000e+00	0.000000e+00	0.000000e+00	0.000000e+00
5.200000e+00	5.220000e+00	0.000000e+00	0.000000e+00	0.000000e+00
5.220000e+00	5.240000e+00	0.000000e+00	0.000000e+00	0.000000e+00
5.240000e+00	5.260000e+00	0.000000e+00	0.000000e+00	0.000000e+00
5.260000e+00	5.280000e+00	0.000000e+00	0.000000e+00	0.000000e+00
5.280000e+00	5.300000e+00	0.000000e+00	0.000000e+00	0.000000e+00
5.300000e+00	5.320000e+00	0.000000e+00	0.000000e+00	0.000000e+00
5.320000e+00	5.340000e+00	0.000000e+00	0.000000e+00	0.000000e+00
5.340000e+00	5.360000e+00	0.000000e+00	0.000000e+00	0.000000e+00
5.360000e+00	5.380000e+00	0.000000e+00	0.000000e+00	0.000000e+00
5.380000e+00	5.400000e+00	0.000000e+00	0.000000e+00	0.000000e+00
5.400000e+00	5.420000e+00	0.000000e+00	0.000000e+00	0.000000e+00
5.420000e+00	5.440000e+00	0.000000e+00	0.000000e+00	0.000000e+00
5.440000e+00	5.460000e+00	0.000000e+00	0.000000e+00	0.000000e+00
5.460000e+00	5.480000e+00	0.000000e+00	0.000000e+00	0.000000e+00
5.480000e+00	5.500000e+00	0.000000e+00	0.000000e+00	0.000000e+00
5.500000e+00	5.520000e+00	0.000000e+00	0.000000e+00	0.000000e+00
5.520000e+00	5.540000e+00	0.000000e+00	0.000000e+00	0.000000e+00
5.540000e+00	5.560000e+00	0.000000e+00	0.000000e+00	0.000000e+00
5.560000e+00	5.580000e+00	0.000000e+00	0.000000e+00	0.000000e+00
5.580000e+00	5.600000e+00	0.000000e+00	0.000000e+00	0.000000e+00
5.600000e+00	5.620000e+00	0.000000e+00	0.000000e+00	0.000000e+00
5.620000e+00	5.640000e+00	0.000000e+00	0.000000e+00	0.000000e+00
5.640000e+00	5.660000e+00	0.000000e+00	0.000000e+00	0.000000e+00
5.660000e+00	5.680000e+00	0.000000e+00	0.000000e+00	0.000000e+00
5.680000e+00	5.700000e+00	0.000000e+00	0.000000e+00	0.000000e+00
5.700000e+00	5.720000e+00	0.000000e+00	0.000000e+00	0.000000e+00
5.720000e+00	5.740000e+00	0.000000e+00	0.000000e+00	0.000000e+00
5.740000e+00	5.760000e+00	0.000000e+00	0.000000e+00	0.000000e+00
5.760000e+00	5.780000e+00	0.000000e+00	0.000000e+00	0.000000e+00
5.780000e+00	5.800000e+00	0.000000e+00	0.000000e+00	0.000000e+00
5.800000e+00	5.820000e+00	0.000000e+00	0.000000e+00	0.000000e+00
5.820000e+00	5.840000e+00	0.000000e+00	0.000000e+00	0.000000e+00
5.840000e+00	5.860000e+00	0.000000e+00	0.000000e+00	0.000000e+00
5.860000e+00	5.880000e+00	0.000000e+00	0.000000e+00	0.000000e+00
5.880000e+00	5.900000e+00	0.000000e+00	0.000000e+00	0.000000e+00
5.900000e+00	5.920000e+00	0.000000e+00	0.000000e+00	0.000000e+00
5.920000e+00	5.940000e+00	0.000000e+00	0.000000e+00	0.000000e+00
5.940000e+00	5.960000e+00	0.000000e+00	0.000000e+00	0.000000e+00
5.960000e+00	5.980000e+00	0.000000e+00	0.000000e+00	0.000000e+00
5.980000e+00	6.000000e+00	0.000000e+00	0.000000e+00	0.000000e+00
# END HISTO1D

# BEGIN HISTO1D //afs/cern.ch/user/d/dkar/lh2015-qg/Vincia-2001/lhc/hadron/zjet_born.yoda/MC_LHQG_Zjet/log_GA_00_00_Q50_R2
LineColor=blue
LineStyle=solid
Path=//afs/cern.ch/user/d/dkar/lh2015-qg/Vincia-2001/lhc/hadron/zjet_born.yoda/MC_LHQG_Zjet/log_GA_00_00_Q50_R2
ScaledBy=0.083333333333333329
Title=zjet_born
XLabel=
YLabel=
# xlow	 xhigh	 val	 errminus	 errplus
0.000000e+00	2.000000e-02	4.166666e+00	4.166667e+00	4.166667e+00
2.000000e-02	4.000000e-02	0.000000e+00	0.000000e+00	0.000000e+00
4.000000e-02	6.000000e-02	0.000000e+00	0.000000e+00	0.000000e+00
6.000000e-02	8.000000e-02	0.000000e+00	0.000000e+00	0.000000e+00
8.000000e-02	1.000000e-01	0.000000e+00	0.000000e+00	0.000000e+00
1.000000e-01	1.200000e-01	0.000000e+00	0.000000e+00	0.000000e+00
1.200000e-01	1.400000e-01	0.000000e+00	0.000000e+00	0.000000e+00
1.400000e-01	1.600000e-01	0.000000e+00	0.000000e+00	0.000000e+00
1.600000e-01	1.800000e-01	0.000000e+00	0.000000e+00	0.000000e+00
1.800000e-01	2.000000e-01	0.000000e+00	0.000000e+00	0.000000e+00
2.000000e-01	2.200000e-01	0.000000e+00	0.000000e+00	0.000000e+00
2.200000e-01	2.400000e-01	0.000000e+00	0.000000e+00	0.000000e+00
2.400000e-01	2.600000e-01	0.000000e+00	0.000000e+00	0.000000e+00
2.600000e-01	2.800000e-01	0.000000e+00	0.000000e+00	0.000000e+00
2.800000e-01	3.000000e-01	0.000000e+00	0.000000e+00	0.000000e+00
3.000000e-01	3.200000e-01	0.000000e+00	0.000000e+00	0.000000e+00
3.200000e-01	3.400000e-01	0.000000e+00	0.000000e+00	0.000000e+00
3.400000e-01	3.600000e-01	0.000000e+00	0.000000e+00	0.000000e+00
3.600000e-01	3.800000e-01	0.000000e+00	0.000000e+00	0.000000e+00
3.800000e-01	4.000000e-01	0.000000e+00	0.000000e+00	0.000000e+00
4.000000e-01	4.200000e-01	0.000000e+00	0.000000e+00	0.000000e+00
4.200000e-01	4.400000e-01	0.000000e+00	0.000000e+00	0.000000e+00
4.400000e-01	4.600000e-01	0.000000e+00	0.000000e+00	0.000000e+00
4.600000e-01	4.800000e-01	0.000000e+00	0.000000e+00	0.000000e+00
4.800000e-01	5.000000e-01	0.000000e+00	0.000000e+00	0.000000e+00
5.000000e-01	5.200000e-01	0.000000e+00	0.000000e+00	0.000000e+00
5.200000e-01	5.400000e-01	0.000000e+00	0.000000e+00	0.000000e+00
5.400000e-01	5.600000e-01	0.000000e+00	0.000000e+00	0.000000e+00
5.600000e-01	5.800000e-01	0.000000e+00	0.000000e+00	0.000000e+00
5.800000e-01	6.000000e-01	0.000000e+00	0.000000e+00	0.000000e+00
6.000000e-01	6.200000e-01	0.000000e+00	0.000000e+00	0.000000e+00
6.200000e-01	6.400000e-01	0.000000e+00	0.000000e+00	0.000000e+00
6.400000e-01	6.600000e-01	0.000000e+00	0.000000e+00	0.000000e+00
6.600000e-01	6.800000e-01	0.000000e+00	0.000000e+00	0.000000e+00
6.800000e-01	7.000000e-01	0.000000e+00	0.000000e+00	0.000000e+00
7.000000e-01	7.200000e-01	0.000000e+00	0.000000e+00	0.000000e+00
7.200000e-01	7.400000e-01	0.000000e+00	0.000000e+00	0.000000e+00
7.400000e-01	7.600000e-01	0.000000e+00	0.000000e+00	0.000000e+00
7.600000e-01	7.800000e-01	0.000000e+00	0.000000e+00	0.000000e+00
7.800000e-01	8.000000e-01	0.000000e+00	0.000000e+00	0.000000e+00
8.000000e-01	8.200000e-01	0.000000e+00	0.000000e+00	0.000000e+00
8.200000e-01	8.400000e-01	0.000000e+00	0.000000e+00	0.000000e+00
8.400000e-01	8.600000e-01	0.000000e+00	0.000000e+00	0.000000e+00
8.600000e-01	8.800000e-01	0.000000e+00	0.000000e+00	0.000000e+00
8.800000e-01	9.000000e-01	0.000000e+00	0.000000e+00	0.000000e+00
9.000000e-01	9.200000e-01	0.000000e+00	0.000000e+00	0.000000e+00
9.200000e-01	9.400000e-01	0.000000e+00	0.000000e+00	0.000000e+00
9.400000e-01	9.600000e-01	0.000000e+00	0.000000e+00	0.000000e+00
9.600000e-01	9.800000e-01	0.000000e+00	0.000000e+00	0.000000e+00
9.800000e-01	1.000000e+00	0.000000e+00	0.000000e+00	0.000000e+00
1.000000e+00	1.020000e+00	0.000000e+00	0.000000e+00	0.000000e+00
1.020000e+00	1.040000e+00	0.000000e+00	0.000000e+00	0.000000e+00
1.040000e+00	1.060000e+00	0.000000e+00	0.000000e+00	0.000000e+00
1.060000e+00	1.080000e+00	0.000000e+00	0.000000e+00	0.000000e+00
1.080000e+00	1.100000e+00	4.166666e+00	4.166667e+00	4.166667e+00
1.100000e+00	1.120000e+00	0.000000e+00	0.000000e+00	0.000000e+00
1.120000e+00	1.140000e+00	0.000000e+00	0.000000e+00	0.000000e+00
1.140000e+00	1.160000e+00	0.000000e+00	0.000000e+00	0.000000e+00
1.160000e+00	1.180000e+00	0.000000e+00	0.000000e+00	0.000000e+00
1.180000e+00	1.200000e+00	0.000000e+00	0.000000e+00	0.000000e+00
1.200000e+00	1.220000e+00	0.000000e+00	0.000000e+00	0.000000e+00
1.220000e+00	1.240000e+00	0.000000e+00	0.000000e+00	0.000000e+00
1.240000e+00	1.260000e+00	0.000000e+00	0.000000e+00	0.000000e+00
1.260000e+00	1.280000e+00	0.000000e+00	0.000000e+00	0.000000e+00
1.280000e+00	1.300000e+00	0.000000e+00	0.000000e+00	0.000000e+00
1.300000e+00	1.320000e+00	0.000000e+00	0.000000e+00	0.000000e+00
1.320000e+00	1.340000e+00	0.000000e+00	0.000000e+00	0.000000e+00
1.340000e+00	1.360000e+00	0.000000e+00	0.000000e+00	0.000000e+00
1.360000e+00	1.380000e+00	0.000000e+00	0.000000e+00	0.000000e+00
1.380000e+00	1.400000e+00	0.000000e+00	0.000000e+00	0.000000e+00
1.400000e+00	1.420000e+00	0.000000e+00	0.000000e+00	0.000000e+00
1.420000e+00	1.440000e+00	0.000000e+00	0.000000e+00	0.000000e+00
1.440000e+00	1.460000e+00	0.000000e+00	0.000000e+00	0.000000e+00
1.460000e+00	1.480000e+00	0.000000e+00	0.000000e+00	0.000000e+00
1.480000e+00	1.500000e+00	0.000000e+00	0.000000e+00	0.000000e+00
1.500000e+00	1.520000e+00	0.000000e+00	0.000000e+00	0.000000e+00
1.520000e+00	1.540000e+00	0.000000e+00	0.000000e+00	0.000000e+00
1.540000e+00	1.560000e+00	0.000000e+00	0.000000e+00	0.000000e+00
1.560000e+00	1.580000e+00	0.000000e+00	0.000000e+00	0.000000e+00
1.580000e+00	1.600000e+00	0.000000e+00	0.000000e+00	0.000000e+00
1.600000e+00	1.620000e+00	4.166666e+00	4.166667e+00	4.166667e+00
1.620000e+00	1.640000e+00	0.000000e+00	0.000000e+00	0.000000e+00
1.640000e+00	1.660000e+00	0.000000e+00	0.000000e+00	0.000000e+00
1.660000e+00	1.680000e+00	0.000000e+00	0.000000e+00	0.000000e+00
1.680000e+00	1.700000e+00	0.000000e+00	0.000000e+00	0.000000e+00
1.700000e+00	1.720000e+00	0.000000e+00	0.000000e+00	0.000000e+00
1.720000e+00	1.740000e+00	0.000000e+00	0.000000e+00	0.000000e+00
1.740000e+00	1.760000e+00	0.000000e+00	0.000000e+00	0.000000e+00
1.760000e+00	1.780000e+00	0.000000e+00	0.000000e+00	0.000000e+00
1.780000e+00	1.800000e+00	0.000000e+00	0.000000e+00	0.000000e+00
1.800000e+00	1.820000e+00	0.000000e+00	0.000000e+00	0.000000e+00
1.820000e+00	1.840000e+00	0.000000e+00	0.000000e+00	0.000000e+00
1.840000e+00	1.860000e+00	0.000000e+00	0.000000e+00	0.000000e+00
1.860000e+00	1.880000e+00	0.000000e+00	0.000000e+00	0.000000e+00
1.880000e+00	1.900000e+00	0.000000e+00	0.000000e+00	0.000000e+00
1.900000e+00	1.920000e+00	0.000000e+00	0.000000e+00	0.000000e+00
1.920000e+00	1.940000e+00	0.000000e+00	0.000000e+00	0.000000e+00
1.940000e+00	1.960000e+00	0.000000e+00	0.000000e+00	0.000000e+00
1.960000e+00	1.980000e+00	0.000000e+00	0.000000e+00	0.000000e+00
1.980000e+00	2.000000e+00	0.000000e+00	0.000000e+00	0.000000e+00
2.000000e+00	2.020000e+00	0.000000e+00	0.000000e+00	0.000000e+00
2.020000e+00	2.040000e+00	0.000000e+00	0.000000e+00	0.000000e+00
2.040000e+00	2.060000e+00	0.000000e+00	0.000000e+00	0.000000e+00
2.060000e+00	2.080000e+00	4.166666e+00	4.166667e+00	4.166667e+00
2.080000e+00	2.100000e+00	0.000000e+00	0.000000e+00	0.000000e+00
2.100000e+00	2.120000e+00	0.000000e+00	0.000000e+00	0.000000e+00
2.120000e+00	2.140000e+00	0.000000e+00	0.000000e+00	0.000000e+00
2.140000e+00	2.160000e+00	0.000000e+00	0.000000e+00	0.000000e+00
2.160000e+00	2.180000e+00	0.000000e+00	0.000000e+00	0.000000e+00
2.180000e+00	2.200000e+00	4.166666e+00	4.166667e+00	4.166667e+00
2.200000e+00	2.220000e+00	0.000000e+00	0.000000e+00	0.000000e+00
2.220000e+00	2.240000e+00	0.000000e+00	0.000000e+00	0.000000e+00
2.240000e+00	2.260000e+00	0.000000e+00	0.000000e+00	0.000000e+00
2.260000e+00	2.280000e+00	0.000000e+00	0.000000e+00	0.000000e+00
2.280000e+00	2.300000e+00	0.000000e+00	0.000000e+00	0.000000e+00
2.300000e+00	2.320000e+00	0.000000e+00	0.000000e+00	0.000000e+00
2.320000e+00	2.340000e+00	0.000000e+00	0.000000e+00	0.000000e+00
2.340000e+00	2.360000e+00	0.000000e+00	0.000000e+00	0.000000e+00
2.360000e+00	2.380000e+00	0.000000e+00	0.000000e+00	0.000000e+00
2.380000e+00	2.400000e+00	8.333335e+00	5.892557e+00	5.892557e+00
2.400000e+00	2.420000e+00	0.000000e+00	0.000000e+00	0.000000e+00
2.420000e+00	2.440000e+00	0.000000e+00	0.000000e+00	0.000000e+00
2.440000e+00	2.460000e+00	0.000000e+00	0.000000e+00	0.000000e+00
2.460000e+00	2.480000e+00	0.000000e+00	0.000000e+00	0.000000e+00
2.480000e+00	2.500000e+00	0.000000e+00	0.000000e+00	0.000000e+00
2.500000e+00	2.520000e+00	0.000000e+00	0.000000e+00	0.000000e+00
2.520000e+00	2.540000e+00	0.000000e+00	0.000000e+00	0.000000e+00
2.540000e+00	2.560000e+00	0.000000e+00	0.000000e+00	0.000000e+00
2.560000e+00	2.580000e+00	0.000000e+00	0.000000e+00	0.000000e+00
2.580000e+00	2.600000e+00	0.000000e+00	0.000000e+00	0.000000e+00
2.600000e+00	2.620000e+00	0.000000e+00	0.000000e+00	0.000000e+00
2.620000e+00	2.640000e+00	0.000000e+00	0.000000e+00	0.000000e+00
2.640000e+00	2.660000e+00	0.000000e+00	0.000000e+00	0.000000e+00
2.660000e+00	2.680000e+00	0.000000e+00	0.000000e+00	0.000000e+00
2.680000e+00	2.700000e+00	0.000000e+00	0.000000e+00	0.000000e+00
2.700000e+00	2.720000e+00	0.000000e+00	0.000000e+00	0.000000e+00
2.720000e+00	2.740000e+00	0.000000e+00	0.000000e+00	0.000000e+00
2.740000e+00	2.760000e+00	0.000000e+00	0.000000e+00	0.000000e+00
2.760000e+00	2.780000e+00	4.166666e+00	4.166667e+00	4.166667e+00
2.780000e+00	2.800000e+00	0.000000e+00	0.000000e+00	0.000000e+00
2.800000e+00	2.820000e+00	0.000000e+00	0.000000e+00	0.000000e+00
2.820000e+00	2.840000e+00	8.333335e+00	5.892557e+00	5.892557e+00
2.840000e+00	2.860000e+00	0.000000e+00	0.000000e+00	0.000000e+00
2.860000e+00	2.880000e+00	0.000000e+00	0.000000e+00	0.000000e+00
2.880000e+00	2.900000e+00	0.000000e+00	0.000000e+00	0.000000e+00
2.900000e+00	2.920000e+00	0.000000e+00	0.000000e+00	0.000000e+00
2.920000e+00	2.940000e+00	0.000000e+00	0.000000e+00	0.000000e+00
2.940000e+00	2.960000e+00	0.000000e+00	0.000000e+00	0.000000e+00
2.960000e+00	2.980000e+00	0.000000e+00	0.000000e+00	0.000000e+00
2.980000e+00	3.000000e+00	0.000000e+00	0.000000e+00	0.000000e+00
3.000000e+00	3.020000e+00	0.000000e+00	0.000000e+00	0.000000e+00
3.020000e+00	3.040000e+00	0.000000e+00	0.000000e+00	0.000000e+00
3.040000e+00	3.060000e+00	0.000000e+00	0.000000e+00	0.000000e+00
3.060000e+00	3.080000e+00	0.000000e+00	0.000000e+00	0.000000e+00
3.080000e+00	3.100000e+00	4.166666e+00	4.166667e+00	4.166667e+00
3.100000e+00	3.120000e+00	0.000000e+00	0.000000e+00	0.000000e+00
3.120000e+00	3.140000e+00	0.000000e+00	0.000000e+00	0.000000e+00
3.140000e+00	3.160000e+00	0.000000e+00	0.000000e+00	0.000000e+00
3.160000e+00	3.180000e+00	0.000000e+00	0.000000e+00	0.000000e+00
3.180000e+00	3.200000e+00	0.000000e+00	0.000000e+00	0.000000e+00
3.200000e+00	3.220000e+00	0.000000e+00	0.000000e+00	0.000000e+00
3.220000e+00	3.240000e+00	0.000000e+00	0.000000e+00	0.000000e+00
3.240000e+00	3.260000e+00	0.000000e+00	0.000000e+00	0.000000e+00
3.260000e+00	3.280000e+00	0.000000e+00	0.000000e+00	0.000000e+00
3.280000e+00	3.300000e+00	4.166666e+00	4.166667e+00	4.166667e+00
3.300000e+00	3.320000e+00	0.000000e+00	0.000000e+00	0.000000e+00
3.320000e+00	3.340000e+00	0.000000e+00	0.000000e+00	0.000000e+00
3.340000e+00	3.360000e+00	0.000000e+00	0.000000e+00	0.000000e+00
3.360000e+00	3.380000e+00	0.000000e+00	0.000000e+00	0.000000e+00
3.380000e+00	3.400000e+00	0.000000e+00	0.000000e+00	0.000000e+00
3.400000e+00	3.420000e+00	0.000000e+00	0.000000e+00	0.000000e+00
3.420000e+00	3.440000e+00	0.000000e+00	0.000000e+00	0.000000e+00
3.440000e+00	3.460000e+00	0.000000e+00	0.000000e+00	0.000000e+00
3.460000e+00	3.480000e+00	0.000000e+00	0.000000e+00	0.000000e+00
3.480000e+00	3.500000e+00	0.000000e+00	0.000000e+00	0.000000e+00
3.500000e+00	3.520000e+00	0.000000e+00	0.000000e+00	0.000000e+00
3.520000e+00	3.540000e+00	0.000000e+00	0.000000e+00	0.000000e+00
3.540000e+00	3.560000e+00	0.000000e+00	0.000000e+00	0.000000e+00
3.560000e+00	3.580000e+00	0.000000e+00	0.000000e+00	0.000000e+00
3.580000e+00	3.600000e+00	0.000000e+00	0.000000e+00	0.000000e+00
3.600000e+00	3.620000e+00	0.000000e+00	0.000000e+00	0.000000e+00
3.620000e+00	3.640000e+00	0.000000e+00	0.000000e+00	0.000000e+00
3.640000e+00	3.660000e+00	0.000000e+00	0.000000e+00	0.000000e+00
3.660000e+00	3.680000e+00	0.000000e+00	0.000000e+00	0.000000e+00
3.680000e+00	3.700000e+00	0.000000e+00	0.000000e+00	0.000000e+00
3.700000e+00	3.720000e+00	0.000000e+00	0.000000e+00	0.000000e+00
3.720000e+00	3.740000e+00	0.000000e+00	0.000000e+00	0.000000e+00
3.740000e+00	3.760000e+00	0.000000e+00	0.000000e+00	0.000000e+00
3.760000e+00	3.780000e+00	0.000000e+00	0.000000e+00	0.000000e+00
3.780000e+00	3.800000e+00	0.000000e+00	0.000000e+00	0.000000e+00
3.800000e+00	3.820000e+00	0.000000e+00	0.000000e+00	0.000000e+00
3.820000e+00	3.840000e+00	0.000000e+00	0.000000e+00	0.000000e+00
3.840000e+00	3.860000e+00	0.000000e+00	0.000000e+00	0.000000e+00
3.860000e+00	3.880000e+00	0.000000e+00	0.000000e+00	0.000000e+00
3.880000e+00	3.900000e+00	0.000000e+00	0.000000e+00	0.000000e+00
3.900000e+00	3.920000e+00	0.000000e+00	0.000000e+00	0.000000e+00
3.920000e+00	3.940000e+00	0.000000e+00	0.000000e+00	0.000000e+00
3.940000e+00	3.960000e+00	0.000000e+00	0.000000e+00	0.000000e+00
3.960000e+00	3.980000e+00	0.000000e+00	0.000000e+00	0.000000e+00
3.980000e+00	4.000000e+00	0.000000e+00	0.000000e+00	0.000000e+00
4.000000e+00	4.020000e+00	0.000000e+00	0.000000e+00	0.000000e+00
4.020000e+00	4.040000e+00	0.000000e+00	0.000000e+00	0.000000e+00
4.040000e+00	4.060000e+00	0.000000e+00	0.000000e+00	0.000000e+00
4.060000e+00	4.080000e+00	0.000000e+00	0.000000e+00	0.000000e+00
4.080000e+00	4.100000e+00	0.000000e+00	0.000000e+00	0.000000e+00
4.100000e+00	4.120000e+00	0.000000e+00	0.000000e+00	0.000000e+00
4.120000e+00	4.140000e+00	0.000000e+00	0.000000e+00	0.000000e+00
4.140000e+00	4.160000e+00	0.000000e+00	0.000000e+00	0.000000e+00
4.160000e+00	4.180000e+00	0.000000e+00	0.000000e+00	0.000000e+00
4.180000e+00	4.200000e+00	0.000000e+00	0.000000e+00	0.000000e+00
4.200000e+00	4.220000e+00	0.000000e+00	0.000000e+00	0.000000e+00
4.220000e+00	4.240000e+00	0.000000e+00	0.000000e+00	0.000000e+00
4.240000e+00	4.260000e+00	0.000000e+00	0.000000e+00	0.000000e+00
4.260000e+00	4.280000e+00	0.000000e+00	0.000000e+00	0.000000e+00
4.280000e+00	4.300000e+00	0.000000e+00	0.000000e+00	0.000000e+00
4.300000e+00	4.320000e+00	0.000000e+00	0.000000e+00	0.000000e+00
4.320000e+00	4.340000e+00	0.000000e+00	0.000000e+00	0.000000e+00
4.340000e+00	4.360000e+00	0.000000e+00	0.000000e+00	0.000000e+00
4.360000e+00	4.380000e+00	0.000000e+00	0.000000e+00	0.000000e+00
4.380000e+00	4.400000e+00	0.000000e+00	0.000000e+00	0.000000e+00
4.400000e+00	4.420000e+00	0.000000e+00	0.000000e+00	0.000000e+00
4.420000e+00	4.440000e+00	0.000000e+00	0.000000e+00	0.000000e+00
4.440000e+00	4.460000e+00	0.000000e+00	0.000000e+00	0.000000e+00
4.460000e+00	4.480000e+00	0.000000e+00	0.000000e+00	0.000000e+00
4.480000e+00	4.500000e+00	0.000000e+00	0.000000e+00	0.000000e+00
4.500000e+00	4.520000e+00	0.000000e+00	0.000000e+00	0.000000e+00
4.520000e+00	4.540000e+00	0.000000e+00	0.000000e+00	0.000000e+00
4.540000e+00	4.560000e+00	0.000000e+00	0.000000e+00	0.000000e+00
4.560000e+00	4.580000e+00	0.000000e+00	0.000000e+00	0.000000e+00
4.580000e+00	4.600000e+00	0.000000e+00	0.000000e+00	0.000000e+00
4.600000e+00	4.620000e+00	0.000000e+00	0.000000e+00	0.000000e+00
4.620000e+00	4.640000e+00	0.000000e+00	0.000000e+00	0.000000e+00
4.640000e+00	4.660000e+00	0.000000e+00	0.000000e+00	0.000000e+00
4.660000e+00	4.680000e+00	0.000000e+00	0.000000e+00	0.000000e+00
4.680000e+00	4.700000e+00	0.000000e+00	0.000000e+00	0.000000e+00
4.700000e+00	4.720000e+00	0.000000e+00	0.000000e+00	0.000000e+00
4.720000e+00	4.740000e+00	0.000000e+00	0.000000e+00	0.000000e+00
4.740000e+00	4.760000e+00	0.000000e+00	0.000000e+00	0.000000e+00
4.760000e+00	4.780000e+00	0.000000e+00	0.000000e+00	0.000000e+00
4.780000e+00	4.800000e+00	0.000000e+00	0.000000e+00	0.000000e+00
4.800000e+00	4.820000e+00	0.000000e+00	0.000000e+00	0.000000e+00
4.820000e+00	4.840000e+00	0.000000e+00	0.000000e+00	0.000000e+00
4.840000e+00	4.860000e+00	0.000000e+00	0.000000e+00	0.000000e+00
4.860000e+00	4.880000e+00	0.000000e+00	0.000000e+00	0.000000e+00
4.880000e+00	4.900000e+00	0.000000e+00	0.000000e+00	0.000000e+00
4.900000e+00	4.920000e+00	0.000000e+00	0.000000e+00	0.000000e+00
4.920000e+00	4.940000e+00	0.000000e+00	0.000000e+00	0.000000e+00
4.940000e+00	4.960000e+00	0.000000e+00	0.000000e+00	0.000000e+00
4.960000e+00	4.980000e+00	0.000000e+00	0.000000e+00	0.000000e+00
4.980000e+00	5.000000e+00	0.000000e+00	0.000000e+00	0.000000e+00
5.000000e+00	5.020000e+00	0.000000e+00	0.000000e+00	0.000000e+00
5.020000e+00	5.040000e+00	0.000000e+00	0.000000e+00	0.000000e+00
5.040000e+00	5.060000e+00	0.000000e+00	0.000000e+00	0.000000e+00
5.060000e+00	5.080000e+00	0.000000e+00	0.000000e+00	0.000000e+00
5.080000e+00	5.100000e+00	0.000000e+00	0.000000e+00	0.000000e+00
5.100000e+00	5.120000e+00	0.000000e+00	0.000000e+00	0.000000e+00
5.120000e+00	5.140000e+00	0.000000e+00	0.000000e+00	0.000000e+00
5.140000e+00	5.160000e+00	0.000000e+00	0.000000e+00	0.000000e+00
5.160000e+00	5.180000e+00	0.000000e+00	0.000000e+00	0.000000e+00
5.180000e+00	5.200000e+00	0.000000e+00	0.000000e+00	0.000000e+00
5.200000e+00	5.220000e+00	0.000000e+00	0.000000e+00	0.000000e+00
5.220000e+00	5.240000e+00	0.000000e+00	0.000000e+00	0.000000e+00
5.240000e+00	5.260000e+00	0.000000e+00	0.000000e+00	0.000000e+00
5.260000e+00	5.280000e+00	0.000000e+00	0.000000e+00	0.000000e+00
5.280000e+00	5.300000e+00	0.000000e+00	0.000000e+00	0.000000e+00
5.300000e+00	5.320000e+00	0.000000e+00	0.000000e+00	0.000000e+00
5.320000e+00	5.340000e+00	0.000000e+00	0.000000e+00	0.000000e+00
5.340000e+00	5.360000e+00	0.000000e+00	0.000000e+00	0.000000e+00
5.360000e+00	5.380000e+00	0.000000e+00	0.000000e+00	0.000000e+00
5.380000e+00	5.400000e+00	0.000000e+00	0.000000e+00	0.000000e+00
5.400000e+00	5.420000e+00	0.000000e+00	0.000000e+00	0.000000e+00
5.420000e+00	5.440000e+00	0.000000e+00	0.000000e+00	0.000000e+00
5.440000e+00	5.460000e+00	0.000000e+00	0.000000e+00	0.000000e+00
5.460000e+00	5.480000e+00	0.000000e+00	0.000000e+00	0.000000e+00
5.480000e+00	5.500000e+00	0.000000e+00	0.000000e+00	0.000000e+00
5.500000e+00	5.520000e+00	0.000000e+00	0.000000e+00	0.000000e+00
5.520000e+00	5.540000e+00	0.000000e+00	0.000000e+00	0.000000e+00
5.540000e+00	5.560000e+00	0.000000e+00	0.000000e+00	0.000000e+00
5.560000e+00	5.580000e+00	0.000000e+00	0.000000e+00	0.000000e+00
5.580000e+00	5.600000e+00	0.000000e+00	0.000000e+00	0.000000e+00
5.600000e+00	5.620000e+00	0.000000e+00	0.000000e+00	0.000000e+00
5.620000e+00	5.640000e+00	0.000000e+00	0.000000e+00	0.000000e+00
5.640000e+00	5.660000e+00	0.000000e+00	0.000000e+00	0.000000e+00
5.660000e+00	5.680000e+00	0.000000e+00	0.000000e+00	0.000000e+00
5.680000e+00	5.700000e+00	0.000000e+00	0.000000e+00	0.000000e+00
5.700000e+00	5.720000e+00	0.000000e+00	0.000000e+00	0.000000e+00
5.720000e+00	5.740000e+00	0.000000e+00	0.000000e+00	0.000000e+00
5.740000e+00	5.760000e+00	0.000000e+00	0.000000e+00	0.000000e+00
5.760000e+00	5.780000e+00	0.000000e+00	0.000000e+00	0.000000e+00
5.780000e+00	5.800000e+00	0.000000e+00	0.000000e+00	0.000000e+00
5.800000e+00	5.820000e+00	0.000000e+00	0.000000e+00	0.000000e+00
5.820000e+00	5.840000e+00	0.000000e+00	0.000000e+00	0.000000e+00
5.840000e+00	5.860000e+00	0.000000e+00	0.000000e+00	0.000000e+00
5.860000e+00	5.880000e+00	0.000000e+00	0.000000e+00	0.000000e+00
5.880000e+00	5.900000e+00	0.000000e+00	0.000000e+00	0.000000e+00
5.900000e+00	5.920000e+00	0.000000e+00	0.000000e+00	0.000000e+00
5.920000e+00	5.940000e+00	0.000000e+00	0.000000e+00	0.000000e+00
5.940000e+00	5.960000e+00	0.000000e+00	0.000000e+00	0.000000e+00
5.960000e+00	5.980000e+00	0.000000e+00	0.000000e+00	0.000000e+00
5.980000e+00	6.000000e+00	0.000000e+00	0.000000e+00	0.000000e+00
# END HISTO1D

