# BEGIN PLOT
LegendOnly=//afs/cern.ch/user/d/dkar/lh2015-qg/Vincia-2001/lhc/hadron/zjet.yoda/MC_LHQG_Zjet/mMDT_GA_00_00_Q50_R2 //afs/cern.ch/user/d/dkar/lh2015-qg/Vincia-2001/lhc/hadron/zjet_born.yoda/MC_LHQG_Zjet/mMDT_GA_00_00_Q50_R2
DrawOnly=//afs/cern.ch/user/d/dkar/lh2015-qg/Vincia-2001/lhc/hadron/zjet.yoda/MC_LHQG_Zjet/mMDT_GA_00_00_Q50_R2 //afs/cern.ch/user/d/dkar/lh2015-qg/Vincia-2001/lhc/hadron/zjet_born.yoda/MC_LHQG_Zjet/mMDT_GA_00_00_Q50_R2
RatioPlotReference=//afs/cern.ch/user/d/dkar/lh2015-qg/Vincia-2001/lhc/hadron/zjet.yoda/MC_LHQG_Zjet/mMDT_GA_00_00_Q50_R2
RatioPlot=1
LogY=1
RatioPlotYLabel=Ratio
Legend=1
# END PLOT

# BEGIN HISTO1D //afs/cern.ch/user/d/dkar/lh2015-qg/Vincia-2001/lhc/hadron/zjet.yoda/MC_LHQG_Zjet/mMDT_GA_00_00_Q50_R2
LineColor=red
LineStyle=solid
Path=//afs/cern.ch/user/d/dkar/lh2015-qg/Vincia-2001/lhc/hadron/zjet.yoda/MC_LHQG_Zjet/mMDT_GA_00_00_Q50_R2
ScaledBy=106.25434348304847
Title=zjet
XLabel=
YLabel=
# xlow	 xhigh	 val	 errminus	 errplus
-5.000000e-01	5.000000e-01	0.000000e+00	0.000000e+00	0.000000e+00
5.000000e-01	1.500000e+00	4.820710e-03	3.732664e-03	3.732664e-03
1.500000e+00	2.500000e+00	4.623426e-02	3.515941e-02	3.515941e-02
2.500000e+00	3.500000e+00	2.723147e-02	8.305543e-03	8.305543e-03
3.500000e+00	4.500000e+00	7.009256e-02	2.015507e-02	2.015507e-02
4.500000e+00	5.500000e+00	4.367021e-02	1.195277e-02	1.195277e-02
5.500000e+00	6.500000e+00	1.037953e-01	2.334591e-02	2.334591e-02
6.500000e+00	7.500000e+00	9.571523e-02	4.914500e-02	4.914500e-02
7.500000e+00	8.500000e+00	6.509303e-02	1.601318e-02	1.601318e-02
8.500000e+00	9.500000e+00	6.567945e-02	1.883015e-02	1.883015e-02
9.500000e+00	1.050000e+01	6.375756e-02	2.649302e-02	2.649302e-02
1.050000e+01	1.150000e+01	8.275655e-02	3.936105e-02	3.936105e-02
1.150000e+01	1.250000e+01	4.851286e-02	1.522434e-02	1.522434e-02
1.250000e+01	1.350000e+01	3.648587e-02	1.763101e-02	1.763101e-02
1.350000e+01	1.450000e+01	3.981286e-02	1.689115e-02	1.689115e-02
1.450000e+01	1.550000e+01	1.887187e-02	7.128980e-03	7.128980e-03
1.550000e+01	1.650000e+01	1.957723e-02	5.950722e-03	5.950722e-03
1.650000e+01	1.750000e+01	3.197317e-02	2.059296e-02	2.059296e-02
1.750000e+01	1.850000e+01	8.684213e-03	3.760048e-03	3.760048e-03
1.850000e+01	1.950000e+01	3.423999e-02	1.212353e-02	1.212353e-02
1.950000e+01	2.050000e+01	1.377328e-02	4.258517e-03	4.258517e-03
2.050000e+01	2.150000e+01	3.758204e-03	1.230978e-03	1.230978e-03
2.150000e+01	2.250000e+01	5.959949e-03	2.224306e-03	2.224306e-03
2.250000e+01	2.350000e+01	1.231321e-02	5.014687e-03	5.014687e-03
2.350000e+01	2.450000e+01	5.755162e-03	3.028338e-03	3.028338e-03
2.450000e+01	2.550000e+01	7.889262e-03	4.943163e-03	4.943163e-03
2.550000e+01	2.650000e+01	3.747860e-03	1.690871e-03	1.690871e-03
2.650000e+01	2.750000e+01	7.089424e-03	4.396944e-03	4.396944e-03
2.750000e+01	2.850000e+01	9.984043e-04	3.060212e-04	3.060212e-04
2.850000e+01	2.950000e+01	7.722232e-03	3.795035e-03	3.795035e-03
2.950000e+01	3.050000e+01	2.697789e-03	1.421972e-03	1.421972e-03
3.050000e+01	3.150000e+01	1.894206e-03	6.613154e-04	6.613154e-04
3.150000e+01	3.250000e+01	4.479953e-03	3.705909e-03	3.705909e-03
3.250000e+01	3.350000e+01	3.542991e-04	1.750787e-04	1.750787e-04
3.350000e+01	3.450000e+01	4.314700e-03	3.636721e-03	3.636721e-03
3.450000e+01	3.550000e+01	2.349959e-04	7.694289e-05	7.694289e-05
3.550000e+01	3.650000e+01	3.131463e-04	1.607991e-04	1.607991e-04
3.650000e+01	3.750000e+01	2.581605e-04	1.404591e-04	1.404591e-04
3.750000e+01	3.850000e+01	9.151929e-04	5.382905e-04	5.382905e-04
3.850000e+01	3.950000e+01	5.099945e-04	1.957263e-04	1.957263e-04
3.950000e+01	4.050000e+01	1.222201e-03	1.042584e-03	1.042584e-03
4.050000e+01	4.150000e+01	2.693500e-04	1.987819e-04	1.987819e-04
4.150000e+01	4.250000e+01	1.350859e-04	6.132239e-05	6.132239e-05
4.250000e+01	4.350000e+01	5.628851e-03	5.393160e-03	5.393160e-03
4.350000e+01	4.450000e+01	1.110476e-04	4.460185e-05	4.460185e-05
4.450000e+01	4.550000e+01	3.063948e-05	2.154581e-05	2.154581e-05
4.550000e+01	4.650000e+01	1.803744e-04	1.187923e-04	1.187923e-04
4.650000e+01	4.750000e+01	5.881007e-05	3.075010e-05	3.075010e-05
4.750000e+01	4.850000e+01	4.931287e-05	4.774599e-05	4.774599e-05
4.850000e+01	4.950000e+01	2.567813e-05	1.466940e-05	1.466940e-05
4.950000e+01	5.050000e+01	7.033045e-06	3.801842e-06	3.801842e-06
5.050000e+01	5.150000e+01	1.127398e-04	8.306571e-05	8.306571e-05
5.150000e+01	5.250000e+01	3.197111e-05	2.959817e-05	2.959817e-05
5.250000e+01	5.350000e+01	7.654295e-06	5.155353e-06	5.155353e-06
5.350000e+01	5.450000e+01	4.459271e-06	4.459271e-06	4.459271e-06
5.450000e+01	5.550000e+01	3.139633e-05	2.188643e-05	2.188643e-05
5.550000e+01	5.650000e+01	1.689194e-05	9.710624e-06	9.710624e-06
5.650000e+01	5.750000e+01	8.152743e-06	7.700232e-06	7.700232e-06
5.750000e+01	5.850000e+01	1.237179e-06	1.237179e-06	1.237179e-06
5.850000e+01	5.950000e+01	1.173473e-05	6.788082e-06	6.788082e-06
5.950000e+01	6.050000e+01	2.857071e-05	2.593371e-05	2.593371e-05
6.050000e+01	6.150000e+01	6.410459e-06	4.559730e-06	4.559730e-06
6.150000e+01	6.250000e+01	1.387409e-06	1.314130e-06	1.314130e-06
6.250000e+01	6.350000e+01	2.379205e-05	1.878580e-05	1.878580e-05
6.350000e+01	6.450000e+01	4.051575e-07	4.051575e-07	4.051575e-07
6.450000e+01	6.550000e+01	1.577744e-06	1.577744e-06	1.577744e-06
6.550000e+01	6.650000e+01	1.611656e-06	9.501762e-07	9.501762e-07
6.650000e+01	6.750000e+01	1.439174e-07	1.439174e-07	1.439174e-07
6.750000e+01	6.850000e+01	6.075196e-07	4.948605e-07	4.948605e-07
6.850000e+01	6.950000e+01	0.000000e+00	0.000000e+00	0.000000e+00
6.950000e+01	7.050000e+01	2.922214e-06	2.425858e-06	2.425858e-06
7.050000e+01	7.150000e+01	0.000000e+00	0.000000e+00	0.000000e+00
7.150000e+01	7.250000e+01	0.000000e+00	0.000000e+00	0.000000e+00
7.250000e+01	7.350000e+01	9.128116e-07	8.227783e-07	8.227783e-07
7.350000e+01	7.450000e+01	0.000000e+00	0.000000e+00	0.000000e+00
7.450000e+01	7.550000e+01	0.000000e+00	0.000000e+00	0.000000e+00
7.550000e+01	7.650000e+01	1.968772e-06	1.968772e-06	1.968772e-06
7.650000e+01	7.750000e+01	0.000000e+00	0.000000e+00	0.000000e+00
7.750000e+01	7.850000e+01	1.248012e-07	1.248012e-07	1.248012e-07
7.850000e+01	7.950000e+01	1.189714e-06	1.189714e-06	1.189714e-06
7.950000e+01	8.050000e+01	0.000000e+00	0.000000e+00	0.000000e+00
8.050000e+01	8.150000e+01	0.000000e+00	0.000000e+00	0.000000e+00
8.150000e+01	8.250000e+01	0.000000e+00	0.000000e+00	0.000000e+00
8.250000e+01	8.350000e+01	0.000000e+00	0.000000e+00	0.000000e+00
8.350000e+01	8.450000e+01	0.000000e+00	0.000000e+00	0.000000e+00
8.450000e+01	8.550000e+01	0.000000e+00	0.000000e+00	0.000000e+00
8.550000e+01	8.650000e+01	0.000000e+00	0.000000e+00	0.000000e+00
8.650000e+01	8.750000e+01	0.000000e+00	0.000000e+00	0.000000e+00
8.750000e+01	8.850000e+01	0.000000e+00	0.000000e+00	0.000000e+00
8.850000e+01	8.950000e+01	0.000000e+00	0.000000e+00	0.000000e+00
8.950000e+01	9.050000e+01	0.000000e+00	0.000000e+00	0.000000e+00
9.050000e+01	9.150000e+01	0.000000e+00	0.000000e+00	0.000000e+00
9.150000e+01	9.250000e+01	0.000000e+00	0.000000e+00	0.000000e+00
9.250000e+01	9.350000e+01	0.000000e+00	0.000000e+00	0.000000e+00
9.350000e+01	9.450000e+01	0.000000e+00	0.000000e+00	0.000000e+00
9.450000e+01	9.550000e+01	0.000000e+00	0.000000e+00	0.000000e+00
9.550000e+01	9.650000e+01	0.000000e+00	0.000000e+00	0.000000e+00
9.650000e+01	9.750000e+01	0.000000e+00	0.000000e+00	0.000000e+00
9.750000e+01	9.850000e+01	0.000000e+00	0.000000e+00	0.000000e+00
9.850000e+01	9.950000e+01	0.000000e+00	0.000000e+00	0.000000e+00
9.950000e+01	1.005000e+02	0.000000e+00	0.000000e+00	0.000000e+00
1.005000e+02	1.015000e+02	0.000000e+00	0.000000e+00	0.000000e+00
1.015000e+02	1.025000e+02	0.000000e+00	0.000000e+00	0.000000e+00
1.025000e+02	1.035000e+02	0.000000e+00	0.000000e+00	0.000000e+00
1.035000e+02	1.045000e+02	0.000000e+00	0.000000e+00	0.000000e+00
1.045000e+02	1.055000e+02	0.000000e+00	0.000000e+00	0.000000e+00
1.055000e+02	1.065000e+02	0.000000e+00	0.000000e+00	0.000000e+00
1.065000e+02	1.075000e+02	0.000000e+00	0.000000e+00	0.000000e+00
1.075000e+02	1.085000e+02	0.000000e+00	0.000000e+00	0.000000e+00
1.085000e+02	1.095000e+02	0.000000e+00	0.000000e+00	0.000000e+00
1.095000e+02	1.105000e+02	0.000000e+00	0.000000e+00	0.000000e+00
1.105000e+02	1.115000e+02	0.000000e+00	0.000000e+00	0.000000e+00
1.115000e+02	1.125000e+02	0.000000e+00	0.000000e+00	0.000000e+00
1.125000e+02	1.135000e+02	0.000000e+00	0.000000e+00	0.000000e+00
1.135000e+02	1.145000e+02	0.000000e+00	0.000000e+00	0.000000e+00
1.145000e+02	1.155000e+02	0.000000e+00	0.000000e+00	0.000000e+00
1.155000e+02	1.165000e+02	0.000000e+00	0.000000e+00	0.000000e+00
1.165000e+02	1.175000e+02	0.000000e+00	0.000000e+00	0.000000e+00
1.175000e+02	1.185000e+02	0.000000e+00	0.000000e+00	0.000000e+00
1.185000e+02	1.195000e+02	0.000000e+00	0.000000e+00	0.000000e+00
1.195000e+02	1.205000e+02	0.000000e+00	0.000000e+00	0.000000e+00
1.205000e+02	1.215000e+02	0.000000e+00	0.000000e+00	0.000000e+00
1.215000e+02	1.225000e+02	0.000000e+00	0.000000e+00	0.000000e+00
1.225000e+02	1.235000e+02	0.000000e+00	0.000000e+00	0.000000e+00
1.235000e+02	1.245000e+02	0.000000e+00	0.000000e+00	0.000000e+00
1.245000e+02	1.255000e+02	0.000000e+00	0.000000e+00	0.000000e+00
1.255000e+02	1.265000e+02	0.000000e+00	0.000000e+00	0.000000e+00
1.265000e+02	1.275000e+02	0.000000e+00	0.000000e+00	0.000000e+00
1.275000e+02	1.285000e+02	0.000000e+00	0.000000e+00	0.000000e+00
1.285000e+02	1.295000e+02	0.000000e+00	0.000000e+00	0.000000e+00
1.295000e+02	1.305000e+02	0.000000e+00	0.000000e+00	0.000000e+00
1.305000e+02	1.315000e+02	0.000000e+00	0.000000e+00	0.000000e+00
1.315000e+02	1.325000e+02	0.000000e+00	0.000000e+00	0.000000e+00
1.325000e+02	1.335000e+02	0.000000e+00	0.000000e+00	0.000000e+00
1.335000e+02	1.345000e+02	0.000000e+00	0.000000e+00	0.000000e+00
1.345000e+02	1.355000e+02	0.000000e+00	0.000000e+00	0.000000e+00
1.355000e+02	1.365000e+02	0.000000e+00	0.000000e+00	0.000000e+00
1.365000e+02	1.375000e+02	0.000000e+00	0.000000e+00	0.000000e+00
1.375000e+02	1.385000e+02	0.000000e+00	0.000000e+00	0.000000e+00
1.385000e+02	1.395000e+02	0.000000e+00	0.000000e+00	0.000000e+00
1.395000e+02	1.405000e+02	0.000000e+00	0.000000e+00	0.000000e+00
1.405000e+02	1.415000e+02	0.000000e+00	0.000000e+00	0.000000e+00
1.415000e+02	1.425000e+02	0.000000e+00	0.000000e+00	0.000000e+00
1.425000e+02	1.435000e+02	0.000000e+00	0.000000e+00	0.000000e+00
1.435000e+02	1.445000e+02	0.000000e+00	0.000000e+00	0.000000e+00
1.445000e+02	1.455000e+02	0.000000e+00	0.000000e+00	0.000000e+00
1.455000e+02	1.465000e+02	0.000000e+00	0.000000e+00	0.000000e+00
1.465000e+02	1.475000e+02	0.000000e+00	0.000000e+00	0.000000e+00
1.475000e+02	1.485000e+02	0.000000e+00	0.000000e+00	0.000000e+00
1.485000e+02	1.495000e+02	0.000000e+00	0.000000e+00	0.000000e+00
1.495000e+02	1.505000e+02	0.000000e+00	0.000000e+00	0.000000e+00
# END HISTO1D

# BEGIN HISTO1D //afs/cern.ch/user/d/dkar/lh2015-qg/Vincia-2001/lhc/hadron/zjet_born.yoda/MC_LHQG_Zjet/mMDT_GA_00_00_Q50_R2
LineColor=blue
LineStyle=solid
Path=//afs/cern.ch/user/d/dkar/lh2015-qg/Vincia-2001/lhc/hadron/zjet_born.yoda/MC_LHQG_Zjet/mMDT_GA_00_00_Q50_R2
ScaledBy=0.083333333333333329
Title=zjet_born
XLabel=
YLabel=
# xlow	 xhigh	 val	 errminus	 errplus
-5.000000e-01	5.000000e-01	0.000000e+00	0.000000e+00	0.000000e+00
5.000000e-01	1.500000e+00	8.333333e-02	8.333333e-02	8.333333e-02
1.500000e+00	2.500000e+00	0.000000e+00	0.000000e+00	0.000000e+00
2.500000e+00	3.500000e+00	8.333333e-02	8.333333e-02	8.333333e-02
3.500000e+00	4.500000e+00	0.000000e+00	0.000000e+00	0.000000e+00
4.500000e+00	5.500000e+00	8.333333e-02	8.333333e-02	8.333333e-02
5.500000e+00	6.500000e+00	8.333333e-02	8.333333e-02	8.333333e-02
6.500000e+00	7.500000e+00	1.666667e-01	1.178511e-01	1.178511e-01
7.500000e+00	8.500000e+00	8.333333e-02	8.333333e-02	8.333333e-02
8.500000e+00	9.500000e+00	8.333333e-02	8.333333e-02	8.333333e-02
9.500000e+00	1.050000e+01	0.000000e+00	0.000000e+00	0.000000e+00
1.050000e+01	1.150000e+01	8.333333e-02	8.333333e-02	8.333333e-02
1.150000e+01	1.250000e+01	0.000000e+00	0.000000e+00	0.000000e+00
1.250000e+01	1.350000e+01	0.000000e+00	0.000000e+00	0.000000e+00
1.350000e+01	1.450000e+01	0.000000e+00	0.000000e+00	0.000000e+00
1.450000e+01	1.550000e+01	0.000000e+00	0.000000e+00	0.000000e+00
1.550000e+01	1.650000e+01	0.000000e+00	0.000000e+00	0.000000e+00
1.650000e+01	1.750000e+01	8.333333e-02	8.333333e-02	8.333333e-02
1.750000e+01	1.850000e+01	0.000000e+00	0.000000e+00	0.000000e+00
1.850000e+01	1.950000e+01	0.000000e+00	0.000000e+00	0.000000e+00
1.950000e+01	2.050000e+01	0.000000e+00	0.000000e+00	0.000000e+00
2.050000e+01	2.150000e+01	0.000000e+00	0.000000e+00	0.000000e+00
2.150000e+01	2.250000e+01	8.333333e-02	8.333333e-02	8.333333e-02
2.250000e+01	2.350000e+01	0.000000e+00	0.000000e+00	0.000000e+00
2.350000e+01	2.450000e+01	0.000000e+00	0.000000e+00	0.000000e+00
2.450000e+01	2.550000e+01	8.333333e-02	8.333333e-02	8.333333e-02
2.550000e+01	2.650000e+01	0.000000e+00	0.000000e+00	0.000000e+00
2.650000e+01	2.750000e+01	0.000000e+00	0.000000e+00	0.000000e+00
2.750000e+01	2.850000e+01	0.000000e+00	0.000000e+00	0.000000e+00
2.850000e+01	2.950000e+01	0.000000e+00	0.000000e+00	0.000000e+00
2.950000e+01	3.050000e+01	0.000000e+00	0.000000e+00	0.000000e+00
3.050000e+01	3.150000e+01	0.000000e+00	0.000000e+00	0.000000e+00
3.150000e+01	3.250000e+01	0.000000e+00	0.000000e+00	0.000000e+00
3.250000e+01	3.350000e+01	0.000000e+00	0.000000e+00	0.000000e+00
3.350000e+01	3.450000e+01	0.000000e+00	0.000000e+00	0.000000e+00
3.450000e+01	3.550000e+01	0.000000e+00	0.000000e+00	0.000000e+00
3.550000e+01	3.650000e+01	0.000000e+00	0.000000e+00	0.000000e+00
3.650000e+01	3.750000e+01	0.000000e+00	0.000000e+00	0.000000e+00
3.750000e+01	3.850000e+01	0.000000e+00	0.000000e+00	0.000000e+00
3.850000e+01	3.950000e+01	0.000000e+00	0.000000e+00	0.000000e+00
3.950000e+01	4.050000e+01	0.000000e+00	0.000000e+00	0.000000e+00
4.050000e+01	4.150000e+01	0.000000e+00	0.000000e+00	0.000000e+00
4.150000e+01	4.250000e+01	0.000000e+00	0.000000e+00	0.000000e+00
4.250000e+01	4.350000e+01	0.000000e+00	0.000000e+00	0.000000e+00
4.350000e+01	4.450000e+01	0.000000e+00	0.000000e+00	0.000000e+00
4.450000e+01	4.550000e+01	0.000000e+00	0.000000e+00	0.000000e+00
4.550000e+01	4.650000e+01	0.000000e+00	0.000000e+00	0.000000e+00
4.650000e+01	4.750000e+01	0.000000e+00	0.000000e+00	0.000000e+00
4.750000e+01	4.850000e+01	0.000000e+00	0.000000e+00	0.000000e+00
4.850000e+01	4.950000e+01	0.000000e+00	0.000000e+00	0.000000e+00
4.950000e+01	5.050000e+01	0.000000e+00	0.000000e+00	0.000000e+00
5.050000e+01	5.150000e+01	0.000000e+00	0.000000e+00	0.000000e+00
5.150000e+01	5.250000e+01	0.000000e+00	0.000000e+00	0.000000e+00
5.250000e+01	5.350000e+01	0.000000e+00	0.000000e+00	0.000000e+00
5.350000e+01	5.450000e+01	0.000000e+00	0.000000e+00	0.000000e+00
5.450000e+01	5.550000e+01	0.000000e+00	0.000000e+00	0.000000e+00
5.550000e+01	5.650000e+01	0.000000e+00	0.000000e+00	0.000000e+00
5.650000e+01	5.750000e+01	0.000000e+00	0.000000e+00	0.000000e+00
5.750000e+01	5.850000e+01	0.000000e+00	0.000000e+00	0.000000e+00
5.850000e+01	5.950000e+01	0.000000e+00	0.000000e+00	0.000000e+00
5.950000e+01	6.050000e+01	0.000000e+00	0.000000e+00	0.000000e+00
6.050000e+01	6.150000e+01	0.000000e+00	0.000000e+00	0.000000e+00
6.150000e+01	6.250000e+01	0.000000e+00	0.000000e+00	0.000000e+00
6.250000e+01	6.350000e+01	0.000000e+00	0.000000e+00	0.000000e+00
6.350000e+01	6.450000e+01	0.000000e+00	0.000000e+00	0.000000e+00
6.450000e+01	6.550000e+01	0.000000e+00	0.000000e+00	0.000000e+00
6.550000e+01	6.650000e+01	0.000000e+00	0.000000e+00	0.000000e+00
6.650000e+01	6.750000e+01	0.000000e+00	0.000000e+00	0.000000e+00
6.750000e+01	6.850000e+01	0.000000e+00	0.000000e+00	0.000000e+00
6.850000e+01	6.950000e+01	0.000000e+00	0.000000e+00	0.000000e+00
6.950000e+01	7.050000e+01	0.000000e+00	0.000000e+00	0.000000e+00
7.050000e+01	7.150000e+01	0.000000e+00	0.000000e+00	0.000000e+00
7.150000e+01	7.250000e+01	0.000000e+00	0.000000e+00	0.000000e+00
7.250000e+01	7.350000e+01	0.000000e+00	0.000000e+00	0.000000e+00
7.350000e+01	7.450000e+01	0.000000e+00	0.000000e+00	0.000000e+00
7.450000e+01	7.550000e+01	0.000000e+00	0.000000e+00	0.000000e+00
7.550000e+01	7.650000e+01	0.000000e+00	0.000000e+00	0.000000e+00
7.650000e+01	7.750000e+01	0.000000e+00	0.000000e+00	0.000000e+00
7.750000e+01	7.850000e+01	0.000000e+00	0.000000e+00	0.000000e+00
7.850000e+01	7.950000e+01	0.000000e+00	0.000000e+00	0.000000e+00
7.950000e+01	8.050000e+01	0.000000e+00	0.000000e+00	0.000000e+00
8.050000e+01	8.150000e+01	0.000000e+00	0.000000e+00	0.000000e+00
8.150000e+01	8.250000e+01	0.000000e+00	0.000000e+00	0.000000e+00
8.250000e+01	8.350000e+01	0.000000e+00	0.000000e+00	0.000000e+00
8.350000e+01	8.450000e+01	0.000000e+00	0.000000e+00	0.000000e+00
8.450000e+01	8.550000e+01	0.000000e+00	0.000000e+00	0.000000e+00
8.550000e+01	8.650000e+01	0.000000e+00	0.000000e+00	0.000000e+00
8.650000e+01	8.750000e+01	0.000000e+00	0.000000e+00	0.000000e+00
8.750000e+01	8.850000e+01	0.000000e+00	0.000000e+00	0.000000e+00
8.850000e+01	8.950000e+01	0.000000e+00	0.000000e+00	0.000000e+00
8.950000e+01	9.050000e+01	0.000000e+00	0.000000e+00	0.000000e+00
9.050000e+01	9.150000e+01	0.000000e+00	0.000000e+00	0.000000e+00
9.150000e+01	9.250000e+01	0.000000e+00	0.000000e+00	0.000000e+00
9.250000e+01	9.350000e+01	0.000000e+00	0.000000e+00	0.000000e+00
9.350000e+01	9.450000e+01	0.000000e+00	0.000000e+00	0.000000e+00
9.450000e+01	9.550000e+01	0.000000e+00	0.000000e+00	0.000000e+00
9.550000e+01	9.650000e+01	0.000000e+00	0.000000e+00	0.000000e+00
9.650000e+01	9.750000e+01	0.000000e+00	0.000000e+00	0.000000e+00
9.750000e+01	9.850000e+01	0.000000e+00	0.000000e+00	0.000000e+00
9.850000e+01	9.950000e+01	0.000000e+00	0.000000e+00	0.000000e+00
9.950000e+01	1.005000e+02	0.000000e+00	0.000000e+00	0.000000e+00
1.005000e+02	1.015000e+02	0.000000e+00	0.000000e+00	0.000000e+00
1.015000e+02	1.025000e+02	0.000000e+00	0.000000e+00	0.000000e+00
1.025000e+02	1.035000e+02	0.000000e+00	0.000000e+00	0.000000e+00
1.035000e+02	1.045000e+02	0.000000e+00	0.000000e+00	0.000000e+00
1.045000e+02	1.055000e+02	0.000000e+00	0.000000e+00	0.000000e+00
1.055000e+02	1.065000e+02	0.000000e+00	0.000000e+00	0.000000e+00
1.065000e+02	1.075000e+02	0.000000e+00	0.000000e+00	0.000000e+00
1.075000e+02	1.085000e+02	0.000000e+00	0.000000e+00	0.000000e+00
1.085000e+02	1.095000e+02	0.000000e+00	0.000000e+00	0.000000e+00
1.095000e+02	1.105000e+02	0.000000e+00	0.000000e+00	0.000000e+00
1.105000e+02	1.115000e+02	0.000000e+00	0.000000e+00	0.000000e+00
1.115000e+02	1.125000e+02	0.000000e+00	0.000000e+00	0.000000e+00
1.125000e+02	1.135000e+02	0.000000e+00	0.000000e+00	0.000000e+00
1.135000e+02	1.145000e+02	0.000000e+00	0.000000e+00	0.000000e+00
1.145000e+02	1.155000e+02	0.000000e+00	0.000000e+00	0.000000e+00
1.155000e+02	1.165000e+02	0.000000e+00	0.000000e+00	0.000000e+00
1.165000e+02	1.175000e+02	0.000000e+00	0.000000e+00	0.000000e+00
1.175000e+02	1.185000e+02	0.000000e+00	0.000000e+00	0.000000e+00
1.185000e+02	1.195000e+02	0.000000e+00	0.000000e+00	0.000000e+00
1.195000e+02	1.205000e+02	0.000000e+00	0.000000e+00	0.000000e+00
1.205000e+02	1.215000e+02	0.000000e+00	0.000000e+00	0.000000e+00
1.215000e+02	1.225000e+02	0.000000e+00	0.000000e+00	0.000000e+00
1.225000e+02	1.235000e+02	0.000000e+00	0.000000e+00	0.000000e+00
1.235000e+02	1.245000e+02	0.000000e+00	0.000000e+00	0.000000e+00
1.245000e+02	1.255000e+02	0.000000e+00	0.000000e+00	0.000000e+00
1.255000e+02	1.265000e+02	0.000000e+00	0.000000e+00	0.000000e+00
1.265000e+02	1.275000e+02	0.000000e+00	0.000000e+00	0.000000e+00
1.275000e+02	1.285000e+02	0.000000e+00	0.000000e+00	0.000000e+00
1.285000e+02	1.295000e+02	0.000000e+00	0.000000e+00	0.000000e+00
1.295000e+02	1.305000e+02	0.000000e+00	0.000000e+00	0.000000e+00
1.305000e+02	1.315000e+02	0.000000e+00	0.000000e+00	0.000000e+00
1.315000e+02	1.325000e+02	0.000000e+00	0.000000e+00	0.000000e+00
1.325000e+02	1.335000e+02	0.000000e+00	0.000000e+00	0.000000e+00
1.335000e+02	1.345000e+02	0.000000e+00	0.000000e+00	0.000000e+00
1.345000e+02	1.355000e+02	0.000000e+00	0.000000e+00	0.000000e+00
1.355000e+02	1.365000e+02	0.000000e+00	0.000000e+00	0.000000e+00
1.365000e+02	1.375000e+02	0.000000e+00	0.000000e+00	0.000000e+00
1.375000e+02	1.385000e+02	0.000000e+00	0.000000e+00	0.000000e+00
1.385000e+02	1.395000e+02	0.000000e+00	0.000000e+00	0.000000e+00
1.395000e+02	1.405000e+02	0.000000e+00	0.000000e+00	0.000000e+00
1.405000e+02	1.415000e+02	0.000000e+00	0.000000e+00	0.000000e+00
1.415000e+02	1.425000e+02	0.000000e+00	0.000000e+00	0.000000e+00
1.425000e+02	1.435000e+02	0.000000e+00	0.000000e+00	0.000000e+00
1.435000e+02	1.445000e+02	0.000000e+00	0.000000e+00	0.000000e+00
1.445000e+02	1.455000e+02	0.000000e+00	0.000000e+00	0.000000e+00
1.455000e+02	1.465000e+02	0.000000e+00	0.000000e+00	0.000000e+00
1.465000e+02	1.475000e+02	0.000000e+00	0.000000e+00	0.000000e+00
1.475000e+02	1.485000e+02	0.000000e+00	0.000000e+00	0.000000e+00
1.485000e+02	1.495000e+02	0.000000e+00	0.000000e+00	0.000000e+00
1.495000e+02	1.505000e+02	0.000000e+00	0.000000e+00	0.000000e+00
# END HISTO1D

