0	0.
0.001	0.
0.002	0.
0.003	7.063062375138477e-7
0.004	0.009032190842731125
0.005	0.11189536891001561
0.006	0.4359612412240046
0.007	1.0435261808404968
0.008	1.911433635561698
0.009000000000000001	2.9637737263097317
0.010000000000000002	4.109004213283628
0.011	5.264143943727381
0.012	6.365632886642554
0.013000000000000001	7.371291339747157
0.014000000000000002	8.257684702820384
0.015	9.015811113700977
0.016	9.646729010368206
0.017	10.157851078696847
0.018000000000000002	10.560115236602863
0.019000000000000003	10.865986656156844
0.02	11.08814289365425
0.021	11.238674126319353
0.022	11.328647788427265
0.023	11.367917020836481
0.024	11.365083168238904
0.025	11.327549003941655
0.026000000000000002	11.26162003107941
0.027000000000000003	11.172626404936523
0.028	11.065048688586462
0.029	10.942637853992085
0.03	10.808524620828578
0.031	10.665316146378323
0.032	10.515179814165089
0.033	10.359914827974567
0.034	10.201012787072397
0.035	10.039708590092332
0.036000000000000004	9.877023015165445
0.037000000000000005	9.71379823254752
0.038	9.550727372662775
0.039	9.388379126325548
0.04	9.22721821126784
0.041	9.067622408285207
0.042	8.909896754813639
0.043000000000000003	8.75428538426043
0.044	8.600981415159055
0.045	8.450135223685507
0.046	8.301861374511398
0.047	8.15624443660428
0.048	8.01334387079214
0.049	7.87319814323431
0.05	7.73582819213839
0.051000000000000004	7.601240353087799
0.052000000000000005	7.469428830308582
0.053000000000000005	7.34037778640231
0.054	7.214063110891046
0.055	7.090453917893903
0.056	6.969513814979644
0.057	6.85120197839914
0.058	6.735474064234626
0.059000000000000004	6.6222829802952825
0.06	6.511579539677253
0.061	6.403313013639634
0.062	6.2974315987226115
0.063	6.1938828107477955
0.064	6.092613816428093
0.065	5.993571711699506
0.066	5.89670375453286
0.067	5.8019575588352446
0.068	5.709281255085773
0.069	5.6186236225238835
0.07	5.529934197019211
0.07100000000000001	5.443163358152688
0.07200000000000001	5.358262398539447
0.07300000000000001	5.275183577992694
0.074	5.1938801647613815
0.075	5.114306465758244
0.076	5.036417847429911
0.077	4.9601707486880375
0.078	4.885522687121748
0.079	4.812432259546341
0.08	4.740859137789872
0.081	4.6707640605007015
0.082	4.602108821647237
0.083	4.5348562562851855
0.084	4.468970224092638
0.085	4.404415591098829
0.08600000000000001	4.341158209973743
0.08700000000000001	4.27916489919425
0.088	4.218403421357096
0.089	4.158842460868236
0.09	4.100451601207172
0.091	4.0432013019336654
0.092	3.987062875579293
0.093	3.9320084645452247
0.094	3.8780110181064527
0.095	3.825044269609906
0.096	3.7730827139347873
0.097	3.7221015852765755
0.098	3.6720768353007434
0.099	3.6229851117054688
0.1	3.574803737226109
0.101	3.527510689102792
0.10200000000000001	3.4810845790315668
0.10300000000000001	3.435504633611603
0.10400000000000001	3.3907506752970593
0.10500000000000001	3.34680310386061
0.106	3.303642878367661
0.107	3.2612514996648723
0.108	3.2196109933761563
0.109	3.1787038934047946
0.11	3.1385132259331514
0.111	3.0990224939143416
0.112	3.0602156620459597
0.113	3.0220771422170967
0.114	2.9845917794185683
0.115	2.9477448381051357
0.116	2.911521988999994
0.117	2.875909296327764
0.11800000000000001	2.8408932054679923
0.11900000000000001	2.8064605310138355
0.12	2.7725984452269574
0.121	2.7392944668760246
0.122	2.706536450446533
0.123	2.67431257571167
0.124	2.6426113376522773
0.125	2.6114215367148788
0.126	2.5807322693963464
0.127	2.5505329191460078
0.128	2.520813147572238
0.129	2.4915628859459913
0.13	2.462772326988793
0.131	2.43443191693766
0.132	2.4065323478759053
0.133	2.3790645503215306
0.134	2.3520196860634592
0.135	2.325389141238486
0.136	2.2991645196385173
0.137	2.2733376362417217
0.138	2.2479005109590693
0.139	2.2228453625883904
0.14	2.1981646029690105
0.14100000000000001	2.173850831330331
0.14200000000000002	2.149896828826042
0.14300000000000002	2.126295553249467
0.14400000000000002	2.103040133920757
0.14500000000000002	2.0801238667443824
0.146	2.0575402094247885
0.147	2.035282776840263
0.148	2.0133453365665237
0.149	1.9917218045447318
0.15	1.970406240890087
0.151	1.9493928458349001
0.152	1.928675955801791
0.153	1.9082500396029651
0.154	1.8881096947604281
0.155	1.8682496439423895
0.156	1.848664731514613
0.157	1.8293499201978218
0.158	1.8103002878324268
0.159	1.7915110242439456
0.16	1.7729774282058006
0.161	1.7546949044983915
0.162	1.7366589610565846
0.163	1.7188652062080538
0.164	1.701309345995813
0.165	1.6839871815818295
0.166	1.666894606731848
0.167	1.6500276053752831
0.168	1.6333822492402925
0.169	1.6169546955597944
0.17	1.6007411848464352
0.171	1.584738038735264
0.17200000000000001	1.5689416578899575
0.17300000000000001	1.5533485199718429
0.17400000000000002	1.5379551776692666
0.17500000000000002	1.5227582567853222
0.176	1.5077544543816923
0.177	1.4929405369770368
0.178	1.478313338798181
0.179	1.4638697600825257
0.18	1.4496067654288387
0.181	1.4355213821968027
0.182	1.4216106989521253
0.183	1.4078718639560566
0.184	1.3943020836990019
0.185	1.3808986214749566
0.186	1.3676587959968598
0.187	1.3545799800509082
0.188	1.3416595991884934
0.189	1.3288951304566616
0.19	1.3162841011606234
0.191	1.3038240876644778
0.192	1.2915127142225222
0.193	1.2793476518440958
0.194	1.2673266171892525
0.195	1.2554473714955425
0.196	1.2437077195325827
0.197	1.2321055085868544
0.198	1.2206386274723497
0.199	1.209305005569536
0.2	1.198102611889564
0.201	1.1870294541628006
0.202	1.1760835779527024
0.203	1.165263065793438
0.20400000000000001	1.15456603634966
0.20500000000000002	1.143990643598949
0.20600000000000002	1.1335350760352414
0.20700000000000002	1.1231975558943
0.20800000000000002	1.1129763383982878
0.20900000000000002	1.1028697110203427
0.21	1.0928759927683156
0.211	1.0829935334878635
0.212	1.0732207131819858
0.213	1.0635559413487616
0.214	1.0539976563362496
0.215	1.0445443247137443
0.216	1.0351944406587403
0.217	1.0259465253591553
0.218	1.0167991264319969
0.219	1.0077508173547443
0.22	0.998800196912488
0.221	0.9899458886577464
0.222	0.9811865403849894
0.223	0.9725208236161405
0.224	0.9639474331019096
0.225	0.9554650863321668
0.226	0.9470725230599172
0.227	0.9387685048368709
0.228	0.9305518145605939
0.229	0.9224212560313041
0.23	0.9143756535207942
0.231	0.9064138513516725
0.232	0.8985347134852605
0.233	0.8907371231208854
0.234	0.8830199823040191
0.23500000000000001	0.8753822115444622
0.23600000000000002	0.8678227494423009
0.23700000000000002	0.8603405523236557
0.23800000000000002	0.8529345938847127
0.23900000000000002	0.8456038648444308
0.24	0.8383473726041132
0.241	0.8311641409170868
0.242	0.8240532095644338
0.243	0.8170136340376543
0.244	0.8100444852308343
0.245	0.8031448491381822
0.246	0.7963138265585069
0.247	0.7895505328074447
0.248	0.7828540974356374
0.249	0.776223663953118
0.25	0.7696583895600991
0.251	0.7631574448841368
0.252	0.7567200137220529
0.253	0.7503452927903969
0.254	0.7440324914772732
0.255	0.7377808316034791
0.256	0.7315895471870035
0.257	0.7254578842133158
0.258	0.7193851004099799
0.259	0.7133704650276819
0.26	0.7074132586249332
0.261	0.7015127728566128
0.262	0.6956683102698082
0.263	0.6898791841016756
0.264	0.6841447180820107
0.265	0.6784642462412979
0.266	0.6728371127219359
0.267	0.6672626715932731
0.268	0.6617402866715915
0.269	0.6562693313423309
0.27	0.6508491883879598
0.271	0.645479249818086
0.272	0.6401589167044208
0.273	0.6348875990169806
0.274	0.629664715466358
0.275	0.6244896933476901
0.276	0.6193619683885304
0.277	0.6142809845992506
0.278	0.609246194126658
0.279	0.6042570571118838
0.28	0.5993130415493038
0.281	0.59441362314927
0.28200000000000003	0.5895582852040353
0.28300000000000003	0.5847465184557187
0.28400000000000003	0.5799778209675742
0.28500000000000003	0.5752516979969964
0.28600000000000003	0.5705676618716272
0.28700000000000003	0.5659252318684942
0.28800000000000003	0.5613239340945045
0.28900000000000003	0.556763301370081
0.29	0.5522428731142968
0.291	0.5477621952343006
0.292	0.5433208200139433
0.293	0.5389183060071056
0.294	0.5345542179316034
0.295	0.5302281265661306
0.296	0.5259396086491933
0.297	0.5216882467790881
0.298	0.5174736293169641
0.299	0.5132953502903371
0.3	0.5091530093008214
0.301	0.505046211430886
0.302	0.5009745671543546
0.303	0.4969376922481701
0.304	0.4929352077049841
0.305	0.4889667396487735
0.306	0.485031919251011
0.307	0.481130382649054
0.308	0.4772617708659386
0.309	0.47342572973103
0.31	0.46962190980351054
0.311	0.4658499662960388
0.312	0.4621095590002961
0.313	0.4584003522145179
0.314	0.4547220146713181
0.315	0.45107421946673687
0.316	0.4474566439927271
0.317	0.443868969868471
0.318	0.44031088287387155
0.319	0.43678207288458876
0.32	0.43328223380742664
0.321	0.429811063518239
0.322	0.4263682637993001
0.323	0.4229535402795362
0.324	0.41956660237397114
0.325	0.41620716322606005
0.326	0.4128749396498062
0.327	0.409569652074298
0.328	0.40629102448642096
0.329	0.40303878437886564
0.33	0.3998126626951701
0.331	0.39661239377726654
0.332	0.3934377153148724
0.333	0.3902883682942607
0.334	0.3871640969484101
0.335	0.38406464870908064
0.336	0.3809897741571031
0.337	0.37793922697718574
0.338	0.3749127639105016
0.339	0.3719101447091702
0.34	0.36893113209180844
0.341	0.36597549169991106
0.342	0.3630429920538698
0.343	0.3601334045116116
0.34400000000000003	0.3572465032255542
0.34500000000000003	0.35438206510277587
0.34600000000000003	0.35153986976420193
0.34700000000000003	0.34871969950532644
0.34800000000000003	0.34592133925643714
0.34900000000000003	0.3431445765457702
0.35000000000000003	0.34038920146084367
0.35100000000000003	0.3376550066113529
0.352	0.33494178709395456
0.353	0.33224934045536314
0.354	0.3295774666578678
0.355	0.3269259680441484
0.356	0.32429464930456386
0.357	0.3216833174421558
0.358	0.319091781740826
0.359	0.3165198537328294
0.36	0.3139673471669161
0.361	0.31143407797713507
0.362	0.3089198642520264
0.363	0.30642452620465904
0.364	0.30394788614224233
0.365	0.3014897684378452
0.366	0.29904999950080663
0.367	0.29662840774894006
0.368	0.29422482358053637
0.369	0.2918390793463395
0.37	0.2894710093244029
0.371	0.28712044969116174
0.372	0.2847872384971793
0.373	0.2824712156407307
0.374	0.2801722228427758
0.375	0.27789010362178607
0.376	0.27562470326970157
0.377	0.2733758688277029
0.378	0.27114344906212284
0.379	0.2689272944422437
0.38	0.26672725711577105
0.381	0.2645431908875002
0.382	0.26237495119666043
0.383	0.26022239509502304
0.384	0.2580853812253065
0.385	0.2559637698001489
0.386	0.253857422580962
0.387	0.25176620285807727
0.388	0.24968997542909394
0.389	0.2476286065806199
0.39	0.24558196406772428
0.391	0.2435499170947593
0.392	0.2415323362961606
0.393	0.23952909371841552
0.394	0.23754006280102116
0.395	0.2355651183579229
0.396	0.2336041365612039
0.397	0.23165699492168892
0.398	0.22972357227257703
0.399	0.22780374875224443
0.4	0.22589740578733933
0.401	0.2240044260763957
0.402	0.22212469357283918
0.403	0.22025809346999178
0.404	0.21840451218427398
0.405	0.21656383734040854
0.406	0.21473595775490636
0.40700000000000003	0.2129207634224572
0.40800000000000003	0.21111814549991337
0.40900000000000003	0.2093279962918161
0.41000000000000003	0.20755020923611164
0.41100000000000003	0.2057846788897785
0.41200000000000003	0.20403130091462243
0.41300000000000003	0.2022899720641285
0.41400000000000003	0.20056059016869876
0.41500000000000004	0.19884305412269251
0.41600000000000004	0.19713726387182048
0.41700000000000004	0.1954431203993328
0.418	0.19376052571314567
0.419	0.19208938283361593
0.42	0.19042959578078186
0.421	0.18878106956165058
0.422	0.18714371015904685
0.423	0.1855174245189011
0.424	0.18390212053808938
0.425	0.18229770705408518
0.426	0.1807040938323764
0.427	0.17912119155547113
0.428	0.17754891181211244
0.429	0.17598716708593332
0.43	0.1744358707440694
0.431	0.1728949370279705
0.432	0.171364281041612
0.433	0.16984381874136706
0.434	0.16833346692689674
0.435	0.16683314322899315
0.436	0.16534276610131443
0.437	0.1638622548098512
0.438	0.1623915294233597
0.439	0.16093051080459317
0.44	0.1594791205987267
0.441	0.15803728122719973
0.442	0.15660491587585942
0.443	0.15518194848774824
0.444	0.1537683037526257
0.445	0.15236390709976466
0.446	0.15096868468824864
0.447	0.1495825633984639
0.448	0.148205470824789
0.449	0.14683733526624637
0.45	0.1454780857178842
0.451	0.14412765186366056
0.452	0.14278596406860122
0.453	0.14145295337022598
0.454	0.1401285514709673
0.455	0.1388126907306985
0.456	0.13750530415940987
0.457	0.1362063254086404
0.458	0.13491568876572657
0.459	0.1336333291454374
0.46	0.13235918208346673
0.461	0.13109318372809398
0.462	0.1298352708357652
0.463	0.12858538076103587
0.464	0.12734345145240672
0.465	0.12610942144398166
0.466	0.1248832298499782
0.467	0.12366481635743602
0.468	0.12245412122022
0.46900000000000003	0.12125108525227149
0.47000000000000003	0.12005564982177508
0.47100000000000003	0.11886775684493471
0.47200000000000003	0.11768734877893303
0.47300000000000003	0.11651436861777553
0.47400000000000003	0.11534875988458099
0.47500000000000003	0.11419046662645528
0.47600000000000003	0.11303943340868379
0.47700000000000004	0.11189560530940428
0.47800000000000004	0.11075892791252498
0.47900000000000004	0.10962934730370495
0.48	0.10850681006473356
0.481	0.10739126326692155
0.482	0.10628265446654442
0.483	0.10518093170009873
0.484	0.10408604347769965
0.485	0.1029979387787569
0.486	0.10191656704755848
0.487	0.1008418781864351
0.488	0.09977382255258206
0.489	0.09871235095186083
0.49	0.09765741463490706
0.491	0.09660896529201812
0.492	0.09556695504760003
0.493	0.09453133645728345
0.494	0.093502062501542
0.495	0.09247908658204795
0.496	0.09146236251758122
0.497	0.09045184453821033
0.498	0.08944748728229172
0.499	0.08844924579110847
0.5	0.08745707550584501
0.5009999999999999	0.0864709322617904
0.502	0.08549077228557099
0.5029999999999999	0.08451655219024692
0.504	0.08354822897123483
0.5049999999999999	0.08258576000327117
0.506	0.08162910303471826
0.5069999999999999	0.08067821618504392
0.508	0.07973305794041603
0.5089999999999999	0.07879358715047954
0.51	0.07785976302333358
0.5109999999999999	0.0769315451229885
0.512	0.07600889336524434
0.5129999999999999	0.0750917680135457
0.514	0.07418012967667206
0.5149999999999999	0.07327393930397336
0.516	0.07237315818177184
0.5169999999999999	0.071477747931678
0.518	0.07058767050454094
0.5189999999999999	0.06970288817943482
0.52	0.06882336355861945
0.5209999999999999	0.06794905956486855
0.522	0.06707993943843905
0.5229999999999999	0.06621596673387373
0.524	0.06535710531632936
0.5249999999999999	0.06450331935876773
0.526	0.06365457333805905
0.5269999999999999	0.0628108320337351
0.528	0.06197206052292083
0.5289999999999999	0.06113822417835312
0.53	0.06030928866579758
0.5309999999999999	0.05948521993957422
0.532	0.05866598424154584
0.5329999999999999	0.05785154809694078
0.534	0.05704187831170744
0.5349999999999999	0.05623694197019032
0.536	0.05543670643229248
0.5369999999999999	0.05464113933020279
0.538	0.05385020856631707
0.5389999999999999	0.05306388231028518
0.54	0.05228212899569796
0.5409999999999999	0.0515049173189858
0.542	0.05073221623582168
0.5429999999999999	0.04996399495784907
0.544	0.049200222951996594
0.5449999999999999	0.048440869937199336
0.546	0.04768590588064406
0.5469999999999999	0.046935300997554365
0.548	0.04618902574672112
0.5489999999999999	0.04544705082989802
0.55	0.04470934718818264
0.5509999999999999	0.04397588600006397
0.552	0.0432466386794298
0.5529999999999999	0.042521576872801205
0.554	0.04180067245727732
0.5549999999999999	0.041083897538537986
0.556	0.04037122444829234
0.5569999999999999	0.0396626257422154
0.558	0.03895807419792531
0.5589999999999999	0.038257542812573785
0.56	0.03756100480154346
0.5609999999999999	0.0368684335946288
0.562	0.036179802836098354
0.563	0.03549508638142209
0.5640000000000001	0.03481425829488153
0.565	0.034137292849108346
0.5660000000000001	0.03346416452160138
0.567	0.03279484799368571
0.5680000000000001	0.03212931814752306
0.569	0.03146755006633196
0.5700000000000001	0.030809519029971914
0.571	0.030155200514716072
0.5720000000000001	0.029504570190787262
0.573	0.02885760392072987
0.5740000000000001	0.028214277757566925
0.575	0.0275745679430507
0.5760000000000001	0.02693845090591924
0.577	0.026305903259680647
0.5779999999999998	0.025676901801812903
0.579	0.02505142351119906
0.5799999999999998	0.024429445547334633
0.581	0.023810945247378135
0.5819999999999999	0.023195900125690953
0.583	0.022584287871143388
0.5839999999999999	0.021976086346901024
0.585	0.02137127358766564
0.5859999999999999	0.020769827798543184
0.587	0.020171727352673884
0.5879999999999999	0.01957695079171628
0.589	0.018985476822051307
0.5899999999999999	0.018397284314508038
0.591	0.017812352302278227
0.5919999999999999	0.01723065997964167
0.593	0.016652186701558276
0.5939999999999999	0.016076911979824044
0.595	0.015504815483878581
0.5959999999999999	0.014935877038973991
0.597	0.01437007662275757
0.5979999999999999	0.013807394367320282
0.599	0.013247810554781676
0.5999999999999999	0.012691305617220022
0.601	0.012137860135841439
0.6019999999999999	0.011587454838418621
0.603	0.011040070598503454
0.6039999999999999	0.01049568843451169
0.605	0.00995428950763084
0.6059999999999999	0.009415855122208973
0.607	0.00888036672173432
0.6079999999999999	0.008347805890355792
0.609	0.007818154349670746
0.6099999999999999	0.007291393958268892
0.611	0.006767506710828643
0.6119999999999999	0.006246474736341278
0.613	0.005728280297534103
0.6139999999999999	0.005212905788923013
0.615	0.004700333736220344
0.6159999999999999	0.00419054679504881
0.617	0.0036835277493048714
0.6179999999999999	0.0031792595113748095
0.619	0.0026777251192415447
0.6199999999999999	0.002178907736789193
0.621	0.0016827906515623232
0.6219999999999999	0.0012361001521638982
0.623	0.0008777546170128948
0.6239999999999999	0.0006084531165856114
0.625	0.00041423837021839586
0.6259999999999999	0.0002780947661582071
0.627	0.00018461905352128012
0.6279999999999999	0.00012144746153750706
0.629	0.0000792853372818363
0.6299999999999999	0.00005142807311412431
0.631	0.00003317502438345699
0.6319999999999999	0.00002129836099380416
0.633	0.000013616489178004994
0.6339999999999999	8.673257073671617e-6
0.635	5.5065010916889185e-6
0.6359999999999999	3.4857464064127726e-6
0.637	2.2007461318202245e-6
0.6379999999999999	1.3861413051654056e-6
0.639	8.711698414293498e-7
0.6399999999999999	5.464343239586585e-7
0.641	3.4212490903078305e-7
0.6419999999999999	2.1384847179172322e-7
0.643	1.334621732584727e-7
0.6439999999999999	8.317454977614424e-8
0.645	5.1766316647056174e-8
0.6459999999999999	3.217868819059212e-8
0.647	1.9979721053864514e-8
0.6479999999999999	1.2392039970721769e-8
0.649	7.678170413244387e-9
0.6499999999999999	4.7529236564260875e-9
0.651	2.939519369201902e-9
0.6519999999999999	1.816462245185977e-9
0.653	1.121582704652904e-9
0.6539999999999999	6.920058707025019e-10
0.655	4.266571172536596e-10
0.6559999999999999	2.628783505720662e-10
0.657	1.618646218287184e-10
0.6579999999999999	9.960564368894281e-11
0.659	6.125809415669115e-11
0.6599999999999999	3.7653234609845356e-11
0.661	2.3131900881596612e-11
0.6619999999999999	1.4203677263244822e-11
0.663	8.717265230174783e-12
0.6639999999999999	5.3475968236019575e-12
0.665	3.279022252831166e-12
0.6659999999999999	2.009764867299558e-12
0.667	1.2313136520205327e-12
0.6679999999999999	7.540873202791277e-13
0.669	4.616476582714063e-13
0.6699999999999999	2.825152684956644e-13
0.671	1.7283086867189023e-13
0.6719999999999999	1.0569493934048658e-13
0.673	6.461680160866436e-14
0.6739999999999999	3.9491199886956083e-14
0.675	2.4128146092033656e-14
0.6759999999999999	1.4737350298504584e-14
0.677	8.998908135833387e-15
0.6779999999999999	5.4933920728896175e-15
0.679	3.352555119483656e-15
0.6799999999999999	2.0455057187019124e-15
0.681	1.2476992837697808e-15
0.6819999999999999	7.608424457499827e-16
0.683	4.63853470778873e-16
0.6839999999999999	2.8275956248195837e-16
0.685	1.7230235565819793e-16
0.6859999999999999	1.0496176819918379e-16
0.687	6.388999118381907e-17
0.688	3.888665384944644e-17
0.6890000000000001	2.3653637788497035e-17
0.69	1.436911753982416e-17
0.6910000000000001	8.688389766055359e-18
0.692	5.206009073613853e-18
0.6930000000000001	3.099847722736206e-18
0.694	1.8362802356801142e-18
0.6950000000000001	1.037076734316182e-18
0.696	5.739378760184881e-19
0.6970000000000001	3.077433928331229e-19
0.698	1.5356918647144834e-19
0.6990000000000001	4.215766089887815e-20
0.7	0.
0.7010000000000001	0.
0.702	0.
0.7030000000000001	0.
0.704	0.
0.7049999999999998	0.
0.706	0.
0.7069999999999999	0.
0.708	0.
0.7089999999999999	0.
0.71	0.
0.7109999999999999	0.
0.712	0.
0.7129999999999999	0.
0.714	0.
0.7149999999999999	0.
0.716	0.
0.7169999999999999	0.
0.718	0.
0.7189999999999999	0.
0.72	0.
0.7209999999999999	0.
0.722	0.
0.7229999999999999	0.
0.724	0.
0.7249999999999999	0.
0.726	0.
0.7269999999999999	0.
0.728	0.
0.7289999999999999	0.
0.73	0.
0.7309999999999999	0.
0.732	0.
0.7329999999999999	0.
0.734	0.
0.7349999999999999	0.
0.736	0.
0.7369999999999999	0.
0.738	0.
0.7389999999999999	0.
0.74	0.
0.7409999999999999	0.
0.742	0.
0.7429999999999999	0.
0.744	0.
0.7449999999999999	0.
0.746	0.
0.7469999999999999	0.
0.748	0.
0.7489999999999999	0.
0.75	0.
0.7509999999999999	0.
0.752	0.
0.7529999999999999	0.
0.754	0.
0.7549999999999999	0.
0.756	0.
0.7569999999999999	0.
0.758	0.
0.7589999999999999	0.
0.76	0.
0.7609999999999999	0.
0.762	0.
0.7629999999999999	0.
0.764	0.
0.7649999999999999	0.
0.766	0.
0.7669999999999999	0.
0.768	0.
0.7689999999999999	0.
0.77	0.
0.7709999999999999	0.
0.772	0.
0.7729999999999999	0.
0.774	0.
0.7749999999999999	0.
0.776	0.
0.7769999999999999	0.
0.778	0.
0.7789999999999999	0.
0.78	0.
0.7809999999999999	0.
0.782	0.
0.7829999999999999	0.
0.784	0.
0.7849999999999999	0.
0.786	0.
0.7869999999999999	0.
0.788	0.
0.7889999999999999	0.
0.79	0.
0.7909999999999999	0.
0.792	0.
0.7929999999999999	0.
0.794	0.
0.7949999999999999	0.
0.796	0.
0.7969999999999999	0.
0.798	0.
0.7989999999999999	0.
0.8	0.
0.8009999999999999	0.
0.802	0.
0.8029999999999999	0.
0.804	0.
0.8049999999999999	0.
0.806	0.
0.8069999999999999	0.
0.808	0.
0.8089999999999999	0.
0.81	0.
0.8109999999999999	0.
0.812	0.
0.813	0.
0.8140000000000001	0.
0.815	0.
0.8160000000000001	0.
0.817	0.
0.8180000000000001	0.
0.819	0.
0.8200000000000001	0.
0.821	0.
0.8220000000000001	0.
0.823	0.
0.8240000000000001	0.
0.825	0.
0.8260000000000001	0.
0.827	0.
0.8280000000000001	0.
0.829	0.
0.8300000000000001	0.
0.831	0.
0.8320000000000001	0.
0.833	0.
0.8339999999999999	0.
0.835	0.
0.8359999999999999	0.
0.837	0.
0.8379999999999999	0.
0.839	0.
0.8399999999999999	0.
0.841	0.
0.8419999999999999	0.
0.843	0.
0.8439999999999999	0.
0.845	0.
0.8459999999999999	0.
0.847	0.
0.8479999999999999	0.
0.849	0.
0.8499999999999999	0.
0.851	0.
0.8519999999999999	0.
0.853	0.
0.8539999999999999	0.
0.855	0.
0.8559999999999999	0.
0.857	0.
0.8579999999999999	0.
0.859	0.
0.8599999999999999	0.
0.861	0.
0.8619999999999999	0.
0.863	0.
0.8639999999999999	0.
0.865	0.
0.8659999999999999	0.
0.867	0.
0.8679999999999999	0.
0.869	0.
0.8699999999999999	0.
0.871	0.
0.8719999999999999	0.
0.873	0.
0.8739999999999999	0.
0.875	0.
0.8759999999999999	0.
0.877	0.
0.8779999999999999	0.
0.879	0.
0.8799999999999999	0.
0.881	0.
0.8819999999999999	0.
0.883	0.
0.8839999999999999	0.
0.885	0.
0.8859999999999999	0.
0.887	0.
0.8879999999999999	0.
0.889	0.
0.8899999999999999	0.
0.891	0.
0.8919999999999999	0.
0.893	0.
0.8939999999999999	0.
0.895	0.
0.8959999999999999	0.
0.897	0.
0.8979999999999999	0.
0.899	0.
0.8999999999999999	0.
0.901	0.
0.9019999999999999	0.
0.903	0.
0.9039999999999999	0.
0.905	0.
0.9059999999999999	0.
0.907	0.
0.9079999999999999	0.
0.909	0.
0.9099999999999999	0.
0.911	0.
0.9119999999999999	0.
0.913	0.
0.9139999999999999	0.
0.915	0.
0.9159999999999999	0.
0.917	0.
0.9179999999999999	0.
0.919	0.
0.9199999999999999	0.
0.921	0.
0.9219999999999999	0.
0.923	0.
0.9239999999999999	0.
0.925	0.
0.9259999999999999	0.
0.927	0.
0.9279999999999999	0.
0.929	0.
0.9299999999999999	0.
0.931	0.
0.9319999999999999	0.
0.933	0.
0.9339999999999999	0.
0.935	0.
0.9359999999999999	0.
0.937	0.
0.938	0.
0.9390000000000001	0.
0.94	0.
0.9410000000000001	0.
0.942	0.
0.9430000000000001	0.
0.944	0.
0.9450000000000001	0.
0.946	0.
0.9470000000000001	0.
0.948	0.
0.9490000000000001	0.
0.95	0.
0.9510000000000001	0.
0.952	0.
0.9530000000000001	0.
0.954	0.
0.9550000000000001	0.
0.956	0.
0.9570000000000001	0.
0.958	0.
0.9590000000000001	0.
0.96	0.
0.9609999999999999	0.
0.962	0.
0.9629999999999999	0.
0.964	0.
0.9649999999999999	0.
0.966	0.
0.9669999999999999	0.
0.968	0.
0.9689999999999999	0.
0.97	0.
0.9709999999999999	0.
0.972	0.
0.9729999999999999	0.
0.974	0.
0.9749999999999999	0.
0.976	0.
0.9769999999999999	0.
0.978	0.
0.9789999999999999	0.
0.98	0.
0.9809999999999999	0.
0.982	0.
0.9829999999999999	0.
0.984	0.
0.9849999999999999	0.
0.986	0.
0.9869999999999999	0.
0.988	0.
0.9889999999999999	0.
0.99	0.
0.9909999999999999	0.
0.992	0.
0.9929999999999999	0.
0.994	0.
0.9949999999999999	0.
0.996	0.
0.9969999999999999	0.
0.998	0.
0.9989999999999999	0.
1.	0.