0	0.
0.001	0.
0.002	0.
0.003	0.
0.004	0.
0.005	0.
0.006	0.
0.007	0.
0.008	0.
0.009000000000000001	0.
0.010000000000000002	0.
0.011	0.
0.012	0.
0.013000000000000001	0.
0.014000000000000002	0.
0.015	0.
0.016	0.
0.017	0.
0.018000000000000002	0.
0.019000000000000003	0.
0.02	0.
0.021	0.
0.022	0.
0.023	0.
0.024	1.8211674718636175e-21
0.025	8.500832679485047e-15
0.026000000000000002	2.8045247091391213e-12
0.027000000000000003	9.48134758437683e-11
0.028	1.1617846486914225e-9
0.029	8.009656567760298e-9
0.03	3.809696840285942e-8
0.031	1.3979701301502505e-7
0.032	4.236551371857568e-7
0.033	1.1086977255640913e-6
0.034	2.583993364250394e-6
0.035	5.483854286984755e-6
0.036000000000000004	0.000010773624399209947
0.037000000000000005	0.00001984207512335946
0.038	0.000034596029768533
0.039	0.00005755288564134262
0.04	0.00009192708851151836
0.041	0.00014170721914302472
0.042	0.00021172107227003048
0.043000000000000003	0.00030768686155692145
0.044	0.00043624940926484856
0.045	0.0006050008367012919
0.046	0.00082248583822615
0.047	0.001098192087849904
0.048	0.0014425266928563053
0.049	0.0018667798792016753
0.05	0.002383077278217018
0.051000000000000004	0.0030043222947920864
0.052000000000000005	0.0037441300857545116
0.053000000000000005	0.004616754675269399
0.054	0.005637010692619726
0.055	0.006820191146371587
0.056	0.0081819825560802
0.057	0.009738378655450393
0.058	0.011505593765089103
0.059000000000000004	0.013499976813403322
0.06	0.015737926864525992
0.061	0.018235810895245053
0.062	0.021009884450878206
0.063	0.02407621570437317
0.064	0.02745061334461385
0.065	0.031148558629561725
0.066	0.035185141857726455
0.067	0.039575003437558764
0.068	0.04433227966852345
0.069	0.049470553289534216
0.07	0.0550028087997145
0.07100000000000001	0.060941392512622046
0.07200000000000001	0.06729797726763591
0.07300000000000001	0.07408353169063223
0.074	0.08130829386984702
0.075	0.08898174929142282
0.076	0.09711261286207357
0.077	0.10570881483309559
0.078	0.11477749043017312
0.079	0.12432497298664637
0.08	0.1343567903737584
0.081	0.1448776645195183
0.082	0.15589151380789698
0.083	0.16740145815180824
0.084	0.17940982653648854
0.085	0.1919181668341969
0.08600000000000001	0.20492725769645467
0.08700000000000001	0.2184371223361043
0.088	0.23244704401815264
0.089	0.2469555830855197
0.09	0.2619605953533218
0.091	0.27745925171306146
0.092	0.29344805879598784
0.093	0.30992288055284317
0.094	0.3268789606151709
0.095	0.34431094531123185
0.096	0.36221290721736804
0.097	0.38057836913325643
0.098	0.3994003283769553
0.099	0.41867128130283615
0.1	0.4383832479525109
0.101	0.4585277967555854
0.10200000000000001	0.47909606920354453
0.10300000000000001	0.5000788044262853
0.10400000000000001	0.5214663636067302
0.10500000000000001	0.5432487541746086
0.106	0.5654156537258554
0.107	0.5879564336191871
0.108	0.610860182206201
0.109	0.6341157276559272
0.11	0.6577116603390415
0.111	0.6816363547409683
0.112	0.7058779908769042
0.113	0.7304245751853403
0.114	0.7552639608799647
0.115	0.7803838677429368
0.116	0.8057719013453958
0.117	0.831415571683755
0.11800000000000001	0.8573023112228056
0.11900000000000001	0.88341949233898
0.12	0.9097544441592027
0.121	0.9362944687927778
0.122	0.9630268569554976
0.123	0.9899389029868525
0.124	1.0170179192627125
0.125	1.0442512500072187
0.126	1.071626284508901
0.127	1.0991304697471171
0.128	1.1267513224360057
0.129	1.1544764404939727
0.13	1.182293513947628
0.131	1.2101903352797612
0.132	1.2381548092316266
0.133	1.2661749620703326
0.134	1.294238950332653
0.135	1.322335069056989
0.136	1.350451759515534
0.137	1.37857761645905
0.138	1.4067013948868439
0.139	1.4348120163547706
0.14	1.4628985748341932
0.14100000000000001	1.490950342134976
0.14200000000000002	1.5189567729055897
0.14300000000000002	1.5469075092234967
0.14400000000000002	1.574792384788922
0.14500000000000002	1.6026014287350963
0.146	1.630324869068002
0.147	1.6579531357485318
0.148	1.6854768634298944
0.149	1.712886893862911
0.15	1.7401742779817608
0.151	1.7673302776824817
0.152	1.7943463673064173
0.153	1.8212142348405815
0.154	1.8479257828466666
0.155	1.8744731291302423
0.156	1.900848607161466
0.157	1.9270447662583352
0.158	1.9530543715433502
0.159	1.978870403684126
0.16	2.004486058428305
0.161	2.029894745942823
0.162	2.055090089967365
0.163	2.080065926791517
0.164	2.1048163040649737
0.165	2.1293354794497703
0.166	2.153617919123347
0.167	2.177658296140946
0.168	2.201451488665623
0.169	2.224992578073817
0.17	2.2482768469442735
0.171	2.2712997769378123
0.17200000000000001	2.2940570465751606
0.17300000000000001	2.3165445289198647
0.17400000000000002	2.3387582891730645
0.17500000000000002	2.360694582186612
0.176	2.382349849900858
0.177	2.40372071871316
0.178	2.424803996782926
0.179	2.4455966712788375
0.18	2.4660959055736384
0.181	2.486299036391673
0.182	2.5062035709141464
0.183	2.5258071838469127
0.184	2.5451077144553373
0.185	2.564103163570652
0.186	2.5827916905719808
0.187	2.6011716103480635
0.188	2.6192413902425216
0.189	2.6369996469863293
0.19	2.65444514362097
0.191	2.6715767864156548
0.192	2.688393621781744
0.193	2.704894833187411
0.194	2.721079738075386
0.195	2.7369477847865897
0.196	2.752498549492144
0.197	2.7677317331362876
0.198	2.782647158392473
0.199	2.797244766634857
0.2	2.8115246149272526
0.201	2.825486873031501
0.202	2.8391318204370695
0.203	2.852459843413641
0.20400000000000001	2.8654714320882935
0.20500000000000002	2.878167177548774
0.20600000000000002	2.8905477689743035
0.20700000000000002	2.9026139907952517
0.20800000000000002	2.9143667198828584
0.20900000000000002	2.925806922770161
0.21	2.9369356529052455
0.211	2.947754047937676
0.212	2.9582633270391208
0.213	2.9684647882589017
0.214	2.9783598059152556
0.215	2.987949828023024
0.216	2.9972363737582515
0.217	3.006221030960417
0.218	3.014905453672629
0.219	3.023291359720342
0.22	3.031380528328818
0.221	3.039174797779833
0.222	3.0466760631077263
0.223	3.0538862738351256
0.224	3.060807431748479
0.225	3.067441588713517
0.226	3.0737908445307305
0.227	3.0798573448309745
0.228	3.085643279011094
0.229	3.091150878209646
0.23	3.0963824133226114
0.231	3.1013401930590008
0.232	3.10602656203626
0.233	3.1104438989152925
0.234	3.114594614574927
0.23500000000000001	3.118481150325629
0.23600000000000002	3.122105976162251
0.23700000000000002	3.125471589055501
0.23800000000000002	3.128580511281921
0.23900000000000002	3.131435288792058
0.24	3.1340384896165188
0.241	3.136392702309526
0.242	3.1385005344297543
0.243	3.140364611057927
0.244	3.1419875733509195
0.245	3.1433720771319047
0.246	3.1445207915161855
0.247	3.1454363975722766
0.248	3.1461215870178085
0.249	3.146579060949834
0.25	3.1468115286091014
0.251	3.14682170617781
0.252	3.14661231561044
0.253	3.1461860834971467
0.254	3.1455457399593043
0.255	3.144694017576678
0.256	3.1436336503457483
0.257	3.1423673726687764
0.258	3.1408979183730206
0.259	3.139228019759719
0.26	3.137360406682283
0.261	3.1352978056532326
0.262	3.1330429389793992
0.263	3.130598523924895
0.264	3.1279672719013485
0.265	3.1251518876849302
0.266	3.12215506865968
0.267	3.118979504086636
0.268	3.1156278743983137
0.269	3.112102850517971
0.27	3.108407093203306
0.271	3.1045432524139667
0.272	3.1005139667025174
0.273	3.096321862628301
0.274	3.091969554193774
0.275	3.08745964230284
0.276	3.082794714240721
0.277	3.0779773431748736
0.278	3.0730100876765647
0.279	3.0678954912625716
0.28	3.062636081956653
0.281	3.057234371870247
0.28200000000000003	3.0516928568020796
0.28300000000000003	3.0460140158561164
0.28400000000000003	3.0402003110775673
0.28500000000000003	3.034254187106407
0.28600000000000003	3.028178070848085
0.28700000000000003	3.0219743711609324
0.28800000000000003	3.0156454785599554
0.28900000000000003	3.0091937649365046
0.29	3.0026215832935432
0.291	2.995931267496002
0.292	2.989125132035967
0.293	2.9822054718121995
0.294	2.975174561923724
0.295	2.968034657477003
0.296	2.9607879934064845
0.297	2.9534367843080105
0.298	2.9459832242848396
0.299	2.9384294868059344
0.3	2.9307777245761217
0.301	2.923030069417837
0.302	2.915188632164119
0.303	2.9072555025625206
0.304	2.8992327491896583
0.305	2.8911224193760137
0.306	2.88292653914079
0.307	2.874647113136431
0.308	2.8662861246025617
0.309	2.8578455353290506
0.31	2.8493272856279175
0.311	2.840733294313777
0.312	2.8320654586926377
0.313	2.8233256545586647
0.314	2.8145157361987296
0.315	2.8056375364045234
0.316	2.7966928664918567
0.317	2.787683516327044
0.318	2.778611254360058
0.319	2.7694778276641956
0.32	2.7602849619821113
0.321	2.751034361777961
0.322	2.7417277102953284
0.323	2.732366669620929
0.324	2.7229528807537022
0.325	2.713487963679188
0.326	2.7039735174489135
0.327	2.694411120264674
0.328	2.6848023295674497
0.329	2.6751486821308337
0.33	2.665451694158707
0.331	2.655712861387086
0.332	2.645933659189867
0.333	2.6361155426883807
0.334	2.62625994686453
0.335	2.6163682866774107
0.336	2.606441957183179
0.337	2.596482333658122
0.338	2.5864907717246317
0.339	2.576468607480123
0.34	2.566417157628565
0.341	2.556337719614653
0.342	2.5462315717603583
0.343	2.536099973403811
0.34400000000000003	2.525944165040312
0.34500000000000003	2.515765368465478
0.34600000000000003	2.505564786920209
0.34700000000000003	2.4953436052375717
0.34800000000000003	2.485102989991297
0.34900000000000003	2.474844089645914
0.35000000000000003	2.4645680347083427
0.35100000000000003	2.454275937880883
0.352	2.443968894215442
0.353	2.4336479812689675
0.354	2.4233142592599637
0.355	2.412968771225938
0.356	2.402612543181854
0.357	2.39224658427924
0.358	2.38187188696618
0.359	2.371489427147841
0.36	2.3611001643475817
0.361	2.3507050418685798
0.362	2.3403049869558483
0.363	2.329900910958565
0.364	2.319493709492718
0.365	2.3090842626039185
0.366	2.2986734349303553
0.367	2.2882620758658185
0.368	2.277851019722744
0.369	2.2674410858951908
0.37	2.2570330790217383
0.371	2.2466277891481816
0.372	2.2362259918900502
0.373	2.225828448594853
0.374	2.215435906504002
0.375	2.205049098914345
0.376	2.1946687453393516
0.377	2.1842955516698095
0.378	2.1739302103339866
0.379	2.1635734004573686
0.38	2.1532257880216807
0.381	2.1428880260234204
0.382	2.1325607546316525
0.383	2.1222446013451712
0.384	2.1119401811489515
0.385	2.1016480966697713
0.386	2.091368938331167
0.387	2.081103284507507
0.388	2.0708517016772494
0.389	2.0606147445753376
0.39	2.0503929563447154
0.391	2.040186868686898
0.392	2.029997002011665
0.393	2.0198238655857454
0.394	2.0096679576805396
0.395	1.9995297657188682
0.396	1.9894097664206687
0.397	1.9793084259476859
0.398	1.9692262000471017
0.399	1.959163534194094
0.4	1.9491208637333477
0.401	1.9390986140194215
0.402	1.9290972005560414
0.403	1.9191170291342927
0.404	1.909158495969621
0.405	1.8992219878377683
0.406	1.8893078822094942
0.40700000000000003	1.8794165473841864
0.40800000000000003	1.869548342622284
0.40900000000000003	1.8597036182765174
0.41000000000000003	1.8498827159219817
0.41100000000000003	1.8400859684850372
0.41200000000000003	1.8303137003709775
0.41300000000000003	1.8205662275905403
0.41400000000000003	1.810843857885195
0.41500000000000004	1.8011468908512314
0.41600000000000004	1.7914756180626459
0.41700000000000004	1.7818303231928052
0.418	1.7722112821349174
0.419	1.7626187631212642
0.42	1.7530530268412372
0.421	1.7435143265581663
0.422	1.7340029082248958
0.423	1.7245190105981942
0.424	1.7150628653519238
0.425	1.7056346971889833
0.426	1.6962347239520832
0.427	1.6868631567332697
0.428	1.6775201999822758
0.429	1.6682060516136277
0.43	1.658920903112609
0.431	1.649664939639972
0.432	1.6404383401354885
0.433	1.6312412774203016
0.434	1.6220739182980923
0.435	1.6129364236550812
0.436	1.6038289485588133
0.437	1.5947516423558301
0.438	1.5857046487681348
0.439	1.5766881059885214
0.44	1.5677021467747283
0.441	1.5587468985424664
0.442	1.5498224834573058
0.443	1.5409290185254112
0.444	1.532066615683163
0.445	1.5232353818856603
0.446	1.5144354191940974
0.447	1.5056668248620488
0.448	1.4969296914206367
0.449	1.4882241067626407
0.45	1.479550154225463
0.451	1.4709079126731053
0.452	1.4622974565769784
0.453	1.4537188560957266
0.454	1.4451721771539723
0.455	1.4366574815200064
0.456	1.4281748268824581
0.457	1.4197242669259347
0.458	1.4113058514056362
0.459	1.402919626220963
0.46	1.39456563348811
0.461	1.386243911611702
0.462	1.377954495355393
0.463	1.3696974159115365
0.464	1.3614727009698404
0.465	1.3532803747851256
0.466	1.3451204582440763
0.467	1.3369929689310693
0.468	1.328897921193093
0.46900000000000003	1.3208353262036936
0.47000000000000003	1.312805192026082
0.47100000000000003	1.3048075236752463
0.47200000000000003	1.2968423231792445
0.47300000000000003	1.2889095896395626
0.47400000000000003	1.2810093192906133
0.47500000000000003	1.2731415055583606
0.47600000000000003	1.2653061391180997
0.47700000000000004	1.257503207951338
0.47800000000000004	1.2497326974019172
0.47900000000000004	1.241994590231196
0.48	1.234288866672512
0.481	1.2266155044847489
0.482	1.2189744790051404
0.483	1.2113657632012684
0.484	1.203789327722253
0.485	1.19624514094919
0.486	1.1887331690448149
0.487	1.18125337600236
0.488	1.1738057236937238
0.489	1.1663901719168435
0.49	1.1590066784423674
0.491	1.1516551990595645
0.492	1.1443356876215443
0.493	1.1370480960897562
0.494	1.1297923745777718
0.495	1.1225684713943938
0.496	1.1153763330860824
0.497	1.108215904478674
0.498	1.1010871287184687
0.499	1.0939899473126318
0.5	1.0869243001689448
0.5009999999999999	1.079890125634926
0.502	1.072887360536313
0.5029999999999999	1.0659159402148912
0.504	1.0589757985657509
0.5049999999999999	1.0520668680738676
0.506	1.0451890798501444
0.5069999999999999	1.0383423636668112
0.508	1.0315266479922505
0.5089999999999999	1.024741860025241
0.51	1.0179879257286422
0.5109999999999999	1.0112647698624793
0.512	1.0045723160165003
0.5129999999999999	0.9979104866421641
0.514	0.9912792030841027
0.5149999999999999	0.9846783856110148
0.516	0.9781079534460749
0.5169999999999999	0.9715678247967787
0.518	0.9650579168842899
0.5189999999999999	0.9585781459722863
0.52	0.9521284273952995
0.5209999999999999	0.9457086755865479
0.522	0.939318804105303
0.5229999999999999	0.9329587256637552
0.524	0.926628352153425
0.5249999999999999	0.9203275946710895
0.526	0.9140563635442573
0.5269999999999999	0.9078145683561893
0.528	0.901602117970472
0.5289999999999999	0.895418920555139
0.53	0.8892648836063695
0.5309999999999999	0.8831399139717578
0.532	0.8770439178731507
0.5329999999999999	0.8709768009290724
0.534	0.8649384681767447
0.5349999999999999	0.8589288240936882
0.536	0.8529477726189523
0.5369999999999999	0.8469952171739124
0.538	0.841071060682713
0.5389999999999999	0.8351752055923202
0.54	0.8293075538921829
0.5409999999999999	0.8234680071335542
0.542	0.8176564664484183
0.5429999999999999	0.8118728325680719
0.544	0.8061170058413619
0.5449999999999999	0.8003888862525426
0.546	0.7946883734388275
0.5469999999999999	0.7890153667075813
0.548	0.7833697650531758
0.5489999999999999	0.7777514671735337
0.55	0.7721603714863435
0.5509999999999999	0.7665963761449414
0.552	0.7610593790539066
0.5529999999999999	0.7555492778843227
0.554	0.7500659700887623
0.5549999999999999	0.744609352915946
0.556	0.7391793234251266
0.5569999999999999	0.7337757785001731
0.558	0.7283986148633789
0.5589999999999999	0.7230477290889785
0.56	0.7177230176163986
0.5609999999999999	0.7124243767632356
0.562	0.7071517027379594
0.563	0.7019048916523584
0.5640000000000001	0.6966838395337278
0.565	0.6914884423368
0.5660000000000001	0.6863185959554268
0.567	0.6811741962340095
0.5680000000000001	0.6760551389787014
0.569	0.6709613199683483
0.5700000000000001	0.6658926349652149
0.571	0.6608489797254651
0.5720000000000001	0.6558302500094378
0.573	0.6508363415916656
0.5740000000000001	0.6458671502707041
0.575	0.6409225718787255
0.5760000000000001	0.6360025022909173
0.577	0.6311068374346492
0.5779999999999998	0.6262354732984587
0.579	0.6213883059408174
0.5799999999999998	0.6165652314987036
0.581	0.6117661461959853
0.5819999999999999	0.6069909463515987
0.583	0.6022395283875527
0.5839999999999999	0.5975117888367365
0.585	0.592807624350548
0.5859999999999999	0.5881269317063427
0.587	0.5834696078147094
0.5879999999999999	0.5788355497265708
0.589	0.5742246546401097
0.5899999999999999	0.5696368199075321
0.591	0.5650719430416624
0.5919999999999999	0.5605299217223855
0.593	0.556010653802919
0.5939999999999999	0.5515140373159347
0.595	0.5470399704795235
0.5959999999999999	0.54258835170302
0.597	0.5381590795926655
0.5979999999999999	0.5337520529571291
0.599	0.5293671708128923
0.5999999999999999	0.5250043323894902
0.601	0.5206634371346086
0.6019999999999999	0.5163443847190547
0.603	0.5120470750415912
0.6039999999999999	0.5077714082336375
0.605	0.503517284663841
0.6059999999999999	0.4992846049425424
0.607	0.49507326992607753
0.6079999999999999	0.49088318072099885
0.609	0.48671423868815444
0.6099999999999999	0.482566345446656
0.611	0.4784394028777303
0.6119999999999999	0.4743333131284637
0.613	0.47024797861542406
0.6139999999999999	0.4661833020281901
0.615	0.4621391863327593
0.6159999999999999	0.4581155347748599
0.617	0.45411225088315593
0.6179999999999999	0.45012923847235536
0.619	0.4461664016462131
0.6199999999999999	0.44222364480044607
0.621	0.43830087262554396
0.6219999999999999	0.4343979901094901
0.623	0.43051490254039443
0.6239999999999999	0.42665151550903
0.625	0.4228077349112841
0.6259999999999999	0.41898346695052724
0.627	0.41517861813988904
0.6279999999999999	0.41139309530445545
0.629	0.4076268055833863
0.6299999999999999	0.4038796564319486
0.631	0.4001515556234733
0.6319999999999999	0.3964424112512377
0.633	0.3927521317302676
0.6339999999999999	0.3890806257990654
0.635	0.3854278025212757
0.6359999999999999	0.38179357128726327
0.637	0.37817784181564024
0.6379999999999999	0.3745805241547034
0.639	0.37100152868382835
0.6399999999999999	0.36744076611477955
0.641	0.3638981474929634
0.6419999999999999	0.36037358419862053
0.643	0.35686698794795374
0.6439999999999999	0.35337827079419265
0.645	0.3499073451286047
0.6459999999999999	0.34645412368144585
0.647	0.3430185195228542
0.6479999999999999	0.33960044606369
0.649	0.33619981705631974
0.6499999999999999	0.332816546595341
0.651	0.3294505491182711
0.6519999999999999	0.3261017394061695
0.653	0.32277003258421433
0.6539999999999999	0.3194553441222347
0.655	0.31615758983519027
0.6559999999999999	0.31287668588360606
0.657	0.3096125487739616
0.6579999999999999	0.30636509535903356
0.659	0.3031342428381958
0.6599999999999999	0.29991990875767827
0.661	0.2967220110107798
0.6619999999999999	0.293540467838042
0.663	0.29037519782738547
0.6639999999999999	0.28722611991420555
0.665	0.28409315338142493
0.6659999999999999	0.2809762178595143
0.667	0.27787523332647845
0.6679999999999999	0.27479012010779563
0.669	0.2717207988763359
0.6699999999999999	0.268667190652235
0.671	0.2656292168027417
0.6719999999999999	0.2626067990420234
0.673	0.2595998594309529
0.6739999999999999	0.25660832037685266
0.675	0.25363210463321373
0.6759999999999999	0.2506711352993862
0.677	0.24772533582023604
0.6779999999999999	0.24479462998577736
0.679	0.24187894193078058
0.6799999999999999	0.23897819613434243
0.681	0.23609231741944164
0.6819999999999999	0.23322123095246158
0.683	0.23036486224269537
0.6839999999999999	0.22752313714181605
0.685	0.2246959818433302
0.6859999999999999	0.2218833228820095
0.687	0.21908508713329775
0.688	0.21630120181269244
0.6890000000000001	0.21353159447510806
0.69	0.21077619301422304
0.6910000000000001	0.20803492566179982
0.692	0.20530772098698785
0.6930000000000001	0.20259463174098216
0.694	0.19989648000457724
0.6950000000000001	0.1972140433667565
0.696	0.19454805505352973
0.6970000000000001	0.1918992055735208
0.698	0.1892681443109443
0.6990000000000001	0.1866554810675309
0.7	0.1840617875549158
0.7010000000000001	0.18148759883896032
0.702	0.17893341473744231
0.7030000000000001	0.17639970117249335
0.704	0.17388689147914763
0.7049999999999998	0.17139538767129858
0.706	0.16892556166634892
0.7069999999999999	0.16647775646978877
0.708	0.16405228732090193
0.7089999999999999	0.16164944280076973
0.71	0.15926948590371284
0.7109999999999999	0.15691265507326443
0.712	0.15457916520375303
0.7129999999999999	0.15226920860853385
0.714	0.14998295595587682
0.7149999999999999	0.14772055717349686
0.716	0.1454821423226733
0.7169999999999999	0.14326782244289588
0.718	0.14107769036792248
0.7189999999999999	0.13891182151413264
0.72	0.1367702746420231
0.7209999999999999	0.13465309259166486
0.722	0.13256030299292512
0.7229999999999999	0.13049191895123433
0.724	0.12844793970964144
0.7249999999999999	0.12642835128790592
0.726	0.12443312709932113
0.7269999999999999	0.12246222854597334
0.728	0.12051560559309742
0.7289999999999999	0.11859319732318438
0.73	0.11669493247047354
0.7309999999999999	0.11482072993643885
0.732	0.1129704992868674
0.7329999999999999	0.11114414123110976
0.734	0.1093415480840597
0.7349999999999999	0.1075626042114091
0.736	0.10580718645871036
0.7369999999999999	0.10407516456475153
0.738	0.10236640155975092
0.7389999999999999	0.10068075414884996
0.74	0.09901807308136971
0.7409999999999999	0.0973782035062962
0.742	0.09576098531442492
0.7429999999999999	0.09416625346760259
0.744	0.09259383831547321
0.7449999999999999	0.09104356590014172
0.746	0.0895152582491351
0.7469999999999999	0.08800873365705202
0.748	0.08652380695626166
0.7489999999999999	0.08506028977701176
0.75	0.08361799079729232
0.7509999999999999	0.08219671598279332
0.752	0.08079626881727667
0.7529999999999999	0.07941645052368587
0.754	0.07805706027629503
0.7549999999999999	0.07671789540419797
0.756	0.07539875158642308
0.7569999999999999	0.07409942303895618
0.758	0.07281970269393995
0.7589999999999999	0.07155938237131748
0.76	0.07031825294316878
0.7609999999999999	0.06909610449099333
0.762	0.06789272645617414
0.7629999999999999	0.06670790778385784
0.764	0.06554143706047572
0.7649999999999999	0.0643931026451229
0.766	0.0632626927950084
0.7669999999999999	0.06214999578518156
0.768	0.06105480002273139
0.7689999999999999	0.05997689415565273
0.77	0.05891606717656794
0.7709999999999999	0.057872108521478755
0.772	0.05684480816373167
0.7729999999999999	0.055833956703359035
0.774	0.054839345451965595
0.7749999999999999	0.05386076651331607
0.776	0.05289801285978009
0.7769999999999999	0.0519508784047837
0.778	0.051019158071410484
0.7789999999999999	0.05010264785729478
0.78	0.049201144895940525
0.7809999999999999	0.04831444751459757
0.782	0.04744235528882468
0.7829999999999999	0.04658466909385802
0.784	0.04574119115290936
0.7849999999999999	0.04491172508250478
0.786	0.044096075934979065
0.7869999999999999	0.0432940502382308
0.788	0.04250545603284592
0.7889999999999999	0.04173010290668745
0.79	0.04096780202705226
0.7909999999999999	0.04021836617048753
0.792	0.03948160975035936
0.7929999999999999	0.03875734884226227
0.794	0.03804540120735501
0.7949999999999999	0.0373455863137045
0.796	0.036657725355721454
0.7969999999999999	0.03598164127175967
0.798	0.03531715875995924
0.7989999999999999	0.03466410429240336
0.8	0.034022306127658504
0.8009999999999999	0.033391594321767096
0.802	0.03277180073775684
0.8029999999999999	0.0321627590537301
0.804	0.03156430476959499
0.8049999999999999	0.03097627521249641
0.806	0.030398509541003937
0.8069999999999999	0.029830848748112194
0.808	0.029273135663106423
0.8089999999999999	0.028725214952344178
0.81	0.02818693311900324
0.8109999999999999	0.02765813850184332
0.812	0.027138681273027265
0.813	0.026628413435047463
0.8140000000000001	0.026127188816798205
0.815	0.025634863068838075
0.8160000000000001	0.02515129365788022
0.817	0.024676339860549984
0.8180000000000001	0.024209862756447015
0.819	0.0237517252205475
0.8200000000000001	0.023301791914980854
0.821	0.02285992928021485
0.8220000000000001	0.022426005525680352
0.823	0.021999890619867034
0.8240000000000001	0.02158145627992001
0.825	0.021170575960765846
0.8260000000000001	0.020767124843794983
0.827	0.020370979825128203
0.8280000000000001	0.01998201950349212
0.829	0.01960012416772758
0.8300000000000001	0.019225175783956824
0.831	0.018857057982429187
0.8320000000000001	0.01849565604406978
0.833	0.0181408568867507
0.8339999999999999	0.017792549051305756
0.835	0.017450622687307626
0.8359999999999999	0.017114969538626457
0.837	0.016785482928787513
0.8379999999999999	0.01646205774614574
0.839	0.016144590428892512
0.8399999999999999	0.015832978949912077
0.841	0.015527122801501083
0.8419999999999999	0.01522692297996743
0.843	0.01493228197012112
0.8439999999999999	0.014643103729671305
0.845	0.014359293673541844
0.8459999999999999	0.014080758658117998
0.847	0.013807406965435582
0.8479999999999999	0.013539148287324481
0.849	0.013275893709516349
0.8499999999999999	0.013017555695727693
0.851	0.012764048071727294
0.8519999999999999	0.01251528600939805
0.853	0.012271186010801675
0.8539999999999999	0.012031665892254965
0.855	0.011796644768425868
0.8559999999999999	0.011566043036456586
0.857	0.011339782360122024
0.8579999999999999	0.01111778565402928
0.859	0.010899977067866337
0.8599999999999999	0.010686281970704833
0.861	0.010476626935363989
0.8619999999999999	0.010270939722840855
0.863	0.010069149266812447
0.8639999999999999	0.009871185658214767
0.865	0.009676980129903652
0.8659999999999999	0.009486465041402143
0.867	0.009299573863738112
0.8679999999999999	0.009116241164377044
0.869	0.008936402592253137
0.8699999999999999	0.008759994862902569
0.871	0.008586955743702251
0.8719999999999999	0.008417224039217318
0.873	0.008250739576660258
0.8739999999999999	0.00808744319146413
0.875	0.007927276712973217
0.8759999999999999	0.007770182950252642
0.877	0.007616105678019499
0.8779999999999999	0.0074649896226978785
0.879	0.007316780448599076
0.8799999999999999	0.007171424744229058
0.881	0.007028870008724853
0.8819999999999999	0.006889064638420876
0.883	0.006751957913547016
0.8839999999999999	0.006617499985059245
0.885	0.006485641861603965
0.8859999999999999	0.00635633539661713
0.887	0.006229533275558525
0.8879999999999999	0.006105189003282467
0.889	0.005983256891545116
0.8899999999999999	0.005863692046648928
0.891	0.00574645035722482
0.8919999999999999	0.005631488482152271
0.893	0.005518763838617269
0.8939999999999999	0.005408234590308954
0.895	0.005299859635754035
0.8959999999999999	0.005193598596789774
0.897	0.0050894118071751005
0.8979999999999999	0.004987260301339495
0.899	0.004887105803269721
0.8999999999999999	0.004788910715534015
0.901	0.004692638108443163
0.9019999999999999	0.004598251709348383
0.903	0.004505715892075138
0.9039999999999999	0.00441499566649269
0.905	0.004326056668218664
0.9059999999999999	0.004238865148457965
0.907	0.004153387963975452
0.9079999999999999	0.004069592567201569
0.909	0.003987446996470303
0.9099999999999999	0.003906919866388544
0.911	0.0038279803583361484
0.9119999999999999	0.0037505982110957532
0.913	0.0036747437116114398
0.9139999999999999	0.0036003876858754784
0.915	0.00352750148994198
0.9159999999999999	0.0034560570010667567
0.917	0.003386026608972082
0.9179999999999999	0.0033173832072356086
0.919	0.00325010018480229
0.9199999999999999	0.003184151417618232
0.921	0.0031195112603853996
0.9219999999999999	0.0030561545384362007
0.923	0.0029940565397266615
0.9239999999999999	0.002933193006947222
0.925	0.0028735401297499885
0.9259999999999999	0.0028150745370912086
0.927	0.0027577732896879766
0.9279999999999999	0.0027016138725878595
0.929	0.0026465741878503373
0.9299999999999999	0.0025926325473389555
0.931	0.00253976766562282
0.9319999999999999	0.002487958652986477
0.933	0.002437185008546769
0.9339999999999999	0.0023874266134756568
0.935	0.0023386637243277032
0.9359999999999999	0.0022908769664709947
0.937	0.0022440473276204593
0.938	0.0021981561514721718
0.9390000000000001	0.002153185131437628
0.94	0.0021091163044766608
0.9410000000000001	0.0020659320450278607
0.942	0.0020236150590353568
0.9430000000000001	0.001982148378070613
0.944	0.0019415153535482061
0.9450000000000001	0.0019016996510343527
0.946	0.001862685244646934
0.9470000000000001	0.0018244564115459671
0.948	0.0017869977265132153
0.9490000000000001	0.0017502940566199257
0.95	0.0017143305559813632
0.9510000000000001	0.0016790926605971491
0.952	0.0016445660832761333
0.9530000000000001	0.0016107368086447328
0.954	0.0015775910882375882
0.9550000000000001	0.001545115435669382
0.956	0.0015132966218867493
0.9570000000000001	0.001482121670499142
0.958	0.0014515778531875312
0.9590000000000001	0.0014216526851899085
0.96	0.0013923339208624435
0.9609999999999999	0.001363609549315241
0.962	0.0013354677901216776
0.9629999999999999	0.001307897089100157
0.964	0.0012808861141673723
0.9649999999999999	0.0012544237512618938
0.966	0.0012284991003371772
0.9669999999999999	0.001203101471422878
0.968	0.0011782203807535567
0.9689999999999999	0.0011538455469636538
0.97	0.0011299668873478858
0.9709999999999999	0.001106574514185951
0.972	0.0010836587311306928
0.9729999999999999	0.0010612100296586505
0.974	0.0010392190855821413
0.9749999999999999	0.0010176767556219005
0.976	0.0009965740740393095
0.9769999999999999	0.0009759022493273886
0.978	0.0009556526609595462
0.9789999999999999	0.000935816856195264
0.98	0.0009163865469417792
0.9809999999999999	0.0008973536066709313
0.982	0.000878710067390276
0.9829999999999999	0.0008604481166676115
0.984	0.0008425600947081109
0.9849999999999999	0.000825038491483161
0.986	0.0008078759439101549
0.9869999999999999	0.0007910652330823668
0.988	0.0007745992815481359
0.9889999999999999	0.0007584711506385601
0.99	0.0007426740378429145
0.9909999999999999	0.0007272012742310157
0.992	0.0007120463219217825
0.9929999999999999	0.0006972027715972348
0.994	0.0006826643400611757
0.9949999999999999	0.0006684248678418405
0.996	0.0006544783168377921
0.9969999999999999	0.0006408187680063234
0.998	0.0006274404190936891
0.9989999999999999	0.0006143375824064742
1.	0.0006015046826233861