0.	0.001	0.
0.001	0.002	0.
0.002	0.003	0.
0.003	0.004	0.
0.004	0.005	0.00003
0.005	0.006	0.00051
0.006	0.007	0.00289
0.007	0.008	0.00972
0.008	0.009	0.02411
0.009	0.01	0.04913
0.01	0.011	0.08742
0.011	0.012	0.14099
0.012	0.013	0.21117
0.013	0.014	0.29867
0.014	0.015	0.40362
0.015	0.016	0.52567
0.016	0.017	0.66409
0.017	0.018	0.81785
0.018	0.019	0.98571
0.019	0.02	1.16625
0.02	0.021	1.35799
0.021	0.022	1.55936
0.022	0.023	1.76882
0.023	0.024	1.98481
0.024	0.025	2.20583
0.025	0.026	2.43044
0.026	0.027	2.65728
0.027	0.028	2.88505
0.028	0.029	3.11257
0.029	0.03	3.33873
0.03	0.031	3.56251
0.031	0.032	3.78301
0.032	0.033	3.99941
0.033	0.034	4.21096
0.034	0.035	4.41703
0.035	0.036	4.61705
0.036	0.037	4.81053
0.037	0.038	4.99707
0.038	0.039	5.17632
0.039	0.04	5.348
0.04	0.041	5.51191
0.041	0.042	5.66786
0.042	0.043	5.81575
0.043	0.044	5.95552
0.044	0.045	6.08713
0.045	0.046	6.2106
0.046	0.047	6.32598
0.047	0.048	6.43333
0.048	0.049	6.53277
0.049	0.05	6.62441
0.05	0.051	6.7084
0.051	0.052	6.78491
0.052	0.053	6.85412
0.053	0.054	6.91621
0.054	0.055	6.9714
0.055	0.056	7.01989
0.056	0.057	7.0619
0.057	0.058	7.09766
0.058	0.059	7.12739
0.059	0.06	7.15132
0.06	0.061	7.16969
0.061	0.062	7.18273
0.062	0.063	7.19067
0.063	0.064	7.19373
0.064	0.065	7.19215
0.065	0.066	7.18614
0.066	0.067	7.17594
0.067	0.068	7.16175
0.068	0.069	7.14378
0.069	0.07	7.12225
0.07	0.071	7.09735
0.071	0.072	7.06928
0.072	0.073	7.03824
0.073	0.074	7.00439
0.074	0.075	6.96793
0.075	0.076	6.92903
0.076	0.077	6.88784
0.077	0.078	6.84454
0.078	0.079	6.79927
0.079	0.08	6.75218
0.08	0.081	6.70342
0.081	0.082	6.65312
0.082	0.083	6.60142
0.083	0.084	6.54842
0.084	0.085	6.49427
0.085	0.086	6.43906
0.086	0.087	6.3829
0.087	0.088	6.32591
0.088	0.089	6.26817
0.089	0.09	6.20978
0.09	0.091	6.15083
0.091	0.092	6.0914
0.092	0.093	6.03157
0.093	0.094	5.97141
0.094	0.095	5.911
0.095	0.096	5.85039
0.096	0.097	5.78966
0.097	0.098	5.72887
0.098	0.099	5.66805
0.099	0.1	5.60728
0.1	0.101	5.5466
0.101	0.102	5.48604
0.102	0.103	5.42567
0.103	0.104	5.3655
0.104	0.105	5.30559
0.105	0.106	5.24596
0.106	0.107	5.18665
0.107	0.108	5.12769
0.108	0.109	5.0691
0.109	0.11	5.01091
0.11	0.111	4.95314
0.111	0.112	4.89581
0.112	0.113	4.83894
0.113	0.114	4.78255
0.114	0.115	4.72666
0.115	0.116	4.67128
0.116	0.117	4.61641
0.117	0.118	4.56208
0.118	0.119	4.5083
0.119	0.12	4.45506
0.12	0.121	4.40239
0.121	0.122	4.35028
0.122	0.123	4.29875
0.123	0.124	4.24779
0.124	0.125	4.19741
0.125	0.126	4.14761
0.126	0.127	4.0984
0.127	0.128	4.04978
0.128	0.129	4.00174
0.129	0.13	3.95429
0.13	0.131	3.90743
0.131	0.132	3.86116
0.132	0.133	3.81547
0.133	0.134	3.77036
0.134	0.135	3.72583
0.135	0.136	3.68188
0.136	0.137	3.6385
0.137	0.138	3.59569
0.138	0.139	3.55345
0.139	0.14	3.51177
0.14	0.141	3.47064
0.141	0.142	3.43007
0.142	0.143	3.39005
0.143	0.144	3.35056
0.144	0.145	3.31162
0.145	0.146	3.27321
0.146	0.147	3.23532
0.147	0.148	3.19795
0.148	0.149	3.16109
0.149	0.15	3.12475
0.15	0.151	3.0889
0.151	0.152	3.05355
0.152	0.153	3.01869
0.153	0.154	2.98432
0.154	0.155	2.95042
0.155	0.156	2.91699
0.156	0.157	2.88403
0.157	0.158	2.85152
0.158	0.159	2.81947
0.159	0.16	2.78786
0.16	0.161	2.75669
0.161	0.162	2.72596
0.162	0.163	2.69565
0.163	0.164	2.66576
0.164	0.165	2.63629
0.165	0.166	2.60722
0.166	0.167	2.57856
0.167	0.168	2.55029
0.168	0.169	2.52241
0.169	0.17	2.49492
0.17	0.171	2.46781
0.171	0.172	2.44106
0.172	0.173	2.41469
0.173	0.174	2.38867
0.174	0.175	2.36302
0.175	0.176	2.33771
0.176	0.177	2.31274
0.177	0.178	2.28812
0.178	0.179	2.26382
0.179	0.18	2.23986
0.18	0.181	2.21622
0.181	0.182	2.1929
0.182	0.183	2.16989
0.183	0.184	2.14719
0.184	0.185	2.12479
0.185	0.186	2.10269
0.186	0.187	2.08088
0.187	0.188	2.05936
0.188	0.189	2.03813
0.189	0.19	2.01717
0.19	0.191	1.99649
0.191	0.192	1.97608
0.192	0.193	1.95594
0.193	0.194	1.93606
0.194	0.195	1.91644
0.195	0.196	1.89707
0.196	0.197	1.87795
0.197	0.198	1.85908
0.198	0.199	1.84044
0.199	0.2	1.82205
0.2	0.201	1.80389
0.201	0.202	1.78596
0.202	0.203	1.76826
0.203	0.204	1.75078
0.204	0.205	1.73352
0.205	0.206	1.71648
0.206	0.207	1.69964
0.207	0.208	1.68302
0.208	0.209	1.66661
0.209	0.21	1.6504
0.21	0.211	1.63438
0.211	0.212	1.61857
0.212	0.213	1.60294
0.213	0.214	1.58751
0.214	0.215	1.57227
0.215	0.216	1.55721
0.216	0.217	1.54233
0.217	0.218	1.52763
0.218	0.219	1.51311
0.219	0.22	1.49876
0.22	0.221	1.48458
0.221	0.222	1.47057
0.222	0.223	1.45672
0.223	0.224	1.44304
0.224	0.225	1.42952
0.225	0.226	1.41616
0.226	0.227	1.40295
0.227	0.228	1.3899
0.228	0.229	1.377
0.229	0.23	1.36424
0.23	0.231	1.35164
0.231	0.232	1.33917
0.232	0.233	1.32686
0.233	0.234	1.31468
0.234	0.235	1.30264
0.235	0.236	1.29073
0.236	0.237	1.27896
0.237	0.238	1.26732
0.238	0.239	1.25582
0.239	0.24	1.24444
0.24	0.241	1.23319
0.241	0.242	1.22206
0.242	0.243	1.21105
0.243	0.244	1.20017
0.244	0.245	1.18941
0.245	0.246	1.17876
0.246	0.247	1.16823
0.247	0.248	1.15782
0.248	0.249	1.14751
0.249	0.25	1.13732
0.25	0.251	1.12724
0.251	0.252	1.11727
0.252	0.253	1.1074
0.253	0.254	1.09764
0.254	0.255	1.08798
0.255	0.256	1.07843
0.256	0.257	1.06898
0.257	0.258	1.05962
0.258	0.259	1.05036
0.259	0.26	1.04121
0.26	0.261	1.03214
0.261	0.262	1.02317
0.262	0.263	1.0143
0.263	0.264	1.00551
0.264	0.265	0.99682
0.265	0.266	0.98821
0.266	0.267	0.97969
0.267	0.268	0.97126
0.268	0.269	0.96292
0.269	0.27	0.95466
0.27	0.271	0.94648
0.271	0.272	0.93839
0.272	0.273	0.93038
0.273	0.274	0.92245
0.274	0.275	0.91459
0.275	0.276	0.90682
0.276	0.277	0.89912
0.277	0.278	0.8915
0.278	0.279	0.88395
0.279	0.28	0.87648
0.28	0.281	0.86909
0.281	0.282	0.86176
0.282	0.283	0.85451
0.283	0.284	0.84732
0.284	0.285	0.84021
0.285	0.286	0.83316
0.286	0.287	0.82619
0.287	0.288	0.81928
0.288	0.289	0.81243
0.289	0.29	0.80565
0.29	0.291	0.79894
0.291	0.292	0.79229
0.292	0.293	0.78571
0.293	0.294	0.77918
0.294	0.295	0.77272
0.295	0.296	0.76632
0.296	0.297	0.75998
0.297	0.298	0.75369
0.298	0.299	0.74747
0.299	0.3	0.7413
0.3	0.301	0.73519
0.301	0.302	0.72914
0.302	0.303	0.72315
0.303	0.304	0.71721
0.304	0.305	0.71132
0.305	0.306	0.70549
0.306	0.307	0.69971
0.307	0.308	0.69398
0.308	0.309	0.68831
0.309	0.31	0.68268
0.31	0.311	0.67711
0.311	0.312	0.67159
0.312	0.313	0.66612
0.313	0.314	0.66069
0.314	0.315	0.65532
0.315	0.316	0.64999
0.316	0.317	0.64471
0.317	0.318	0.63948
0.318	0.319	0.63429
0.319	0.32	0.62915
0.32	0.321	0.62406
0.321	0.322	0.61901
0.322	0.323	0.614
0.323	0.324	0.60904
0.324	0.325	0.60412
0.325	0.326	0.59924
0.326	0.327	0.59441
0.327	0.328	0.58962
0.328	0.329	0.58487
0.329	0.33	0.58016
0.33	0.331	0.57549
0.331	0.332	0.57086
0.332	0.333	0.56627
0.333	0.334	0.56172
0.334	0.335	0.55721
0.335	0.336	0.55274
0.336	0.337	0.5483
0.337	0.338	0.5439
0.338	0.339	0.53954
0.339	0.34	0.53522
0.34	0.341	0.53093
0.341	0.342	0.52668
0.342	0.343	0.52246
0.343	0.344	0.51828
0.344	0.345	0.51414
0.345	0.346	0.51002
0.346	0.347	0.50595
0.347	0.348	0.5019
0.348	0.349	0.49789
0.349	0.35	0.49391
0.35	0.351	0.48997
0.351	0.352	0.48606
0.352	0.353	0.48218
0.353	0.354	0.47833
0.354	0.355	0.47451
0.355	0.356	0.47072
0.356	0.357	0.46697
0.357	0.358	0.46324
0.358	0.359	0.45955
0.359	0.36	0.45588
0.36	0.361	0.45224
0.361	0.362	0.44864
0.362	0.363	0.44506
0.363	0.364	0.44151
0.364	0.365	0.43799
0.365	0.366	0.43449
0.366	0.367	0.43103
0.367	0.368	0.42759
0.368	0.369	0.42418
0.369	0.37	0.42079
0.37	0.371	0.41743
0.371	0.372	0.4141
0.372	0.373	0.4108
0.373	0.374	0.40752
0.374	0.375	0.40426
0.375	0.376	0.40103
0.376	0.377	0.39783
0.377	0.378	0.39465
0.378	0.379	0.3915
0.379	0.38	0.38837
0.38	0.381	0.38526
0.381	0.382	0.38218
0.382	0.383	0.37912
0.383	0.384	0.37609
0.384	0.385	0.37307
0.385	0.386	0.37009
0.386	0.387	0.36712
0.387	0.388	0.36418
0.388	0.389	0.36126
0.389	0.39	0.35836
0.39	0.391	0.35548
0.391	0.392	0.35262
0.392	0.393	0.34979
0.393	0.394	0.34698
0.394	0.395	0.34419
0.395	0.396	0.34142
0.396	0.397	0.33867
0.397	0.398	0.33594
0.398	0.399	0.33323
0.399	0.4	0.33054
0.4	0.401	0.32787
0.401	0.402	0.32522
0.402	0.403	0.32259
0.403	0.404	0.31998
0.404	0.405	0.31739
0.405	0.406	0.31482
0.406	0.407	0.31226
0.407	0.408	0.30973
0.408	0.409	0.30721
0.409	0.41	0.30472
0.41	0.411	0.30224
0.411	0.412	0.29978
0.412	0.413	0.29733
0.413	0.414	0.29491
0.414	0.415	0.2925
0.415	0.416	0.29011
0.416	0.417	0.28773
0.417	0.418	0.28538
0.418	0.419	0.28304
0.419	0.42	0.28071
0.42	0.421	0.27841
0.421	0.422	0.27612
0.422	0.423	0.27384
0.423	0.424	0.27159
0.424	0.425	0.26934
0.425	0.426	0.26712
0.426	0.427	0.26491
0.427	0.428	0.26272
0.428	0.429	0.26054
0.429	0.43	0.25837
0.43	0.431	0.25623
0.431	0.432	0.25409
0.432	0.433	0.25197
0.433	0.434	0.24987
0.434	0.435	0.24778
0.435	0.436	0.24571
0.436	0.437	0.24365
0.437	0.438	0.2416
0.438	0.439	0.23957
0.439	0.44	0.23756
0.44	0.441	0.23555
0.441	0.442	0.23356
0.442	0.443	0.23159
0.443	0.444	0.22963
0.444	0.445	0.22768
0.445	0.446	0.22574
0.446	0.447	0.22382
0.447	0.448	0.22191
0.448	0.449	0.22002
0.449	0.45	0.21813
0.45	0.451	0.21626
0.451	0.452	0.21441
0.452	0.453	0.21256
0.453	0.454	0.21073
0.454	0.455	0.20891
0.455	0.456	0.2071
0.456	0.457	0.20531
0.457	0.458	0.20352
0.458	0.459	0.20175
0.459	0.46	0.19999
0.46	0.461	0.19825
0.461	0.462	0.19651
0.462	0.463	0.19479
0.463	0.464	0.19307
0.464	0.465	0.19137
0.465	0.466	0.18968
0.466	0.467	0.188
0.467	0.468	0.18633
0.468	0.469	0.18468
0.469	0.47	0.18303
0.47	0.471	0.1814
0.471	0.472	0.17977
0.472	0.473	0.17816
0.473	0.474	0.17656
0.474	0.475	0.17497
0.475	0.476	0.17338
0.476	0.477	0.17181
0.477	0.478	0.17025
0.478	0.479	0.1687
0.479	0.48	0.16716
0.48	0.481	0.16563
0.481	0.482	0.16411
0.482	0.483	0.1626
0.483	0.484	0.1611
0.484	0.485	0.1596
0.485	0.486	0.15812
0.486	0.487	0.15665
0.487	0.488	0.15519
0.488	0.489	0.15373
0.489	0.49	0.15229
0.49	0.491	0.15086
0.491	0.492	0.14943
0.492	0.493	0.14801
0.493	0.494	0.14661
0.494	0.495	0.14521
0.495	0.496	0.14382
0.496	0.497	0.14244
0.497	0.498	0.14107
0.498	0.499	0.1397
0.499	0.5	0.13835
0.5	0.501	0.137
0.501	0.502	0.13567
0.502	0.503	0.13434
0.503	0.504	0.13302
0.504	0.505	0.1317
0.505	0.506	0.1304
0.506	0.507	0.1291
0.507	0.508	0.12782
0.508	0.509	0.12654
0.509	0.51	0.12527
0.51	0.511	0.124
0.511	0.512	0.12275
0.512	0.513	0.1215
0.513	0.514	0.12026
0.514	0.515	0.11903
0.515	0.516	0.1178
0.516	0.517	0.11658
0.517	0.518	0.11538
0.518	0.519	0.11417
0.519	0.52	0.11298
0.52	0.521	0.11179
0.521	0.522	0.11061
0.522	0.523	0.10944
0.523	0.524	0.10827
0.524	0.525	0.10711
0.525	0.526	0.10596
0.526	0.527	0.10482
0.527	0.528	0.10368
0.528	0.529	0.10255
0.529	0.53	0.10143
0.53	0.531	0.10031
0.531	0.532	0.0992
0.532	0.533	0.0981
0.533	0.534	0.097
0.534	0.535	0.09591
0.535	0.536	0.09483
0.536	0.537	0.09375
0.537	0.538	0.09269
0.538	0.539	0.09162
0.539	0.54	0.09056
0.54	0.541	0.08951
0.541	0.542	0.08847
0.542	0.543	0.08743
0.543	0.544	0.0864
0.544	0.545	0.08537
0.545	0.546	0.08436
0.546	0.547	0.08334
0.547	0.548	0.08234
0.548	0.549	0.08133
0.549	0.55	0.08034
0.55	0.551	0.07935
0.551	0.552	0.07837
0.552	0.553	0.07739
0.553	0.554	0.07642
0.554	0.555	0.07545
0.555	0.556	0.07449
0.556	0.557	0.07354
0.557	0.558	0.07259
0.558	0.559	0.07164
0.559	0.56	0.07071
0.56	0.561	0.06977
0.561	0.562	0.06885
0.562	0.563	0.06793
0.563	0.564	0.06701
0.564	0.565	0.0661
0.565	0.566	0.06519
0.566	0.567	0.0643
0.567	0.568	0.0634
0.568	0.569	0.06251
0.569	0.57	0.06163
0.57	0.571	0.06075
0.571	0.572	0.05987
0.572	0.573	0.05901
0.573	0.574	0.05814
0.574	0.575	0.05728
0.575	0.576	0.05643
0.576	0.577	0.05558
0.577	0.578	0.05474
0.578	0.579	0.0539
0.579	0.58	0.05306
0.58	0.581	0.05224
0.581	0.582	0.05141
0.582	0.583	0.05059
0.583	0.584	0.04978
0.584	0.585	0.04897
0.585	0.586	0.04816
0.586	0.587	0.04736
0.587	0.588	0.04656
0.588	0.589	0.04577
0.589	0.59	0.04498
0.59	0.591	0.0442
0.591	0.592	0.04342
0.592	0.593	0.04265
0.593	0.594	0.04188
0.594	0.595	0.04112
0.595	0.596	0.04035
0.596	0.597	0.0396
0.597	0.598	0.03885
0.598	0.599	0.0381
0.599	0.6	0.03736
0.6	0.601	0.03662
0.601	0.602	0.03588
0.602	0.603	0.03515
0.603	0.604	0.03442
0.604	0.605	0.0337
0.605	0.606	0.03298
0.606	0.607	0.03227
0.607	0.608	0.03156
0.608	0.609	0.03085
0.609	0.61	0.03015
0.61	0.611	0.02945
0.611	0.612	0.02875
0.612	0.613	0.02806
0.613	0.614	0.02738
0.614	0.615	0.02669
0.615	0.616	0.02601
0.616	0.617	0.02534
0.617	0.618	0.02467
0.618	0.619	0.024
0.619	0.62	0.02334
0.62	0.621	0.02268
0.621	0.622	0.02202
0.622	0.623	0.02137
0.623	0.624	0.02072
0.624	0.625	0.02007
0.625	0.626	0.01943
0.626	0.627	0.01879
0.627	0.628	0.01815
0.628	0.629	0.01752
0.629	0.63	0.0169
0.63	0.631	0.01629
0.631	0.632	0.01568
0.632	0.633	0.01509
0.633	0.634	0.01451
0.634	0.635	0.01394
0.635	0.636	0.01338
0.636	0.637	0.01284
0.637	0.638	0.01232
0.638	0.639	0.01181
0.639	0.64	0.01131
0.64	0.641	0.01083
0.641	0.642	0.01037
0.642	0.643	0.00992
0.643	0.644	0.00948
0.644	0.645	0.00906
0.645	0.646	0.00866
0.646	0.647	0.00827
0.647	0.648	0.0079
0.648	0.649	0.00754
0.649	0.65	0.00719
0.65	0.651	0.00686
0.651	0.652	0.00654
0.652	0.653	0.00623
0.653	0.654	0.00594
0.654	0.655	0.00565
0.655	0.656	0.00538
0.656	0.657	0.00513
0.657	0.658	0.00488
0.658	0.659	0.00464
0.659	0.66	0.00442
0.66	0.661	0.0042
0.661	0.662	0.00399
0.662	0.663	0.0038
0.663	0.664	0.00361
0.664	0.665	0.00343
0.665	0.666	0.00326
0.666	0.667	0.00309
0.667	0.668	0.00294
0.668	0.669	0.00279
0.669	0.67	0.00265
0.67	0.671	0.00251
0.671	0.672	0.00238
0.672	0.673	0.00226
0.673	0.674	0.00215
0.674	0.675	0.00204
0.675	0.676	0.00193
0.676	0.677	0.00183
0.677	0.678	0.00174
0.678	0.679	0.00164
0.679	0.68	0.00156
0.68	0.681	0.00148
0.681	0.682	0.0014
0.682	0.683	0.00133
0.683	0.684	0.00126
0.684	0.685	0.00119
0.685	0.686	0.00113
0.686	0.687	0.00107
0.687	0.688	0.00101
0.688	0.689	0.00096
0.689	0.69	0.0009
0.69	0.691	0.00086
0.691	0.692	0.00081
0.692	0.693	0.00077
0.693	0.694	0.00073
0.694	0.695	0.00069
0.695	0.696	0.00065
0.696	0.697	0.00061
0.697	0.698	0.00058
0.698	0.699	0.00055
0.699	0.7	0.00052
0.7	0.701	0.00049
0.701	0.702	0.00046
0.702	0.703	0.00044
0.703	0.704	0.00041
0.704	0.705	0.00039
0.705	0.706	0.00037
0.706	0.707	0.00035
0.707	0.708	0.00033
0.708	0.709	0.00031
0.709	0.71	0.0003
0.71	0.711	0.00028
0.711	0.712	0.00026
0.712	0.713	0.00025
0.713	0.714	0.00024
0.714	0.715	0.00022
0.715	0.716	0.00021
0.716	0.717	0.0002
0.717	0.718	0.00019
0.718	0.719	0.00018
0.719	0.72	0.00017
0.72	0.721	0.00016
0.721	0.722	0.00015
0.722	0.723	0.00014
0.723	0.724	0.00013
0.724	0.725	0.00012
0.725	0.726	0.00012
0.726	0.727	0.00011
0.727	0.728	0.00011
0.728	0.729	0.0001
0.729	0.73	0.00009
0.73	0.731	0.00009
0.731	0.732	0.00008
0.732	0.733	0.00008
0.733	0.734	0.00007
0.734	0.735	0.00007
0.735	0.736	0.00007
0.736	0.737	0.00006
0.737	0.738	0.00006
0.738	0.739	0.00006
0.739	0.74	0.00005
0.74	0.741	0.00005
0.741	0.742	0.00005
0.742	0.743	0.00004
0.743	0.744	0.00004
0.744	0.745	0.00004
0.745	0.746	0.00004
0.746	0.747	0.00003
0.747	0.748	0.00003
0.748	0.749	0.00003
0.749	0.75	0.00003
0.75	0.751	0.00003
0.751	0.752	0.00003
0.752	0.753	0.00002
0.753	0.754	0.00002
0.754	0.755	0.00002
0.755	0.756	0.00002
0.756	0.757	0.00002
0.757	0.758	0.00002
0.758	0.759	0.00002
0.759	0.76	0.00002
0.76	0.761	0.00002
0.761	0.762	0.00001
0.762	0.763	0.00001
0.763	0.764	0.00001
0.764	0.765	0.00001
0.765	0.766	0.00001
0.766	0.767	0.00001
0.767	0.768	0.00001
0.768	0.769	0.00001
0.769	0.77	0.00001
0.77	0.771	0.00001
0.771	0.772	0.00001
0.772	0.773	0.00001
0.773	0.774	0.00001
0.774	0.775	0.00001
0.775	0.776	0.00001
0.776	0.777	0.00001
0.777	0.778	0.00001
0.778	0.779	0.00001
0.779	0.78	0.
0.78	0.781	0.
0.781	0.782	0.
0.782	0.783	0.
0.783	0.784	0.
0.784	0.785	0.
0.785	0.786	0.
0.786	0.787	0.
0.787	0.788	0.
0.788	0.789	0.
0.789	0.79	0.
0.79	0.791	0.
0.791	0.792	0.
0.792	0.793	0.
0.793	0.794	0.
0.794	0.795	0.
0.795	0.796	0.
0.796	0.797	0.
0.797	0.798	0.
0.798	0.799	0.
0.799	0.8	0.
0.8	0.801	0.
0.801	0.802	0.
0.802	0.803	0.
0.803	0.804	0.
0.804	0.805	0.
0.805	0.806	0.
0.806	0.807	0.
0.807	0.808	0.
0.808	0.809	0.
0.809	0.81	0.
0.81	0.811	0.
0.811	0.812	0.
0.812	0.813	0.
0.813	0.814	0.
0.814	0.815	0.
0.815	0.816	0.
0.816	0.817	0.
0.817	0.818	0.
0.818	0.819	0.
0.819	0.82	0.
0.82	0.821	0.
0.821	0.822	0.
0.822	0.823	0.
0.823	0.824	0.
0.824	0.825	0.
0.825	0.826	0.
0.826	0.827	0.
0.827	0.828	0.
0.828	0.829	0.
0.829	0.83	0.
0.83	0.831	0.
0.831	0.832	0.
0.832	0.833	0.
0.833	0.834	0.
0.834	0.835	0.
0.835	0.836	0.
0.836	0.837	0.
0.837	0.838	0.
0.838	0.839	0.
0.839	0.84	0.
0.84	0.841	0.
0.841	0.842	0.
0.842	0.843	0.
0.843	0.844	0.
0.844	0.845	0.
0.845	0.846	0.
0.846	0.847	0.
0.847	0.848	0.
0.848	0.849	0.
0.849	0.85	0.
0.85	0.851	0.
0.851	0.852	0.
0.852	0.853	0.
0.853	0.854	0.
0.854	0.855	0.
0.855	0.856	0.
0.856	0.857	0.
0.857	0.858	0.
0.858	0.859	0.
0.859	0.86	0.
0.86	0.861	0.
0.861	0.862	0.
0.862	0.863	0.
0.863	0.864	0.
0.864	0.865	0.
0.865	0.866	0.
0.866	0.867	0.
0.867	0.868	0.
0.868	0.869	0.
0.869	0.87	0.
0.87	0.871	0.
0.871	0.872	0.
0.872	0.873	0.
0.873	0.874	0.
0.874	0.875	0.
0.875	0.876	0.
0.876	0.877	0.
0.877	0.878	0.
0.878	0.879	0.
0.879	0.88	0.
0.88	0.881	0.
0.881	0.882	0.
0.882	0.883	0.
0.883	0.884	0.
0.884	0.885	0.
0.885	0.886	0.
0.886	0.887	0.
0.887	0.888	0.
0.888	0.889	0.
0.889	0.89	0.
0.89	0.891	0.
0.891	0.892	0.
0.892	0.893	0.
0.893	0.894	0.
0.894	0.895	0.
0.895	0.896	0.
0.896	0.897	0.
0.897	0.898	0.
0.898	0.899	0.
0.899	0.9	0.
0.9	0.901	0.
0.901	0.902	0.
0.902	0.903	0.
0.903	0.904	0.
0.904	0.905	0.
0.905	0.906	0.
0.906	0.907	0.
0.907	0.908	0.
0.908	0.909	0.
0.909	0.91	0.
0.91	0.911	0.
0.911	0.912	0.
0.912	0.913	0.
0.913	0.914	0.
0.914	0.915	0.
0.915	0.916	0.
0.916	0.917	0.
0.917	0.918	0.
0.918	0.919	0.
0.919	0.92	0.
0.92	0.921	0.
0.921	0.922	0.
0.922	0.923	0.
0.923	0.924	0.
0.924	0.925	0.
0.925	0.926	0.
0.926	0.927	0.
0.927	0.928	0.
0.928	0.929	0.
0.929	0.93	0.
0.93	0.931	0.
0.931	0.932	0.
0.932	0.933	0.
0.933	0.934	0.
0.934	0.935	0.
0.935	0.936	0.
0.936	0.937	0.
0.937	0.938	0.
0.938	0.939	0.
0.939	0.94	0.
0.94	0.941	0.
0.941	0.942	0.
0.942	0.943	0.
0.943	0.944	0.
0.944	0.945	0.
0.945	0.946	0.
0.946	0.947	0.
0.947	0.948	0.
0.948	0.949	0.
0.949	0.95	0.
0.95	0.951	0.
0.951	0.952	0.
0.952	0.953	0.
0.953	0.954	0.
0.954	0.955	0.
0.955	0.956	0.
0.956	0.957	0.
0.957	0.958	0.
0.958	0.959	0.
0.959	0.96	0.
0.96	0.961	0.
0.961	0.962	0.
0.962	0.963	0.
0.963	0.964	0.
0.964	0.965	0.
0.965	0.966	0.
0.966	0.967	0.
0.967	0.968	0.
0.968	0.969	0.
0.969	0.97	0.
0.97	0.971	0.
0.971	0.972	0.
0.972	0.973	0.
0.973	0.974	0.
0.974	0.975	0.
0.975	0.976	0.
0.976	0.977	0.
0.977	0.978	0.
0.978	0.979	0.
0.979	0.98	0.
0.98	0.981	0.
0.981	0.982	0.
0.982	0.983	0.
0.983	0.984	0.
0.984	0.985	0.
0.985	0.986	0.
0.986	0.987	0.
0.987	0.988	0.
0.988	0.989	0.
0.989	0.99	0.
0.99	0.991	0.
0.991	0.992	0.
0.992	0.993	0.
0.993	0.994	0.
0.994	0.995	0.
0.995	0.996	0.
0.996	0.997	0.
0.997	0.998	0.
0.998	0.999	0.
0.999	1.	0.