0	0.
0.001	0.
0.002	0.
0.003	2.279080805670564e-7
0.004	0.0029145482641192025
0.005	0.037089867493243014
0.006	0.15372500625532257
0.007	0.39562578573338775
0.008	0.7817812618357036
0.009000000000000001	1.3078250644982314
0.010000000000000002	1.952878036333088
0.011	2.6871227520491225
0.012	3.47790408579855
0.013000000000000001	4.293888284851386
0.014000000000000002	5.1075074685742585
0.015	5.896112816025509
0.016	6.642250054225269
0.017	7.333392163126814
0.018000000000000002	7.961375057038133
0.019000000000000003	8.521704323183062
0.02	9.012840686510657
0.021	9.435527989698013
0.022	9.792197211296571
0.023	10.086460149536027
0.024	10.322694011566059
0.025	10.505710982922045
0.026000000000000002	10.64050318858986
0.027000000000000003	10.732052049372518
0.028	10.785191011791994
0.029	10.804511391685274
0.03	10.794302228187059
0.031	10.75851634581042
0.032	10.700756116066309
0.033	10.624273610918769
0.034	10.531980906082774
0.035	10.426467207862121
0.036000000000000004	10.310020244538638
0.037000000000000005	10.184649993160528
0.038	10.052113320360561
0.039	9.913938518528981
0.04	9.771449032999078
0.041	9.625785917351465
0.042	9.477928736263788
0.043000000000000003	9.328714770382613
0.044	9.178856475481643
0.045	9.028957216972707
0.046	8.879525347407272
0.047	8.730986724374338
0.048	8.583695783478502
0.049	8.437945289252253
0.05	8.293974888543039
0.051000000000000004	8.151978588130119
0.052000000000000005	8.012111272584821
0.053000000000000005	7.874494370829059
0.054	7.739220771293753
0.055	7.606359076633218
0.056	7.475957280025464
0.057	7.348045936466186
0.058	7.222640894323277
0.059000000000000004	7.099745644865333
0.06	6.979353340564705
0.061	6.861448526714361
0.062	6.746008625279119
0.063	6.63300520489281
0.064	6.52240506647835
0.065	6.414171170056926
0.066	6.308263424882922
0.067	6.20463936204076
0.068	6.1032547060266955
0.069	6.00406385956426
0.07	5.90702031393306
0.07100000000000001	5.812076995382171
0.07200000000000001	5.719186556726261
0.07300000000000001	5.628301621949215
0.074	5.539374990543331
0.075	5.452359807366407
0.076	5.367209702986753
0.077	5.283878908786544
0.078	5.202322350491848
0.079	5.122495723282577
0.08	5.044355551189488
0.081	4.967859233105928
0.082	4.89296507741337
0.083	4.819632326937751
0.084	4.747821175713131
0.085	4.677492778819915
0.08600000000000001	4.608609256387076
0.08700000000000001	4.541133692693697
0.088	4.475030131173509
0.089	4.410263566011626
0.09	4.346799930925632
0.091	4.284606085638527
0.092	4.223649800478573
0.093	4.163899739478769
0.094	4.105325442294299
0.095	4.047897305210853
0.096	3.9915865614754917
0.097	3.936365261148432
0.098	3.8822062506434283
0.099	3.8290831520991158
0.1	3.7769703427020715
0.101	3.7258429340621153
0.10200000000000001	3.6756767517249704
0.10300000000000001	3.6264483148927247
0.10400000000000001	3.5781348164102713
0.10500000000000001	3.5307141030659857
0.106	3.4841646562445523
0.107	3.4384655729640246
0.108	3.393596547320294
0.109	3.3495378523584476
0.11	3.3062703223839756
0.111	3.2637753357239347
0.112	3.2220347979435444
0.113	3.181031125521306
0.114	3.1407472299830186
0.115	3.101166502492668
0.116	3.062272798896962
0.117	3.024050425217617
0.11800000000000001	2.9864841235860733
0.11900000000000001	2.9495590586121474
0.12	2.9132608041791106
0.121	2.877575330656098
0.122	2.8424889925181693
0.123	2.8079885163645684
0.124	2.774060989324868
0.125	2.740693847842854
0.126	2.7078748668274413
0.127	2.675592149160736
0.128	2.6438341155520604
0.129	2.6125894947282244
0.13	2.581847313949198
0.131	2.5515968898394292
0.132	2.521827819524533
0.133	2.492529972063619
0.134	2.46369348016744
0.135	2.4353087321933424
0.136	2.407366364407213
0.137	2.3798572535039204
0.138	2.3527725093773433
0.139	2.326103468131355
0.14	2.2998416853236257
0.14100000000000001	2.2739789294343553
0.14200000000000002	2.248507175551709
0.14300000000000002	2.2234185992670863
0.14400000000000002	2.198705570771967
0.14500000000000002	2.174360649150699
0.146	2.1503765768606313
0.147	2.1267462743944807
0.148	2.1034628351178632
0.149	2.0805195202758027
0.15	2.0579097541625533
0.151	2.035627119448756
0.152	2.013665352660389
0.153	1.9920183398044409
0.154	1.9706801121358577
0.155	1.9496448420606909
0.156	1.9289068391714408
0.157	1.9084605464086193
0.158	1.8883005363454357
0.159	1.8684215075905315
0.16	1.8488182813046918
0.161	1.8294857978281711
0.162	1.8104191134135412
0.163	1.791613397061818
0.164	1.7730639274574718
0.165	1.7547660899987154
0.166	1.7367153739205798
0.167	1.7189073695066974
0.168	1.7013377653874626
0.169	1.6840023459211162
0.17	1.6668969886550478
0.171	1.6500176618648772
0.17200000000000001	1.6333604221681488
0.17300000000000001	1.6169214122104811
0.17400000000000002	1.6006968584215828
0.17500000000000002	1.5846830688388829
0.176	1.5688764309963144
0.177	1.5532734098761793
0.178	1.5378705459220092
0.179	1.5226644531104327
0.18	1.507651817079752
0.181	1.4928293933138497
0.182	1.478194005379271
0.183	1.463742543213659
0.184	1.4494719614643201
0.185	1.4353792778746715
0.186	1.4214615717174328
0.187	1.4077159822728262
0.188	1.3941397073503243
0.189	1.3807300018531488
0.19	1.3674841763826708
0.191	1.3543995958833417
0.192	1.3414736783252248
0.193	1.3287038934238833
0.194	1.3160877613960216
0.195	1.3036228517501238
0.196	1.291306782110311
0.197	1.2791372170732405
0.198	1.267111867096125
0.199	1.2552284874157484
0.2	1.243484876996972
0.201	1.2318788775097107
0.202	1.2204083723339596
0.203	1.2090712855918708
0.20400000000000001	1.1978655812057644
0.20500000000000002	1.186789261981586
0.20600000000000002	1.1758403687167618
0.20700000000000002	1.1650169793321967
0.20800000000000002	1.1543172080270632
0.20900000000000002	1.14373920445605
0.21	1.133281152928327
0.211	1.1229412716278775
0.212	1.112717811853834
0.213	1.1026090572808136
0.214	1.0926133232385793
0.215	1.0827289560103488
0.216	1.0729543321491755
0.217	1.0632878578118172
0.218	1.0537279681100729
0.219	1.0442731264782141
0.22	1.0349218240568752
0.221	1.0256725790923078
0.222	1.016523936351142
0.223	1.0074744665493376
0.224	0.9985227657963176
0.225	0.9896674550521705
0.226	0.9809071795987324
0.227	0.9722406085238103
0.228	0.9636664342182831
0.229	0.9551833718852152
0.23	0.9467901590613774
0.231	0.9384855551505257
0.232	0.9302683409676492
0.233	0.9221373182946679
0.234	0.9140913094467384
0.23500000000000001	0.9061291568492464
0.23600000000000002	0.8982497226246252
0.23700000000000002	0.890451888189306
0.23800000000000002	0.882734553860247
0.23900000000000002	0.8750966384709189
0.24	0.8675370789960524
0.241	0.8600548301858366
0.242	0.8526488642083752
0.243	0.8453181703002983
0.244	0.8380617544261619
0.245	0.8308786389453783
0.246	0.823767862286852
0.247	0.8167284786314121
0.248	0.8097595576014717
0.249	0.802860183957749
0.25	0.7960294573029894
0.251	0.789266491792548
0.252	0.7825704158512374
0.253	0.7759403718973971
0.254	0.7693755160720717
0.255	0.7628750179752568
0.256	0.7564380604076261
0.257	0.7500638391181844
0.258	0.7437515625573465
0.259	0.737500451635911
0.26	0.7313097394891319
0.261	0.7251786712457081
0.262	0.7191065038026085
0.263	0.7130925056042653
0.264	0.7071359564266179
0.265	0.7012361471662256
0.266	0.6953923796337529
0.267	0.68960396635185
0.268	0.6838702303576767
0.269	0.6781905050092499
0.27	0.672564133796443
0.271	0.6669904701556942
0.272	0.6614688772890268
0.273	0.6559987279862999
0.274	0.6505794044518992
0.275	0.6452102981347388
0.276	0.6398908095620149
0.277	0.6346203481762657
0.278	0.6293983321758614
0.279	0.6242241883591988
0.28	0.619097351971647
0.281	0.6140172665558694
0.28200000000000003	0.6089833838053783
0.28300000000000003	0.6039951634209331
0.28400000000000003	0.5990520729700756
0.28500000000000003	0.5941535877492948
0.28600000000000003	0.5892991906491313
0.28700000000000003	0.5844883720222126
0.28800000000000003	0.5797206295536917
0.28900000000000003	0.5749954681344901
0.29	0.5703123997368701
0.291	0.5656709432930964
0.292	0.5610706245757359
0.293	0.5565109760809692
0.294	0.5519915369138633
0.295	0.5475118526761606
0.296	0.5430714753563259
0.297	0.5386699632215177
0.298	0.5343068807119756
0.299	0.5299817983370879
0.3	0.5256942925741628
0.301	0.5214439457684436
0.302	0.5172303460355603
0.303	0.513053087165799
0.304	0.5089117685299763
0.305	0.504805994987484
0.306	0.5007353767958537
0.307	0.49669952952221164
0.308	0.4926980739564197
0.309	0.4887306360256661
0.31	0.48479684671106577
0.311	0.48089634196551667
0.312	0.47702876263321115
0.313	0.473193754370858
0.314	0.4693909675701065
0.315	0.4656200572813403
0.316	0.4618806831395126
0.317	0.45817250929076886
0.318	0.4544952043206172
0.319	0.45084844118354206
0.32	0.4472318971336888
0.321	0.4436452536572031
0.322	0.440088196405374
0.323	0.4365604151294658
0.324	0.4330616036162371
0.325	0.4295914596251103
0.326	0.42614968482616833
0.327	0.42273598473967666
0.328	0.41935006867589036
0.329	0.4159916496771151
0.33	0.4126604444598321
0.331	0.4093561733581713
0.332	0.40607856026870204
0.333	0.40282733259582715
0.334	0.399602221198231
0.335	0.3964029603366101
0.336	0.3932292876215796
0.337	0.39008094396349063
0.338	0.3869576735223876
0.339	0.38385922365905517
0.34	0.38078534488702837
0.341	0.37773579082548675
0.342	0.3747103181526493
0.343	0.3717086865604954
0.34400000000000003	0.36873065870961497
0.34500000000000003	0.36577600018549755
0.34600000000000003	0.3628444794551663
0.34700000000000003	0.35993586782477677
0.34800000000000003	0.3570499393976009
0.34900000000000003	0.35418647103336537
0.35000000000000003	0.35134524230765996
0.35100000000000003	0.3485260354722106
0.352	0.3457286354162235
0.353	0.3429528296277796
0.354	0.34019840815633345
0.355	0.3374651635755077
0.356	0.33475289094705324
0.357	0.33206138778464567
0.358	0.3293904540189448
0.359	0.3267398919629688
0.36	0.32410950627805646
0.361	0.32149910394043135
0.362	0.31890849420829165
0.363	0.3163374885895424
0.364	0.31378590080979685
0.365	0.3112535467813539
0.366	0.308740244572223
0.367	0.30624581437598974
0.368	0.3037700784820218
0.369	0.30131286124598566
0.37	0.298873989061564
0.371	0.29645329033148016
0.372	0.2940505954400771
0.373	0.291665736725729
0.374	0.28929854845392455
0.375	0.2869488667906339
0.376	0.28461652977630214
0.377	0.28230137730012567
0.378	0.2800032510746444
0.379	0.2777219946111782
0.38	0.2754574531949182
0.381	0.2732094738611384
0.382	0.2709779053713992
0.383	0.26876259819020326
0.384	0.26656340446200855
0.385	0.2643801779886672
0.386	0.2622127742071021
0.387	0.26006105016760533
0.388	0.2579248645118844
0.389	0.2558040774522634
0.39	0.25369855075058795
0.391	0.25160814769766754
0.392	0.24953273309296709
0.393	0.24747217322486534
0.394	0.24542633585088228
0.395	0.24339509017820532
0.396	0.241378306845102
0.397	0.23937585790172192
0.398	0.23738761679186887
0.399	0.23541345833481528
0.4	0.2334532587073926
0.401	0.23150689542642638
0.402	0.2295742473311842
0.403	0.22765519456657288
0.404	0.22574961856606193
0.405	0.2238574020353159
0.406	0.22197842893554004
0.40700000000000003	0.22011258446780207
0.40800000000000003	0.21825975505692402
0.40900000000000003	0.21641982833590492
0.41000000000000003	0.2145926931305958
0.41100000000000003	0.2127782394445279
0.41200000000000003	0.21097635844393822
0.41300000000000003	0.2091869424432749
0.41400000000000003	0.20740988489041123
0.41500000000000004	0.20564508035246218
0.41600000000000004	0.20389242450191947
0.41700000000000004	0.20215181410261868
0.418	0.20042314699605587
0.419	0.1987063220880579
0.42	0.1970012393354674
0.421	0.19530779973294884
0.422	0.19362590530038537
0.423	0.19195545907001796
0.424	0.19029636507379957
0.425	0.18864852833142381
0.426	0.1870118548379021
0.427	0.1853862515516435
0.428	0.1837716263827589
0.429	0.182167888181342
0.43	0.18057494672581065
0.431	0.17899271271200828
0.432	0.17742109774175027
0.433	0.17586001431186923
0.434	0.17430937580372657
0.435	0.17276909647197167
0.436	0.17123909143442628
0.437	0.16971927666153566
0.438	0.16820956896614728
0.439	0.166709885993662
0.44	0.16522014621146125
0.441	0.16374026889993298
0.442	0.16227017414211387
0.443	0.16080978281460598
0.444	0.15935901657774343
0.445	0.1579177978667237
0.446	0.15648604988220371
0.447	0.15506369658124794
0.448	0.15365066266875363
0.449	0.15224687358843073
0.45	0.15085225551397421
0.451	0.14946673534076188
0.452	0.14809024067751422
0.453	0.14672269983780442
0.454	0.14536404183188914
0.455	0.14401419635866988
0.456	0.14267309379780288
0.457	0.14134066520150462
0.458	0.14001684228721564
0.459	0.13870155742967602
0.46	0.13739474365354423
0.461	0.1360963346255669
0.462	0.13480626464793918
0.463	0.13352446865020817
0.464	0.13225088218277395
0.465	0.13098544140941473
0.466	0.12972808310060888
0.467	0.1284787446264655
0.468	0.12723736395004628
0.46900000000000003	0.1260038796205595
0.47000000000000003	0.12477823076686503
0.47100000000000003	0.12356035709096191
0.47200000000000003	0.12235019886126898
0.47300000000000003	0.12114769690678753
0.47400000000000003	0.11995279261039085
0.47500000000000003	0.11876542790279783
0.47600000000000003	0.11758554525647195
0.47700000000000004	0.11641308767972806
0.47800000000000004	0.11524799871037046
0.47900000000000004	0.1140902224102094
0.48	0.11293970335929614
0.481	0.11179638664987146
0.482	0.11066021788089296
0.483	0.10953114315264936
0.484	0.10840910906088426
0.485	0.10729406269154655
0.486	0.10618595161565864
0.487	0.10508472388352612
0.488	0.10399032801996679
0.489	0.1029027130188199
0.49	0.10182182833809432
0.491	0.10074762389487832
0.492	0.09968005006011085
0.493	0.0986190576541647
0.494	0.09756459794154801
0.495	0.09651662262632593
0.496	0.09547508384754531
0.497	0.09443993417418667
0.498	0.09341112660090693
0.499	0.09238861454322203
0.5	0.09137235183336276
0.5009999999999999	0.0903622927154169
0.502	0.08935839184130615
0.5029999999999999	0.08836060426627357
0.504	0.08736888544458304
0.5049999999999999	0.08638319122559045
0.506	0.08540347784910444
0.5069999999999999	0.0844297019416098
0.508	0.0834618205120793
0.5089999999999999	0.08249979094814183
0.51	0.08154357101176796
0.5109999999999999	0.08059311883564847
0.512	0.0796483929192343
0.5129999999999999	0.07870935212475035
0.514	0.07777595567377797
0.5149999999999999	0.07684816314322396
0.516	0.07592593446155581
0.5169999999999999	0.07500922990567988
0.518	0.07409801009664517
0.5189999999999999	0.07319223599669715
0.52	0.0722918689053404
0.5209999999999999	0.07139687045599545
0.522	0.07050720261264685
0.5229999999999999	0.06962282766649246
0.524	0.06874370823246831
0.5249999999999999	0.06786980724602336
0.526	0.06700108795961136
0.5269999999999999	0.06613751393997688
0.528	0.0652790490644468
0.5289999999999999	0.06442565751800489
0.53	0.06357730379032256
0.5309999999999999	0.06273395267224424
0.532	0.06189556925324247
0.5329999999999999	0.061062118918092476
0.534	0.0602335673439141
0.5349999999999999	0.05940988049736562
0.536	0.05859102463175124
0.5369999999999999	0.057776966284001544
0.538	0.05696767227200031
0.5389999999999999	0.056163109691725444
0.54	0.05536324591426188
0.5409999999999999	0.054568048583478114
0.542	0.05377748561309262
0.5429999999999999	0.05299152518374534
0.544	0.0522101357408486
0.5449999999999999	0.051433285991834894
0.546	0.05066094490317407
0.5469999999999999	0.049893081698409926
0.548	0.049129665855100965
0.5489999999999999	0.04837066710279082
0.55	0.04761605542023098
0.5509999999999999	0.04686580103301265
0.552	0.046119874411251226
0.5529999999999999	0.04537824626707533
0.554	0.04464088755230707
0.5549999999999999	0.04390776945620399
0.556	0.04317886340306599
0.5569999999999999	0.04245414104997681
0.558	0.04173357428459066
0.5589999999999999	0.04101713522282664
0.56	0.040304796206905254
0.5609999999999999	0.0395965298026806
0.562	0.03889230879804341
0.563	0.038192106200510945
0.5640000000000001	0.03749589523497084
0.565	0.036803649342024604
0.5660000000000001	0.036115342175546836
0.567	0.03543094760087249
0.5680000000000001	0.034750439692475626
0.569	0.034073792732580696
0.5700000000000001	0.03340098120853414
0.571	0.03273197981124917
0.5720000000000001	0.03206676343313546
0.573	0.03140530716624135
0.5740000000000001	0.03074758630036285
0.575	0.030093576321193298
0.5760000000000001	0.029443252908491743
0.577	0.02879659193411472
0.5779999999999998	0.028153569460466276
0.579	0.027514161738498945
0.5799999999999998	0.026878345206199413
0.581	0.026246096486493332
0.5819999999999999	0.02561739238581999
0.583	0.024992209892138382
0.5839999999999999	0.024370526173625603
0.585	0.023752318576726668
0.5859999999999999	0.02313756462460545
0.587	0.022526242015260645
0.5879999999999999	0.02191832862048701
0.589	0.02131380248369796
0.5899999999999999	0.020712641818633373
0.591	0.02011482500763984
0.5919999999999999	0.019520330600158557
0.593	0.01892913731153021
0.5939999999999999	0.01834122402081923
0.595	0.017756569769876118
0.5959999999999999	0.017175153761821445
0.597	0.01659695535897564
0.5979999999999999	0.01602195408233619
0.599	0.015450129609376358
0.5999999999999999	0.014881461772902147
0.601	0.014315930559828317
0.6019999999999999	0.013753516109463005
0.603	0.013194198712232413
0.6039999999999999	0.01263795880843933
0.605	0.012084776986696555
0.6059999999999999	0.011534633983078685
0.607	0.01098751067904868
0.6079999999999999	0.010443388100865729
0.609	0.009902247417797527
0.6099999999999999	0.009364069941002097
0.611	0.008828837122366661
0.6119999999999999	0.008296530553109195
0.613	0.007767131962708456
0.6139999999999999	0.0072406232174701355
0.615	0.006716986319450523
0.6159999999999999	0.006196203405232479
0.617	0.005678256744580499
0.6179999999999999	0.00516312873964748
0.619	0.0046508019233392145
0.6199999999999999	0.0041412589585140495
0.621	0.0036344826365339263
0.6219999999999999	0.003145538681723582
0.623	0.0026920650369464793
0.6239999999999999	0.0022829792872702077
0.625	0.0019213618111928357
0.6259999999999999	0.0016066375441493679
0.627	0.0013360699923222522
0.6279999999999999	0.0011057668637556072
0.629	0.0009113417109634347
0.6299999999999999	0.0007483356681897246
0.631	0.0006124738985828409
0.6319999999999999	0.0004998099001517841
0.633	0.0004067952433165658
0.6339999999999999	0.0003303010614540628
0.635	0.00026760953014622616
0.6359999999999999	0.00021638779482514858
0.637	0.000174652709336773
0.6379999999999999	0.00014073186590746162
0.639	0.0001132243902105952
0.6399999999999999	0.00009096359535275921
0.641	0.00007298265481996251
0.6419999999999999	0.0000584838356273407
0.643	0.000046811434454741974
0.6439999999999999	0.00003742831346419792
0.645	0.000029895790281204102
0.6459999999999999	0.00002385656391370758
0.647	0.00001902033103923123
0.6479999999999999	0.000015151748329449916
0.649	0.00001206041478704759
0.6499999999999999	9.592575669788e-6
0.651	7.624281339441993e-6
0.6519999999999999	6.055767010537085e-6
0.653	4.8068508706766476e-6
0.6539999999999999	3.8131772508813776e-6
0.655	3.0231578689073376e-6
0.6559999999999999	2.39548745390001e-6
0.657	1.897130325085426e-6
0.6579999999999999	1.5016919173632397e-6
0.659	1.1881040737341977e-6
0.6599999999999999	9.395654412083403e-7
0.661	7.426888004917343e-7
0.6619999999999999	5.868159057099911e-7
0.663	4.6346766286868046e-7
0.6639999999999999	3.6590346318586823e-7
0.665	2.8876841133257533e-7
0.6659999999999999	2.2781122397573935e-7
0.667	1.7965887103173432e-7
0.6679999999999999	1.416367183828614e-7
0.669	1.1162511414907972e-7
0.6699999999999999	8.794513112572651e-8
0.671	6.926761079893477e-8
0.6719999999999999	5.454081167007859e-8
0.673	4.2932897809595515e-8
0.6739999999999999	3.378625482563736e-8
0.675	2.658122435152952e-8
0.6759999999999999	2.090733296053941e-8
0.677	1.644048010848057e-8
0.6779999999999999	1.2924860968634003e-8
0.679	1.0158649007163774e-8
0.6799999999999999	7.982662105465539e-9
0.681	6.27139486552302e-9
0.6819999999999999	4.9259264126647575e-9
0.683	3.868313958869441e-9
0.6839999999999999	3.037162767250047e-9
0.685	2.3841271115230367e-9
0.6859999999999999	1.871147667330982e-9
0.687	1.4682711687448634e-9
0.688	1.1519302359185192e-9
0.6890000000000001	9.035867299303612e-10
0.69	7.086621724429245e-10
0.6910000000000001	5.556947625034122e-10
0.692	4.35675194167341e-10
0.6930000000000001	3.4152350948537894e-10
0.694	2.676771596940873e-10
0.6950000000000001	2.0976672696862992e-10
0.696	1.6436072223735165e-10
0.6970000000000001	1.287647987570958e-10
0.698	1.0086381863855654e-10
0.6990000000000001	7.899765781915977e-11
0.7	6.186356557462932e-11
0.7010000000000001	4.8439418746768456e-11
0.702	3.7923413192686026e-11
0.7030000000000001	2.968668230544745e-11
0.704	2.3236079704327836e-11
0.7049999999999998	1.8184951582552784e-11
0.706	1.4230188625036227e-11
0.7069999999999999	1.1134211367132138e-11
0.708	8.710831420419588e-12
0.7089999999999999	6.814156633208872e-12
0.71	5.329886435723203e-12
0.7109999999999999	4.168483554817571e-12
0.712	3.2598186819256866e-12
0.7129999999999999	2.548971092414839e-12
0.714	1.9929360646007612e-12
0.7149999999999999	1.5580437541370043e-12
0.716	1.2179363146289636e-12
0.7169999999999999	9.519824812020261e-13
0.718	7.440353268385492e-13
0.7189999999999999	5.81459016095131e-13
0.72	4.543665613897311e-13
0.7209999999999999	3.550226608663378e-13
0.722	2.7737602660172373e-13
0.7229999999999999	2.1669332741299332e-13
0.724	1.6927254951569537e-13
0.7249999999999999	1.3221862491859683e-13
0.726	1.032677188036261e-13
0.7269999999999999	8.064968612822053e-14
0.728	6.298067433382078e-14
0.7289999999999999	4.9178981485696666e-14
0.73	3.839898878536964e-14
0.7309999999999999	2.9979772347580356e-14
0.732	2.3404845286627175e-14
0.7329999999999999	1.827058256709254e-14
0.734	1.426161696341728e-14
0.7349999999999999	1.1131548656373917e-14
0.736	8.687893585722174e-15
0.7369999999999999	6.780220016680249e-15
0.738	5.2910377444003234e-15
0.7389999999999999	4.128671955885057e-15
0.74	3.221503961854405e-15
0.7409999999999999	2.5134892251030945e-15
0.742	1.9609457750498316e-15
0.7429999999999999	1.5297652336206987e-15
0.744	1.19333783970632e-15
0.7449999999999999	9.30839752251075e-16
0.746	7.260061677643809e-16
0.7469999999999999	5.661725026200601e-16
0.748	4.414814939343465e-16
0.7489999999999999	3.4421785224554196e-16
0.75	2.683483306653172e-16
0.7509999999999999	2.0918754462640171e-16
0.752	1.6306560029376363e-16
0.7529999999999999	1.2706479306325636e-16
0.754	9.900063489470899e-17
0.7549999999999999	7.712261367858772e-17
0.756	6.004095282980418e-17
0.7569999999999999	4.6739561326213906e-17
0.758	3.6398380753867195e-17
0.7589999999999999	2.8310149530724565e-17
0.76	2.2014336510588353e-17
0.7609999999999999	1.7108892266212308e-17
0.762	1.3287400178251054e-17
0.7629999999999999	1.0327276096296913e-17
0.764	8.007140394621379e-18
0.7649999999999999	6.1740831343429805e-18
0.766	4.784381339690113e-18
0.7669999999999999	3.701091985432046e-18
0.768	2.84038263252419e-18
0.7689999999999999	2.2010487901240392e-18
0.77	1.7146208002065962e-18
0.7709999999999999	1.3391842899284888e-18
0.772	1.006866282281942e-18
0.7729999999999999	7.436179862443369e-19
0.774	5.228804385148841e-19
0.7749999999999999	3.7060858646322327e-19
0.776	2.602471774785709e-19
0.7769999999999999	1.5048228320025025e-19
0.778	4.13102472716724e-20
0.7789999999999999	0.
0.78	0.
0.7809999999999999	0.
0.782	0.
0.7829999999999999	0.
0.784	0.
0.7849999999999999	0.
0.786	0.
0.7869999999999999	0.
0.788	0.
0.7889999999999999	0.
0.79	0.
0.7909999999999999	0.
0.792	0.
0.7929999999999999	0.
0.794	0.
0.7949999999999999	0.
0.796	0.
0.7969999999999999	0.
0.798	0.
0.7989999999999999	0.
0.8	0.
0.8009999999999999	0.
0.802	0.
0.8029999999999999	0.
0.804	0.
0.8049999999999999	0.
0.806	0.
0.8069999999999999	0.
0.808	0.
0.8089999999999999	0.
0.81	0.
0.8109999999999999	0.
0.812	0.
0.813	0.
0.8140000000000001	0.
0.815	0.
0.8160000000000001	0.
0.817	0.
0.8180000000000001	0.
0.819	0.
0.8200000000000001	0.
0.821	0.
0.8220000000000001	0.
0.823	0.
0.8240000000000001	0.
0.825	0.
0.8260000000000001	0.
0.827	0.
0.8280000000000001	0.
0.829	0.
0.8300000000000001	0.
0.831	0.
0.8320000000000001	0.
0.833	0.
0.8339999999999999	0.
0.835	0.
0.8359999999999999	0.
0.837	0.
0.8379999999999999	0.
0.839	0.
0.8399999999999999	0.
0.841	0.
0.8419999999999999	0.
0.843	0.
0.8439999999999999	0.
0.845	0.
0.8459999999999999	0.
0.847	0.
0.8479999999999999	0.
0.849	0.
0.8499999999999999	0.
0.851	0.
0.8519999999999999	0.
0.853	0.
0.8539999999999999	0.
0.855	0.
0.8559999999999999	0.
0.857	0.
0.8579999999999999	0.
0.859	0.
0.8599999999999999	0.
0.861	0.
0.8619999999999999	0.
0.863	0.
0.8639999999999999	0.
0.865	0.
0.8659999999999999	0.
0.867	0.
0.8679999999999999	0.
0.869	0.
0.8699999999999999	0.
0.871	0.
0.8719999999999999	0.
0.873	0.
0.8739999999999999	0.
0.875	0.
0.8759999999999999	0.
0.877	0.
0.8779999999999999	0.
0.879	0.
0.8799999999999999	0.
0.881	0.
0.8819999999999999	0.
0.883	0.
0.8839999999999999	0.
0.885	0.
0.8859999999999999	0.
0.887	0.
0.8879999999999999	0.
0.889	0.
0.8899999999999999	0.
0.891	0.
0.8919999999999999	0.
0.893	0.
0.8939999999999999	0.
0.895	0.
0.8959999999999999	0.
0.897	0.
0.8979999999999999	0.
0.899	0.
0.8999999999999999	0.
0.901	0.
0.9019999999999999	0.
0.903	0.
0.9039999999999999	0.
0.905	0.
0.9059999999999999	0.
0.907	0.
0.9079999999999999	0.
0.909	0.
0.9099999999999999	0.
0.911	0.
0.9119999999999999	0.
0.913	0.
0.9139999999999999	0.
0.915	0.
0.9159999999999999	0.
0.917	0.
0.9179999999999999	0.
0.919	0.
0.9199999999999999	0.
0.921	0.
0.9219999999999999	0.
0.923	0.
0.9239999999999999	0.
0.925	0.
0.9259999999999999	0.
0.927	0.
0.9279999999999999	0.
0.929	0.
0.9299999999999999	0.
0.931	0.
0.9319999999999999	0.
0.933	0.
0.9339999999999999	0.
0.935	0.
0.9359999999999999	0.
0.937	0.
0.938	0.
0.9390000000000001	0.
0.94	0.
0.9410000000000001	0.
0.942	0.
0.9430000000000001	0.
0.944	0.
0.9450000000000001	0.
0.946	0.
0.9470000000000001	0.
0.948	0.
0.9490000000000001	0.
0.95	0.
0.9510000000000001	0.
0.952	0.
0.9530000000000001	0.
0.954	0.
0.9550000000000001	0.
0.956	0.
0.9570000000000001	0.
0.958	0.
0.9590000000000001	0.
0.96	0.
0.9609999999999999	0.
0.962	0.
0.9629999999999999	0.
0.964	0.
0.9649999999999999	0.
0.966	0.
0.9669999999999999	0.
0.968	0.
0.9689999999999999	0.
0.97	0.
0.9709999999999999	0.
0.972	0.
0.9729999999999999	0.
0.974	0.
0.9749999999999999	0.
0.976	0.
0.9769999999999999	0.
0.978	0.
0.9789999999999999	0.
0.98	0.
0.9809999999999999	0.
0.982	0.
0.9829999999999999	0.
0.984	0.
0.9849999999999999	0.
0.986	0.
0.9869999999999999	0.
0.988	0.
0.9889999999999999	0.
0.99	0.
0.9909999999999999	0.
0.992	0.
0.9929999999999999	0.
0.994	0.
0.9949999999999999	0.
0.996	0.
0.9969999999999999	0.
0.998	0.
0.9989999999999999	0.
1.	0.