0	0.
0.001	0.
0.002	0.
0.003	0.
0.004	0.
0.005	0.
0.006	3.7822504488526413e-128
0.007	2.1806119658937148e-48
0.008	1.9946963781651004e-29
0.009000000000000001	3.674584501836663e-21
0.010000000000000002	1.418409825320657e-16
0.011	1.1449179744583157e-13
0.012	1.1647706753886533e-11
0.013000000000000001	3.474459367142238e-10
0.014000000000000002	4.737139792043861e-9
0.015	3.798150858042427e-8
0.016	2.0867348476321092e-7
0.017	8.667638411559082e-7
0.018000000000000002	2.908480003877766e-6
0.019000000000000003	8.259362225040666e-6
0.02	0.000020528013118587706
0.021	0.00004578451383245264
0.022	0.00009339123091304575
0.023	0.000176804883395996
0.024	0.00031427539189792187
0.025	0.0005293838866802735
0.026000000000000002	0.0008513835450684056
0.027000000000000003	0.001315328089598763
0.028	0.001961990935340621
0.029	0.0028375917922706367
0.03	0.003993356782425402
0.031	0.005484943269456382
0.032	0.0073717623877449035
0.033	0.009716231550450096
0.034	0.012582986803195027
0.035	0.016038081443489154
0.036000000000000004	0.02014819336727647
0.037000000000000005	0.0249798595203994
0.038	0.030598751888599625
0.039	0.037069005821505054
0.04	0.044452608249635504
0.041	0.052808850559846014
0.042	0.06219384854273686
0.043000000000000003	0.07266012990033473
0.044	0.08425628826453847
0.045	0.09702670148438253
0.046	0.11101131104677502
0.047	0.12624545886283492
0.048	0.14275977722340186
0.049	0.16058012748444583
0.05	0.1797275829342474
0.051000000000000004	0.20021845129779914
0.052000000000000005	0.2220643324280998
0.053000000000000005	0.2452722068880859
0.054	0.26984455132926977
0.055	0.29577947681027383
0.056	0.32307088645571774
0.057	0.3517086491185335
0.058	0.38167878598572896
0.059000000000000004	0.41296366733446305
0.06	0.4455422169059246
0.061	0.4793901216217161
0.062	0.5144800446060511
0.063	0.5507818397027752
0.064	0.5882627658972378
0.065	0.6268877002421674
0.066	0.6666193480771136
0.067	0.7074184494958904
0.068	0.7492439811730975
0.069	0.7920533528018384
0.07	0.8358025975177624
0.07100000000000001	0.8804465558083281
0.07200000000000001	0.9259390524991331
0.07300000000000001	0.9722330665066621
0.074	1.0192808931371604
0.075	1.0670342987652541
0.076	1.115444667807578
0.077	1.1644631419614746
0.078	1.2140407517119816
0.079	1.2641285401810742
0.08	1.3146776793968926
0.081	1.3656395791275184
0.082	1.4169659884178616
0.083	1.4686090900174769
0.084	1.5205215878817357
0.085	1.5726567879671811
0.08600000000000001	1.6249686725394266
0.08700000000000001	1.6774119682142643
0.088	1.7299422079842077
0.089	1.7825157874657425
0.09	1.8350900156114531
0.091	1.8876231601226974
0.092	1.9400744878300191
0.093	1.9924043002765288
0.094	2.0445739647196266
0.095	2.0965459408361036
0.096	2.148283803316051
0.097	2.1997522606034092
0.098	2.2509171699956436
0.099	2.301745549317927
0.1	2.352205585379456
0.101	2.4022666394150796
0.10200000000000001	2.4518992497195184
0.10300000000000001	2.501075131642525
0.10400000000000001	2.549767175143996
0.10500000000000001	2.597949440069908
0.106	2.645597149343573
0.107	2.6926866801852896
0.108	2.7391955535645836
0.109	2.78510242199507
0.11	2.8303870558248896
0.111	2.8750303281667193
0.112	2.9190141985706273
0.113	2.9623216955700475
0.114	3.004936898223982
0.115	3.046844916752011
0.116	3.0880318723604954
0.117	3.1284848763603
0.11800000000000001	3.168192008678862
0.11900000000000001	3.207142295833491
0.12	3.24532568845282
0.121	3.2827330384243814
0.122	3.319356075731257
0.123	3.3551873850649403
0.124	3.3902203822402575
0.125	3.4244492904966948
0.126	3.4578691167430122
0.127	3.4904756277890283
0.128	3.5222653265749186
0.129	3.5532354285130197
0.13	3.583383837916196
0.131	3.612709124594143
0.132	3.641210500611826
0.133	3.6688877972860103
0.134	3.695741442397584
0.135	3.721772437695771
0.136	3.746982336683576
0.137	3.7713732227014938
0.138	3.7949476873715846
0.139	3.817708809372892
0.14	3.8396601335764124
0.14100000000000001	3.860805650561141
0.14200000000000002	3.8811497765342886
0.14300000000000002	3.900697333628822
0.14400000000000002	3.9194535306111007
0.14500000000000002	3.937423944017561
0.146	3.954614499704153
0.147	3.971031454824004
0.148	3.9866813802323438
0.149	4.001571143325594
0.15	4.015707891304735
0.151	4.029099034902421
0.152	4.041752232512781
0.153	4.053675374772614
0.154	4.064876569569657
0.155	4.075364127491912
0.156	4.085146547685374
0.157	4.094232504156992
0.158	4.102630832486746
0.159	4.110350516953866
0.16	4.11740067808821
0.161	4.1237905606228855
0.162	4.129529521835465
0.163	4.134627020293832
0.164	4.139092605003979
0.165	4.142935904918284
0.166	4.146166618839314
0.167	4.148794505682327
0.168	4.150829375096956
0.169	4.152281078463194
0.17	4.153159500218446
0.171	4.153474549528837
0.17200000000000001	4.153236152302191
0.17300000000000001	4.152454243536934
0.17400000000000002	4.151138759952879
0.17500000000000002	4.149299632976846
0.176	4.146946782005084
0.177	4.144090107973485
0.178	4.140739487226414
0.179	4.136904765636351
0.18	4.132595753041432
0.181	4.12782221791132
0.182	4.122593882299506
0.183	4.116920417033404
0.184	4.1108114371555935
0.185	4.104276497605867
0.186	4.097325089125952
0.187	4.089966634403361
0.188	4.082210484423074
0.189	4.07406591502668
0.19	4.065542123683571
0.191	4.056648226462845
0.192	4.0473932551770995
0.193	4.037786154746008
0.194	4.027835780708595
0.195	4.017550896905217
0.196	4.006940173375206
0.197	3.996012184340084
0.198	3.9847754064096077
0.199	3.973238216911104
0.2	3.9614088923348025
0.201	3.9492956069867606
0.202	3.936906431705166
0.203	3.9242493327529044
0.20400000000000001	3.9113321708052493
0.20500000000000002	3.8981627000748036
0.20600000000000002	3.8847485675547486
0.20700000000000002	3.871097312343764
0.20800000000000002	3.857216365086693
0.20900000000000002	3.8431130475610784
0.21	3.8287945722840093
0.211	3.8142680422755793
0.212	3.7995404508692046
0.213	3.7846186816188747
0.214	3.769509508318307
0.215	3.7542195950398436
0.216	3.7387554962906075
0.217	3.723123657228515
0.218	3.7073304139355283
0.219	3.691381993758112
0.22	3.6752845157076943
0.221	3.6590439909297343
0.222	3.6426663232218406
0.223	3.6261573095846735
0.224	3.609522640841582
0.225	3.5927679023160497
0.226	3.575898574494314
0.227	3.5589200338202414
0.228	3.5418375534424014
0.229	3.5246563040422676
0.23	3.5073813546927823
0.231	3.490017673739544
0.232	3.472570129716548
0.233	3.4550434922803674
0.234	3.4374424331694935
0.23500000000000001	3.4197715272390914
0.23600000000000002	3.4020352534089606
0.23700000000000002	3.3842379957514526
0.23800000000000002	3.3663840445026594
0.23900000000000002	3.348477597158762
0.24	3.3305227595424176
0.241	3.3125235469171774
0.242	3.2944838850729843
0.243	3.2764076114532967
0.244	3.258298476303596
0.245	3.2401601437959937
0.246	3.2219961931709022
0.247	3.2038101199121547
0.248	3.185605336864834
0.249	3.167385175425907
0.25	3.1491528867153358
0.251	3.1309116427118044
0.252	3.1126645374418387
0.253	3.094414588139232
0.254	3.0761647364298375
0.255	3.057917849458759
0.256	3.03967672110064
0.257	3.021444073074991
0.258	3.003222556140574
0.259	2.9850147512262404
0.26	2.9668231705830044
0.261	2.9486502589388093
0.262	2.930498394610745
0.263	2.912369890661876
0.264	2.894266996009918
0.265	2.876191896542252
0.266	2.8581467162348018
0.267	2.8401335182327183
0.268	2.8221543059635374
0.269	2.8042110242194167
0.27	2.786305560201284
0.271	2.768439744613278
0.272	2.750615352703241
0.273	2.732834105304917
0.274	2.7150976698907594
0.275	2.697407661554972
0.276	2.6797656440687914
0.277	2.662173130853532
0.278	2.6446315859749463
0.279	2.627142425128247
0.28	2.609707016604364
0.281	2.5923266822327022
0.28200000000000003	2.5750026983432273
0.28300000000000003	2.557736296677897
0.28400000000000003	2.5405286653405375
0.28500000000000003	2.5233809496516773
0.28600000000000003	2.5062942531097674
0.28700000000000003	2.489269638223585
0.28800000000000003	2.472308127412632
0.28900000000000003	2.4554107038474933
0.29	2.4385783123071674
0.291	2.4218118600197425
0.292	2.4051122174711415
0.293	2.3884802192215866
0.294	2.371916664708822
0.295	2.355422319033554
0.296	2.338997913712035
0.297	2.32264414747966
0.298	2.306361686996026
0.299	2.2901511676302455
0.3	2.274013194141956
0.301	2.257948341410269
0.302	2.241957155167129
0.303	2.226040152632562
0.304	2.210197823248041
0.305	2.194430629295479
0.306	2.178739006608804
0.307	2.1631233651584205
0.308	2.1475840897301035
0.309	2.132121540531413
0.31	2.116736053807239
0.311	2.101427942423486
0.312	2.0861974964844006
0.313	2.0710449838833913
0.314	2.055970650889002
0.315	2.040974722701521
0.316	2.0260574040018726
0.317	2.0112188794687906
0.318	1.9964593143269778
0.319	1.981778854865944
0.32	1.9671776289388891
0.321	1.9526557464374517
0.322	1.938213299820463
0.323	1.9238503645638532
0.324	1.9095669996460456
0.325	1.8953632479867846
0.326	1.8812391369116996
0.327	1.8671946785870523
0.328	1.853229870470908
0.329	1.8393446956915485
0.33	1.825539123507323
0.331	1.8118131096981307
0.332	1.7981665969424567
0.333	1.7845995152401883
0.334	1.7711117822627556
0.335	1.7577033037354741
0.336	1.744373973830882
0.337	1.7311236754808803
0.338	1.7179522807470153
0.339	1.7048596511648002
0.34	1.6918456380810045
0.341	1.6789100829599004
0.342	1.6660528177319602
0.343	1.653273665077343
0.34400000000000003	1.6405724387576543
0.34500000000000003	1.6279489439039332
0.34600000000000003	1.6154029773055538
0.34700000000000003	1.6029343276868588
0.34800000000000003	1.5905427760148945
0.34900000000000003	1.5782280957491914
0.35000000000000003	1.5659900531095892
0.35100000000000003	1.5538284073399968
0.352	1.5417429109716472
0.353	1.52973331006482
0.354	1.5177993444402003
0.355	1.505940747918158
0.356	1.494157248564948
0.357	1.4824485689128821
0.358	1.4708144261804106
0.359	1.4592545324748205
0.36	1.447768595014688
0.361	1.4363563163258177
0.362	1.4250173944402642
0.363	1.4137515231064925
0.364	1.4025583919659745
0.365	1.391437686738426
0.366	1.3803890894050055
0.367	1.369412278383042
0.368	1.3585069286917963
0.369	1.3476727121273329
0.37	1.3369092974284589
0.371	1.3262163504290998
0.372	1.3155935342052911
0.373	1.3050405092403414
0.374	1.2945569335520952
0.375	1.2841424628690257
0.376	1.273796750730447
0.377	1.2635194486451755
0.378	1.2533102062202464
0.379	1.2431686712790653
0.38	1.2330944899835392
0.381	1.2230873069685906
0.382	1.2131467654672667
0.383	1.2032725074107122
0.384	1.193464173516843
0.385	1.1837214034526191
0.386	1.174043835881455
0.387	1.1644311086217503
0.388	1.1548828586930675
0.389	1.1453987224534337
0.39	1.135978335663953
0.391	1.1266213335959272
0.392	1.1173273511246882
0.393	1.1080960227889807
0.394	1.098926982902877
0.395	1.0898198656184093
0.396	1.0807743050032517
0.397	1.0717899351434275
0.398	1.062866390165056
0.399	1.0540033043542059
0.4	1.0452003121964473
0.401	1.036457048478852
0.402	1.027773148296546
0.403	1.0191482471629336
0.404	1.010581981071371
0.405	1.002073986517943
0.406	0.9936239005850279
0.40700000000000003	0.9852313609867354
0.40800000000000003	0.9768960061249807
0.40900000000000003	0.9686174751450023
0.41000000000000003	0.9603954079782988
0.41100000000000003	0.9522294453796388
0.41200000000000003	0.9441192290017408
0.41300000000000003	0.9360644014199238
0.41400000000000003	0.9280646061638305
0.41500000000000004	0.9201194877791208
0.41600000000000004	0.9122286918779146
0.41700000000000004	0.9043918651367949
0.418	0.8966086553734655
0.419	0.8888787115440765
0.42	0.8812016838333221
0.421	0.8735772236181305
0.422	0.8660049835582383
0.423	0.8584846175861135
0.424	0.8510157809471061
0.425	0.8435981302577571
0.426	0.8362313234707454
0.427	0.8289150199697319
0.428	0.8216488805414316
0.429	0.8144325674255293
0.43	0.8072657443182875
0.431	0.8001480764054407
0.432	0.7930792304067775
0.433	0.7860588745264427
0.434	0.7790866785440477
0.435	0.7721623138047969
0.436	0.7652854532165178
0.437	0.7584557712951802
0.438	0.7516729441749604
0.439	0.7449366495858833
0.44	0.7382465669296935
0.441	0.7316023772279224
0.442	0.7250037631899654
0.443	0.7184504091867614
0.444	0.711942001265707
0.445	0.705478227176565
0.446	0.6990587763685081
0.447	0.6926833399958476
0.448	0.6863516109456095
0.449	0.6800632838051669
0.45	0.6738180549080209
0.451	0.6676156223298335
0.452	0.6614556858662061
0.453	0.6553379470807137
0.454	0.6492621092724556
0.455	0.6432278775104481
0.456	0.6372349586066365
0.457	0.6312830611397345
0.458	0.6253718954529244
0.459	0.6195011736422895
0.46	0.6136706095796131
0.461	0.6078799189059493
0.462	0.6021288190212051
0.463	0.5964170290872903
0.464	0.5907442700482892
0.465	0.5851102646020548
0.466	0.5795147372218523
0.467	0.5739574141238806
0.468	0.5684380233103241
0.46900000000000003	0.5629562945268358
0.47000000000000003	0.5575119592790362
0.47100000000000003	0.5521047508335251
0.47200000000000003	0.546734404197941
0.47300000000000003	0.5414006561400269
0.47400000000000003	0.5361032451669968
0.47500000000000003	0.5308419115333627
0.47600000000000003	0.5256163972119128
0.47700000000000004	0.5204264459293094
0.47800000000000004	0.5152718031225924
0.47900000000000004	0.5101522159689869
0.48	0.5050674333565761
0.481	0.5000172058784905
0.482	0.4950012858435847
0.483	0.49001942727568915
0.484	0.48507138586763326
0.485	0.4801569190271384
0.486	0.4752757858271092
0.487	0.4704277470395982
0.488	0.4656125650834097
0.489	0.4608300040645708
0.49	0.45607982974149336
0.491	0.45136180951416
0.492	0.4466757124288107
0.493	0.44202130918423227
0.494	0.4373983720915422
0.495	0.43280667509615267
0.496	0.4282459937454783
0.497	0.4237161052120428
0.498	0.41921678825253295
0.499	0.4147478232280408
0.5	0.4103089920656547
0.5009999999999999	0.4059000782942022
0.502	0.4015208669843165
0.5029999999999999	0.39717114479100357
0.504	0.39285069990403854
0.5049999999999999	0.3885593220539241
0.506	0.3842968025273394
0.5069999999999999	0.38006293410888004
0.508	0.3758575111274741
0.5089999999999999	0.37168032939865936
0.51	0.36753118627307335
0.5109999999999999	0.36340988055786444
0.512	0.35931621255131735
0.5129999999999999	0.3552499840445503
0.514	0.3512109982875088
0.5149999999999999	0.3471990599719733
0.516	0.3432139752639148
0.5169999999999999	0.33925555175338223
0.518	0.33532359846785115
0.5189999999999999	0.33141792584697455
0.52	0.32753834576822194
0.5209999999999999	0.3236846714930338
0.522	0.31985671767962026
0.5229999999999999	0.3160543003863938
0.524	0.3122772370398482
0.5249999999999999	0.3085253464303547
0.526	0.3047984487235671
0.5269999999999999	0.3010963654335449
0.528	0.2974189194082927
0.5289999999999999	0.2937659348332357
0.53	0.29013723721780876
0.5309999999999999	0.2865326533970989
0.532	0.2829520114979324
0.5329999999999999	0.279395140962659
0.534	0.2758618725083359
0.5349999999999999	0.2723520381359667
0.536	0.2688654711271716
0.5369999999999999	0.26540200601892117
0.538	0.261961478598125
0.5389999999999999	0.25854372590997554
0.54	0.2551485862189964
0.5409999999999999	0.2517758990412236
0.542	0.2484255050860392
0.5429999999999999	0.24509724629287744
0.544	0.24179096578771245
0.5449999999999999	0.23850650790675412
0.546	0.23524371816450756
0.5469999999999999	0.23200244324505054
0.548	0.2287825310123726
0.5489999999999999	0.22558383047458777
0.55	0.2224061917980064
0.5509999999999999	0.2192494662945685
0.552	0.21611350640404806
0.5529999999999999	0.21299816570714136
0.554	0.20990329888305226
0.5549999999999999	0.20682876172772374
0.556	0.2037744111318116
0.5569999999999999	0.2007401050854991
0.558	0.1977257026683874
0.5589999999999999	0.1947310640287398
0.56	0.19175605037738322
0.5609999999999999	0.18880052399614963
0.562	0.1858643482189611
0.563	0.1829473874130326
0.5640000000000001	0.18004950699145728
0.565	0.17717057340022738
0.5660000000000001	0.17431045408451398
0.567	0.17146901752600935
0.5680000000000001	0.16864613319864505
0.569	0.1658416715773075
0.5700000000000001	0.16305550412544462
0.571	0.1602875032917984
0.5720000000000001	0.15753825912115255
0.573	0.15480915271020956
0.5740000000000001	0.15210146697032276
0.575	0.14941638920505335
0.5760000000000001	0.14675501570739402
0.577	0.14411835616674318
0.5779999999999998	0.14150733789291692
0.579	0.13892280986423133
0.5799999999999998	0.13636554660641387
0.581	0.1338362519088678
0.5819999999999999	0.13133556238457353
0.583	0.12886405087966796
0.5839999999999999	0.12642222973853523
0.585	0.12401055393001766
0.5859999999999999	0.1216294240401555
0.587	0.11927918913665571
0.5879999999999999	0.11696014951010696
0.589	0.114672559296767
0.5899999999999999	0.11241662898757109
0.591	0.11019252782783456
0.5919999999999999	0.10800038611196165
0.593	0.10584029737731095
0.5939999999999999	0.10371232050120473
0.595	0.10161648170493512
0.5959999999999999	0.09955277646846272
0.597	0.0975211713593729
0.5979999999999999	0.0955216057795187
0.599	0.09355399363264853
0.5999999999999999	0.09161822491619594
0.601	0.0897141672402897
0.6019999999999999	0.08784166727692067
0.603	0.08600055214209977
0.6039999999999999	0.08419063071372779
0.605	0.08241169488779523
0.6059999999999999	0.08066352077543575
0.607	0.07894586984325216
0.6079999999999999	0.07725848999925339
0.609	0.07560111662663845
0.6099999999999999	0.07397347356758772
0.611	0.07237527405913652
0.6119999999999999	0.07080622162312368
0.613	0.06926601091213311
0.6139999999999999	0.06775432851327516
0.615	0.06627085371157693
0.6159999999999999	0.06481525921468811
0.617	0.0633872118405401
0.6179999999999999	0.06198637316953412
0.619	0.060612400162768955
0.6199999999999999	0.059264945747766265
0.621	0.05794365937308747
0.6219999999999999	0.056648187533189454
0.623	0.05537817426480412
0.6239999999999999	0.054133261616085705
0.625	0.05291309008971384
0.6259999999999999	0.051717299061097656
0.627	0.05054552717277681
0.6279999999999999	0.04939741270607751
0.629	0.04827259393103328
0.6299999999999999	0.04717070943554499
0.631	0.04609139843471229
0.6319999999999999	0.04503430106123257
0.633	0.04399905863773004
0.6339999999999999	0.04298531393183605
0.635	0.041992711394816674
0.6359999999999999	0.041020897384506
0.637	0.040069520373273534
0.6379999999999999	0.039138231141726765
0.639	0.038226682958819896
0.6399999999999999	0.03733453174900949
0.641	0.03646143624707734
0.6419999999999999	0.035607058141210984
0.643	0.03477106220490759
0.6439999999999999	0.03395311641824694
0.645	0.03315289207905353
0.6459999999999999	0.03237006390444621
0.647	0.031604310123256
0.6479999999999999	0.030855312559767166
0.649	0.030122756709223923
0.6499999999999999	0.02940633180551986
0.651	0.028705730881475378
0.6519999999999999	0.028020650822086022
0.653	0.027350792411112757
0.6539999999999999	0.026695860371365017
0.655	0.02605556339901652
0.6559999999999999	0.025429614192275157
0.657	0.0248177294747163
0.6579999999999999	0.024219630013576892
0.659	0.023635040633290087
0.6599999999999999	0.023063690224532904
0.661	0.02250531174904414
0.6619999999999999	0.021959642240458703
0.663	0.021426422801395933
0.6639999999999999	0.020905398597024206
0.665	0.020396318845319485
0.6659999999999999	0.019898936804221237
0.667	0.019413009755882137
0.6679999999999999	0.01893829898819855
0.669	0.0184745697737992
0.6699999999999999	0.018021591346663302
0.671	0.017579136876528734
0.6719999999999999	0.01714698344124539
0.673	0.016724911997221134
0.6739999999999999	0.016312707348099444
0.675	0.01591015811180301
0.6759999999999999	0.015517056686069678
0.677	0.015133199212602028
0.6779999999999999	0.01475838553994505
0.679	0.014392419185201125
0.6799999999999999	0.01403510729468634
0.681	0.01368626060362667
0.6819999999999999	0.013345693394987385
0.683	0.013013223457524701
0.6839999999999999	0.012688672043144117
0.685	0.012371863823644757
0.6859999999999999	0.012062626846926185
0.687	0.01176079249272881
0.688	0.011466195427975744
0.6890000000000001	0.011178673561780966
0.69	0.010898068000183761
0.6910000000000001	0.010624223000666807
0.692	0.010356985926512866
0.6930000000000001	0.010096207201049968
0.694	0.009841740261834197
0.6950000000000001	0.009593441514814836
0.696	0.009351170288524755
0.6970000000000001	0.009114788788336142
0.698	0.0088841620508192
0.6990000000000001	0.008659157898239081
0.7	0.008439646893224337
0.7010000000000001	0.008225502293637775
0.702	0.008016600007678622
0.7030000000000001	0.007812818549243069
0.704	0.007614038993568596
0.7049999999999998	0.007420144933185213
0.706	0.00723102243419551
0.7069999999999999	0.007046559992903862
0.708	0.006866648492813209
0.7089999999999999	0.006691181162006669
0.71	0.006520053530930088
0.7109999999999999	0.006353163390589802
0.712	0.006190410751178935
0.7129999999999999	0.006031697801144631
0.714	0.005876928866706838
0.7149999999999999	0.0057260103718389
0.716	0.005578850798718782
0.7169999999999999	0.005435360648658854
0.718	0.005295452403521367
0.7189999999999999	0.005159040487625818
0.72	0.005026041230153617
0.7209999999999999	0.004896372828054608
0.722	0.004769955309459414
0.7229999999999999	0.004646710497600746
0.724	0.004526561975246312
0.7249999999999999	0.004409435049645141
0.726	0.004295256717988677
0.7269999999999999	0.004183955633387703
0.728	0.004075462071364963
0.7289999999999999	0.003969707896863597
0.73	0.003866626531770705
0.7309999999999999	0.003766152922954755
0.732	0.003668223510815603
0.7329999999999999	0.003572776198345103
0.734	0.0034797503206961304
0.7349999999999999	0.003389086615257507
0.736	0.0033007271922319116
0.7369999999999999	0.003214615505713686
0.738	0.003130696325263111
0.7389999999999999	0.003048915707973494
0.74	0.002969220971027149
0.7409999999999999	0.0028915606647362817
0.742	0.002815884546064277
0.7429999999999999	0.002742143552623109
0.744	0.002670289777142192
0.7449999999999999	0.002600276442403698
0.746	0.002532057876639655
0.7469999999999999	0.0024655894893856325
0.748	0.0024008277477857707
0.7489999999999999	0.0023377301533440684
0.75	0.0022762552191163466
0.7509999999999999	0.0022163624473375996
0.752	0.0021580123074790842
0.7529999999999999	0.0021011662147296644
0.754	0.0020457865088957467
0.7549999999999999	0.001991836433713973
0.756	0.0019392801165712564
0.7569999999999999	0.0018880825486260403
0.758	0.0018382095653253412
0.7589999999999999	0.0017896278273115305
0.76	0.0017423048017131744
0.7609999999999999	0.0016962087438141449
0.762	0.0016513086790950853
0.7629999999999999	0.001607574385641546
0.764	0.001564976376912948
0.7649999999999999	0.0015234858848665897
0.766	0.001483074843430979
0.7669999999999999	0.0014437158723227634
0.768	0.0014053822612015096
0.7689999999999999	0.0013680479541567183
0.77	0.0013316875345214336
0.7709999999999999	0.0012962762100068128
0.772	0.0012617897981521443
0.7729999999999999	0.0012282047120847736
0.774	0.0011954979465845128
0.7749999999999999	0.0011636470644470402
0.776	0.0011326301831410131
0.7769999999999999	0.0011024259617534973
0.778	0.0010730135882185234
0.7789999999999999	0.0010443727668235008
0.78	0.0010164837059883527
0.7809999999999999	0.0009893271063123473
0.782	0.0009628841488834833
0.7829999999999999	0.000937136483845527
0.784	0.0009120662192177956
0.7849999999999999	0.0008876559099627839
0.786	0.0008638885472969129
0.7869999999999999	0.000840747548239607
0.788	0.00081821674539612
0.7889999999999999	0.0007962803769694337
0.79	0.0007749230769967679
0.7909999999999999	0.0007541298658061898
0.792	0.0007338861406889491
0.7929999999999999	0.0007141776667831876
0.794	0.0006949905681647571
0.7949999999999999	0.0006763113191409789
0.796	0.0006581267357431167
0.7969999999999999	0.0006404239674135922
0.798	0.0006231904888838683
0.7989999999999999	0.0006064140922390834
0.8	0.0005900828791655399
0.8009999999999999	0.000574185253377255
0.802	0.0005587099132178009
0.8029999999999999	0.0005436458444337596
0.804	0.0005289823131161598
0.8049999999999999	0.0005147088588063464
0.806	0.0005008152877627641
0.8069999999999999	0.0004872916663852373
0.808	0.0004741283147933461
0.8089999999999999	0.0004613158005556058
0.81	0.0004488449325661786
0.8109999999999999	0.0004367067550659238
0.812	0.00042489254180464294
0.813	0.0004133937903414504
0.8140000000000001	0.00040220221648023987
0.815	0.0003913097488372721
0.8160000000000001	0.0003807085235379955
0.817	0.0003703908790402195
0.8180000000000001	0.00036034935108085844
0.819	0.000350576667743493
0.8200000000000001	0.0003410657446440579
0.821	0.0003318096802320136
0.8220000000000001	0.00032280175120441524
0.823	0.00031403540803034334
0.8240000000000001	0.0003055042705832066
0.825	0.00029720212387848054
0.8260000000000001	0.00028912291391449194
0.827	0.0002812607436139146
0.8280000000000001	0.00027360986886367753
0.829	0.00026616469465104415
0.8300000000000001	0.0002589197712936575
0.831	0.00025186979076140226
0.8320000000000001	0.00024500958308797403
0.833	0.00023833411287007961
0.8339999999999999	0.00023183847585226048
0.835	0.00022551789559534358
0.8359999999999999	0.00021936772022659038
0.837	0.00021338341926964224
0.8379999999999999	0.00020756058055240435
0.839	0.00020189490719104515
0.8399999999999999	0.00019638221464834526
0.841	0.0001910184278646335
0.8419999999999999	0.00018579957845962704
0.843	0.0001807218020034924
0.8439999999999999	0.00017578133535550364
0.845	0.00017097451406870314
0.8459999999999999	0.00016629776985899742
0.847	0.00016174762813716685
0.8479999999999999	0.00015732070560229547
0.849	0.00015301370789515487
0.8499999999999999	0.00014882342731012264
0.851	0.00014474674056423335
0.8519999999999999	0.00014078060662199284
0.853	0.00013692206457463192
0.8539999999999999	0.00013316823157248208
0.855	0.000129516300809205
0.8559999999999999	0.00012596353955662463
0.857	0.00012250728724894384
0.8579999999999999	0.00011914495361515644
0.859	0.00011587401685848132
0.8599999999999999	0.00011269202188169152
0.861	0.00010959657855721732
0.8619999999999999	0.00010658536004094039
0.863	0.00010365610112861518
0.8639999999999999	0.00010080659665387898
0.865	0.00009803469992684041
0.8659999999999999	0.00009533832121224943
0.867	0.00009271542624628799
0.8679999999999999	0.00009016403479102869
0.869	0.00008768221922564537
0.8699999999999999	0.0000852681031734666
0.871	0.00008291986016399584
0.8719999999999999	0.00008063571232903521
0.873	0.00007841392913207482
0.8739999999999999	0.0000762528261301205
0.875	0.00007415076376717226
0.8759999999999999	0.00007210614619855214
0.877	0.00007011742014533207
0.8779999999999999	0.00006818307377811107
0.879	0.00006630163562940926
0.8799999999999999	0.00006447167353397406
0.881	0.00006269179359629855
0.8819999999999999	0.00006096063918467762
0.883	0.00005927688995113867
0.8839999999999999	0.00005763926087660125
0.885	0.00005604650134063508
0.8859999999999999	0.000054497394215200885
0.887	0.000052990754981773814
0.8879999999999999	0.00005152543087126216
0.889	0.00005010030002615048
0.8899999999999999	0.00004871427068430802
0.891	0.000047366280383917656
0.8919999999999999	0.000046055295188993676
0.893	0.0000447803089349697
0.8939999999999999	0.00004354034249384944
0.895	0.000042334443058428546
0.8959999999999999	0.0000411616834451023
0.897	0.00004002116141479244
0.8979999999999999	0.00003891199901153154
0.899	0.000037833341918257984
0.8999999999999999	0.000036784358829385935
0.901	0.00003576424083972427
0.9019999999999999	0.00003477220084932717
0.903	0.000033807472983871866
0.9039999999999999	0.00003286931203016967
0.905	0.00003195699288642317
0.9059999999999999	0.0000310698100268531
0.907	0.00003020707698032898
0.9079999999999999	0.000029368125822645618
0.909	0.000028552306682095765
0.9099999999999999	0.000027758987257999545
0.911	0.00002698755235185793
0.9119999999999999	0.00002623740341080799
0.913	0.000025507958083061625
0.9139999999999999	0.000024798649785023492
0.915	0.000024108927279785865
0.9159999999999999	0.000023438254266707337
0.917	0.00002278610898179155
0.9179999999999999	0.00002215198380858792
0.919	0.000021535384899341816
0.9199999999999999	0.000020935831806130074
0.921	0.00002035285712172479
0.9219999999999999	0.00001978600612993369
0.923	0.000019234836465172056
0.9239999999999999	0.000018698917781026768
0.925	0.00001817783142758062
0.9259999999999999	0.00001767117013726981
0.927	0.00001717853771905244
0.9279999999999999	0.00001669954876067266
0.929	0.000016233828338811756
0.9299999999999999	0.00001578101173691898
0.931	0.000015340744170524325
0.9319999999999999	0.000014912680519836968
0.933	0.000014496485069440596
0.9339999999999999	0.000014091831254901495
0.935	0.00001369840141610778
0.9359999999999999	0.000013315886557164507
0.937	0.000012943986112673858
0.938	0.0000125824077202331
0.9390000000000001	0.000012230866998989335
0.94	0.000011889087334090693
0.9410000000000001	0.000011556799666880323
0.942	0.000011233742290683178
0.9430000000000001	0.000010919660652038989
0.944	0.00001061430715723843
0.9450000000000001	0.000010317440984023272
0.946	0.000010028827898314763
0.9470000000000001	9.748240075839078e-6
0.948	9.475455928520569e-6
0.9490000000000001	9.210259935517102e-6
0.95	8.952442478775786e-6
0.9510000000000001	8.701799682989888e-6
0.952	8.458133259841686e-6
0.9530000000000001	8.22125035641673e-6
0.954	7.990963407681536e-6
0.9550000000000001	7.767089992916089e-6
0.956	7.549452695996732e-6
0.9570000000000001	7.337878969428641e-6
0.958	7.132201002028454e-6
0.9590000000000001	6.932255590159987e-6
0.96	6.737884012429166e-6
0.9609999999999999	6.548931907747852e-6
0.962	6.365249156675769e-6
0.9629999999999999	6.186689765954097e-6
0.964	6.013111756146422e-6
0.9649999999999999	5.844377052305339e-6
0.966	5.6803513775823936e-6
0.9669999999999999	5.520904149704948e-6
0.968	5.365908380243133e-6
0.9689999999999999	5.215240576592911e-6
0.97	5.0687806466034355e-6
0.9709999999999999	4.926411805777402e-6
0.972	4.7880204869760654e-6
0.9729999999999999	4.653496252563138e-6
0.974	4.522731708922657e-6
0.9749999999999999	4.395622423285423e-6
0.976	4.272066842804744e-6
0.9769999999999999	4.15196621582129e-6
0.978	4.035224515256946e-6
0.9789999999999999	3.921748364082545e-6
0.98	3.811446962803271e-6
0.9809999999999999	3.704232018907748e-6
0.982	3.6000176782291095e-6
0.9829999999999999	3.4987204581658e-6
0.984	3.4002591827126014e-6
0.9849999999999999	3.304554919254574e-6
0.986	3.211530917075176e-6
0.9869999999999999	3.1211125475330395e-6
0.988	3.0332272458634515e-6
0.9889999999999999	2.9478044545599547e-6
0.99	2.8647755682935875e-6
0.9909999999999999	2.7840738803307328e-6
0.992	2.705634530406045e-6
0.9929999999999999	2.629394454012709e-6
0.994	2.5552923330734885e-6
0.9949999999999999	2.4832685479533868e-6
0.996	2.413265130778353e-6
0.9969999999999999	2.345225720025432e-6
0.998	2.279095516349372e-6
0.9989999999999999	2.214821239612877e-6
1.	2.1523510870886713e-6