0	0.
0.001	0.
0.002	0.
0.003	0.
0.004	0.
0.005	0.
0.006	0.
0.007	0.
0.008	0.
0.009000000000000001	0.
0.010000000000000002	0.
0.011	0.
0.012	0.
0.013000000000000001	0.
0.014000000000000002	0.
0.015	0.
0.016	0.
0.017	0.
0.018000000000000002	0.
0.019000000000000003	0.
0.02	0.
0.021	0.
0.022	0.
0.023	0.
0.024	0.
0.025	0.
0.026000000000000002	0.
0.027000000000000003	0.
0.028	0.
0.029	0.
0.03	0.
0.031	0.
0.032	0.
0.033	0.
0.034	0.
0.035	0.
0.036000000000000004	0.
0.037000000000000005	0.
0.038	0.
0.039	0.
0.04	0.
0.041	0.
0.042	0.
0.043000000000000003	0.
0.044	0.
0.045	0.
0.046	0.
0.047	0.
0.048	0.
0.049	0.
0.05	0.
0.051000000000000004	0.
0.052000000000000005	0.
0.053000000000000005	0.
0.054	0.
0.055	0.
0.056	0.
0.057	0.
0.058	0.
0.059000000000000004	0.
0.06	0.
0.061	0.
0.062	0.
0.063	0.
0.064	0.
0.065	0.
0.066	0.
0.067	0.
0.068	0.
0.069	0.
0.07	9.924955430200244e-23
0.07100000000000001	5.1146414203441915e-17
0.07200000000000001	1.3948329390193887e-14
0.07300000000000001	4.754087640265679e-13
0.074	6.164208317527125e-12
0.075	4.567047926731004e-11
0.076	2.3464220864143313e-10
0.077	9.310552108160511e-10
0.078	3.0488931491421128e-9
0.079	8.608345477836363e-9
0.08	2.1603622458837984e-8
0.081	4.9263615502117025e-8
0.082	1.0376726570529196e-7
0.083	2.044567863510313e-7
0.084	3.8057015786206674e-7
0.085	6.744917380452738e-7
0.08600000000000001	1.145498183283288e-6
0.08700000000000001	1.873957472997317e-6
0.088	2.965922530486682e-6
0.089	4.558048196963375e-6
0.09	6.822751274520175e-6
0.091	9.973527893112127e-6
0.092	0.000014270340288732834
0.093	0.000020024985808170735
0.094	0.000027606364126168114
0.095	0.000037445563802141046
0.096	0.00005004069595599025
0.097	0.00006596141057722005
0.098	0.0000858530394132853
0.099	0.00011044031817634017
0.1	0.00014053064967890463
0.101	0.00017701687822597485
0.10200000000000001	0.00022087955396940957
0.10300000000000001	0.0002731886738294227
0.10400000000000001	0.0003351048929058619
0.10500000000000001	0.0004078802069704214
0.106	0.0004928581126101619
0.107	0.0005914732568663622
0.108	0.000705250592783493
0.109	0.0008358040611686432
0.11	0.000984834822091134
0.111	0.0011541290622627547
0.112	0.0013455554064743431
0.113	0.0015610619627711285
0.114	0.0018026730320761164
0.115	0.0020724855135669613
0.116	0.002372665037325668
0.117	0.0027054418556593253
0.11800000000000001	0.0030731065240781875
0.11900000000000001	0.003478005402257587
0.12	0.003922536004441193
0.121	0.004409142227701491
0.122	0.004940309485292053
0.123	0.005518559771035298
0.124	0.006146446679315481
0.125	0.006826550403814152
0.126	0.00756147273665491
0.127	0.008353832088134543
0.128	0.009206258545724863
0.129	0.010121388989547392
0.13	0.01110186228006254
0.131	0.012150314532287515
0.132	0.013269374489468784
0.133	0.014461659007793995
0.134	0.01572976866243864
0.135	0.017076283484009518
0.136	0.018503758833272436
0.137	0.020014721420936556
0.138	0.02161166547821735
0.139	0.023297049082908743
0.14	0.025073290644768476
0.14100000000000001	0.02694276555315454
0.14200000000000002	0.028907802989044953
0.14300000000000002	0.030970682902827427
0.14400000000000002	0.03313363315855597
0.14500000000000002	0.035398826844738954
0.146	0.037768379751142965
0.147	0.04024434801056824
0.148	0.04282872590407194
0.149	0.04552344382768224
0.15	0.04833036641825744
0.151	0.051251290835796576
0.152	0.05428794519920057
0.153	0.057441987172211335
0.154	0.06071500269602054
0.155	0.06410850486483449
0.156	0.06762393294050968
0.157	0.07126265150222504
0.158	0.07502594972703945
0.159	0.07891504079708597
0.16	0.08293106142908026
0.161	0.08707507152176926
0.162	0.09134805391690837
0.163	0.0957509142693412
0.164	0.1002844810217508
0.165	0.10494950547966721
0.166	0.10974666198233525
0.167	0.11467654816509007
0.168	0.11973968530892772
0.169	0.12493651877301813
0.17	0.13026741850597148
0.171	0.13573267963173793
0.17200000000000001	0.14133252310610003
0.17300000000000001	0.147067096439801
0.17400000000000002	0.15293647448443579
0.17500000000000002	0.1589406602773294
0.176	0.16507958594171648
0.177	0.17135311363863634
0.178	0.17776103656705908
0.179	0.18430308000885662
0.18	0.19097890241533785
0.181	0.19778809653216994
0.182	0.2047301905596115
0.183	0.21180464934508778
0.184	0.21901087560524168
0.185	0.22634821117469955
0.186	0.2338159382788867
0.187	0.24141328082833927
0.188	0.2491394057320508
0.189	0.2569934242274933
0.19	0.26497439322505234
0.191	0.273081316664706
0.192	0.2813131468828778
0.193	0.2896687859874797
0.194	0.2981470872392569
0.195	0.30674685643762245
0.196	0.3154668533092774
0.197	0.32430579289796757
0.198	0.3332623469538308
0.199	0.34233514532086107
0.2	0.35152277732108944
0.201	0.36082379313415514
0.202	0.3702367051710258
0.203	0.37975998944067385
0.20400000000000001	0.38939208690860516
0.20500000000000002	0.39913140484618614
0.20600000000000002	0.40897631816978847
0.20700000000000002	0.418925170768823
0.20800000000000002	0.42897627682180683
0.20900000000000002	0.43912792209964363
0.21	0.4493783652553748
0.211	0.4597258390996938
0.212	0.47016855186157924
0.213	0.48070468843343783
0.214	0.49133241160021124
0.215	0.5020498632519296
0.216	0.5128551655792482
0.217	0.5237464222515431
0.218	0.5347217195771753
0.219	0.5457791276455773
0.22	0.5569167014508494
0.221	0.5681324819965877
0.222	0.579424497381697
0.223	0.5907907638669804
0.224	0.6022292869223106
0.225	0.6137380622542402
0.226	0.6253150768139153
0.227	0.6369583097851927
0.228	0.6486657335528778
0.229	0.6604353146510402
0.23	0.6722650146913594
0.231	0.6841527912715007
0.232	0.6960965988635236
0.233	0.7080943896823545
0.234	0.7201441145343593
0.23500000000000001	0.7322437236460863
0.23600000000000002	0.7443911674732542
0.23700000000000002	0.7565843974900737
0.23800000000000002	0.7688213669590113
0.23900000000000002	0.7811000316811098
0.24	0.793418350727008
0.241	0.8057742871487861
0.242	0.8181658086728028
0.243	0.8305908883736776
0.244	0.8430475053296058
0.245	0.8555336452591614
0.246	0.8680473011398114
0.247	0.8805864738083026
0.248	0.8931491725431554
0.249	0.905733415629448
0.25	0.918337230906123
0.251	0.9309586562960396
0.252	0.943595740318977
0.253	0.9562465425878357
0.254	0.9689091342882707
0.255	0.9815815986419761
0.256	0.9942620313538871
0.257	1.0069485410435122
0.258	1.0196392496606717
0.259	1.0323322928858523
0.26	1.0450258205154748
0.261	1.05771799683227
0.262	1.0704070009610474
0.263	1.0830910272101129
0.264	1.0957682853985606
0.265	1.1084370011697091
0.266	1.1210954162909301
0.267	1.1337417889401185
0.268	1.146374393979069
0.269	1.158991523213981
0.27	1.1715914856433665
0.271	1.1841726076936112
0.272	1.1967332334424157
0.273	1.2092717248303737
0.274	1.2217864618609495
0.275	1.2342758427890594
0.276	1.2467382842985386
0.277	1.259172221668706
0.278	1.271576108930273
0.279	1.2839484190108457
0.28	1.2962876438702189
0.281	1.3085922946257351
0.28200000000000003	1.3208609016679074
0.28300000000000003	1.333092014766544
0.28400000000000003	1.345284203167599
0.28500000000000003	1.3574360556809681
0.28600000000000003	1.3695461807594436
0.28700000000000003	1.3816132065690587
0.28800000000000003	1.393635781051027
0.28900000000000003	1.4056125719754688
0.29	1.4175422669871773
0.291	1.4294235736435796
0.292	1.4412552194451327
0.293	1.4530359518583396
0.294	1.4647645383315684
0.295	1.4764397663039002
0.296	1.4880604432071667
0.297	1.4996253964613815
0.298	1.5111334734637516
0.299	1.5225835415714288
0.3	1.5339744880782222
0.301	1.5453052201853972
0.302	1.556574664966781
0.303	1.5677817693283158
0.304	1.5789254999622304
0.305	1.5900048432960159
0.306	1.6010188054363412
0.307	1.6119664121080657
0.308	1.6228467085885474
0.309	1.6336587596373475
0.31	1.6444016494215106
0.311	1.6550744814365526
0.312	1.6656763784233293
0.313	1.6762064822808962
0.314	1.686663953975496
0.315	1.6970479734458659
0.316	1.7073577395049166
0.317	1.7175924697379807
0.318	1.7277514003977201
0.319	1.7378337862958426
0.32	1.7478389006917412
0.321	1.7577660351781674
0.322	1.7676144995640661
0.323	1.7773836217547119
0.324	1.7870727476291925
0.325	1.7966812409154413
0.326	1.8062084830628435
0.327	1.815653873112576
0.328	1.8250168275657694
0.329	1.8342967802495795
0.33	1.8434931821812874
0.331	1.8526055014305232
0.332	1.8616332229796877
0.333	1.8705758485826844
0.334	1.8794328966220633
0.335	1.8882039019646077
0.336	1.8968884158155546
0.337	1.905486005571396
0.338	1.9139962546714706
0.339	1.9224187624483426
0.34	1.9307531439770975
0.341	1.9389990299235875
0.342	1.947156066391722
0.343	1.9552239147698993
0.34400000000000003	1.9632022515765946
0.34500000000000003	1.9710907683052308
0.34600000000000003	1.9788891712683505
0.34700000000000003	1.986597181441201
0.34800000000000003	1.9942145343047386
0.34900000000000003	2.0017409796881886
0.35000000000000003	2.0091762816111403
0.35100000000000003	2.0165202181253057
0.352	2.0237725811559426
0.353	2.0309331763430505
0.354	2.0380018228823396
0.355	2.044978353366057
0.356	2.0518626136237423
0.357	2.0586544625628975
0.358	2.065353772009677
0.359	2.071960426549628
0.36	2.078474323368501
0.361	2.084895372093239
0.362	2.091223494633084
0.363	2.097458625020967
0.364	2.103600709255102
0.365	2.1096497051409266
0.366	2.1156055821333517
0.367	2.12146832117938
0.368	2.1272379145611504
0.369	2.1329143657394107
0.37	2.1384976891974867
0.371	2.143987910285703
0.372	2.149385065066435
0.373	2.154689200159644
0.374	2.1599003725890173
0.375	2.1650186496288075
0.376	2.170044108651219
0.377	2.1749768369745524
0.378	2.1798169317120077
0.379	2.1845644996212252
0.38	2.1892196569545623
0.381	2.193782529310174
0.382	2.1982532514838393
0.383	2.2026319673216608
0.384	2.2069188295735085
0.385	2.211113999747408
0.386	2.215217647964731
0.387	2.219229952816302
0.388	2.223151101219406
0.389	2.2269812882756996
0.39	2.2307207171300796
0.391	2.2343695988304617
0.392	2.2379281521885743
0.393	2.2413966036416664
0.394	2.2447751871152573
0.395	2.248064143886858
0.396	2.25126372245068
0.397	2.2543741783834212
0.398	2.2573957742110395
0.399	2.2603287792765645
0.4	2.263173469608994
0.401	2.2659301277932022
0.402	2.2685990428409486
0.403	2.271180510062946
0.404	2.2736748309419905
0.405	2.276082313007208
0.406	2.278403269709364
0.40700000000000003	2.2806380202972893
0.40800000000000003	2.2827868896954033
0.40900000000000003	2.2848502083823
0.41000000000000003	2.286828312270539
0.41100000000000003	2.28872154258744
0.41200000000000003	2.290530245757073
0.41300000000000003	2.29225477328332
0.41400000000000003	2.2938954816340904
0.41500000000000004	2.2954527321266416
0.41600000000000004	2.2969268908140252
0.41700000000000004	2.298318328372649
0.418	2.2996274199910145
0.419	2.300854545259508
0.42	2.3020000880613893
0.421	2.3030644364648527
0.422	2.304047982616255
0.423	2.3049511226344603
0.424	2.30577425650629
0.425	2.3065177879831307
0.426	2.3071821244786457
0.427	2.3077676769676008
0.428	2.3082748598858465
0.429	2.3087040910313714
0.43	2.3090557914664935
0.431	2.3093303854211884
0.432	2.3095283001974662
0.433	2.3096499660749177
0.434	2.309695816217339
0.435	2.3096662865804185
0.436	2.309561815820613
0.437	2.3093828452050222
0.438	2.309129818522389
0.439	2.3088031819951946
0.44	2.308403384192824
0.441	2.3079308759458055
0.442	2.3073861102611017
0.443	2.306769542238512
0.444	2.306081628988083
0.445	2.3053228295486257
0.446	2.304493604807228
0.447	2.3035944174198653
0.448	2.3026257317330083
0.449	2.301588013706293
0.45	2.3004817308362027
0.451	2.2993073520807634
0.452	2.2980653477852986
0.453	2.2967561896091313
0.454	2.29538035045334
0.455	2.2939383043894837
0.456	2.2924305265893445
0.457	2.290857493255613
0.458	2.289219681553596
0.459	2.287517569543884
0.46	2.2857516361159442
0.461	2.28392236092274
0.462	2.282030224316245
0.463	2.280075707283923
0.464	2.278059291386174
0.465	2.2759814586946336
0.466	2.2738426917314896
0.467	2.2716434734096516
0.468	2.2693842869738465
0.46900000000000003	2.267065615942629
0.47000000000000003	2.264687944051278
0.47100000000000003	2.262251755195579
0.47200000000000003	2.259757533376487
0.47300000000000003	2.257205762645679
0.47400000000000003	2.25459692705195
0.47500000000000003	2.251931510588479
0.47600000000000003	2.249209997140956
0.47700000000000004	2.2464328704365397
0.47800000000000004	2.2436006139936615
0.47900000000000004	2.240713711072644
0.48	2.237772644627176
0.481	2.2347778972565573
0.482	2.2317299511587922
0.483	2.2286292880844627
0.484	2.2254763892913845
0.485	2.2222717355000863
0.486	2.219015806850023
0.487	2.2157090828566024
0.488	2.212352042368921
0.489	2.2089451635283246
0.49	2.205488923727667
0.491	2.2019837995713116
0.492	2.1984302668359086
0.493	2.1948288004318477
0.494	2.191179874365473
0.495	2.187483961701971
0.496	2.183741534528998
0.497	2.1799530639209888
0.498	2.1761190199041693
0.499	2.172239871422201
0.5	2.168316086302596
0.5009999999999999	2.164348131223709
0.502	2.160336471682447
0.5029999999999999	2.1562815719626025
0.504	2.1521838951038474
0.5049999999999999	2.1480439028714016
0.506	2.1438620557262347
0.5069999999999999	2.1396388127960275
0.508	2.135374631846649
0.5089999999999999	2.1310699692542756
0.51	2.126725279978154
0.5109999999999999	2.122341017533903
0.512	2.117917633967453
0.5129999999999999	2.11345557982955
0.514	2.108955304150823
0.5149999999999999	2.104417254417476
0.516	2.099841876547473
0.5169999999999999	2.0952296148673453
0.518	2.0905809120895107
0.5189999999999999	2.0858962092901487
0.52	2.081175945887627
0.5209999999999999	2.076420559621427
0.522	2.071630486531639
0.5229999999999999	2.066806160938939
0.524	2.0619480154250938
0.5249999999999999	2.05705648081398
0.526	2.0521319861530802
0.5269999999999999	2.0471749586954933
0.528	2.0421858238824306
0.5289999999999999	2.0371650053261754
0.53	2.0321129247935446
0.5309999999999999	2.027030002189781
0.532	2.0219166555429586
0.5329999999999999	2.0167733009888127
0.534	2.0116003527560076
0.5349999999999999	2.006398223151883
0.536	2.0011673225486386
0.5369999999999999	1.995908059369906
0.538	1.990620840077806
0.5389999999999999	1.9853060691603892
0.54	1.9799641491195124
0.5409999999999999	1.9745954804591188
0.542	1.9692004616739092
0.5429999999999999	1.9637794892384453
0.544	1.9583329575966124
0.5449999999999999	1.9528612591514989
0.546	1.9473647842556308
0.5469999999999999	1.9418439212016034
0.548	1.936299056213077
0.5489999999999999	1.9307305734361608
0.55	1.9251388549311064
0.5509999999999999	1.9195242806644146
0.552	1.9138872285012651
0.5529999999999999	1.908228074198293
0.554	1.902547191396712
0.5549999999999999	1.8968449516157706
0.556	1.8911217242465448
0.5569999999999999	1.8853778765460456
0.558	1.8796137736316594
0.5589999999999999	1.873829778475905
0.56	1.8680262519014839
0.5609999999999999	1.8622035525766647
0.562	1.856362037010948
0.563	1.8505020595510402
0.5640000000000001	1.8446239723771185
0.565	1.8387281254993755
0.5660000000000001	1.8328148667548658
0.567	1.8268845418046027
0.5680000000000001	1.820937494130974
0.569	1.814974065035385
0.5700000000000001	1.8089945936361798
0.571	1.8029994168668488
0.5720000000000001	1.796988869474462
0.573	1.79096328401837
0.5740000000000001	1.7849229908691544
0.575	1.7788683182078224
0.5760000000000001	1.7727995920252344
0.577	1.7667171361217981
0.5779999999999998	1.7606212721073422
0.579	1.7545123194012764
0.5799999999999998	1.7483905952329337
0.581	1.7422564146421624
0.5819999999999999	1.7361100904801139
0.583	1.7299519334102684
0.5839999999999999	1.7237822519096415
0.585	1.717601352270219
0.5859999999999999	1.7114095386005854
0.587	1.7052071128277555
0.5879999999999999	1.6989943746991916
0.589	1.6927716217850326
0.5899999999999999	1.6865391494804818
0.591	1.6802972510084162
0.5919999999999999	1.6740462174221316
0.593	1.6677863376083133
0.5939999999999999	1.6615178982901477
0.595	1.6552411840306192
0.5959999999999999	1.6489564772359828
0.597	1.6426640581593612
0.5979999999999999	1.6363642049045721
0.599	1.6300571934300434
0.5999999999999999	1.6237432975529424
0.601	1.6174227889534045
0.6019999999999999	1.6110959371789582
0.603	1.604763009649062
0.6039999999999999	1.598424271659807
0.605	1.592079986388736
0.6059999999999999	1.5857304148998415
0.607	1.5793758161486335
0.6079999999999999	1.5730164469874057
0.609	1.5666525621705958
0.6099999999999999	1.5602844143602617
0.611	1.5539122541317159
0.6119999999999999	1.5475363299792535
0.613	1.541156888321998
0.6139999999999999	1.5347741735098952
0.615	1.5283884278297486
0.6159999999999999	1.5219998915114692
0.617	1.515608802734329
0.6179999999999999	1.5092153976333922
0.619	1.502819910306007
0.6199999999999999	1.4964225728184173
0.621	1.4900236152124788
0.6219999999999999	1.4836232655124466
0.623	1.4772217497318711
0.6239999999999999	1.470819291880594
0.625	1.4644161139718068
0.6259999999999999	1.4580124360292144
0.627	1.4516084760942953
0.6279999999999999	1.4452044502335957
0.629	1.4388005725461677
0.6299999999999999	1.4323970551710243
0.631	1.4259941082947272
0.6319999999999999	1.4195919401589818
0.633	1.4131907570683735
0.6339999999999999	1.4067907633981325
0.635	1.4003921616019497
0.6359999999999999	1.3939951522199192
0.637	1.3875999338864768
0.6379999999999999	1.3812067033384485
0.639	1.3748156554231297
0.6399999999999999	1.368426983106436
0.641	1.362041098464075
0.6419999999999999	1.355658476472778
0.643	1.3492795833165683
0.6439999999999999	1.3429048764541816
0.645	1.3365348047389878
0.6459999999999999	1.3301698085374662
0.647	1.3238103198462354
0.6479999999999999	1.3174567624076583
0.649	1.3111095518240423
0.6499999999999999	1.3047690956704332
0.651	1.2984357936060513
0.6519999999999999	1.2921100374843661
0.653	1.2857922114617928
0.6539999999999999	1.279482692105106
0.655	1.2731818484975153
0.6559999999999999	1.2668900423434202
0.657	1.260607628071921
0.6579999999999999	1.2543349529390437
0.659	1.2480723571286843
0.6599999999999999	1.2418201738523529
0.661	1.235578729447651
0.6619999999999999	1.229348343475574
0.663	1.2231293288165874
0.6639999999999999	1.2169219917655207
0.665	1.210726632125299
0.6659999999999999	1.2045435432995066
0.667	1.1983730123838174
0.6679999999999999	1.1922153202562875
0.669	1.1860707416665064
0.6699999999999999	1.1799395453236943
0.671	1.173821993983652
0.6719999999999999	1.1677183445346564
0.673	1.161628848082294
0.6739999999999999	1.1555537500332156
0.675	1.1494932901778652
0.6759999999999999	1.1434477027721786
0.677	1.1374172166182428
0.6779999999999999	1.1314020551439627
0.679	1.1254024364817443
0.6799999999999999	1.1194185735461528
0.681	1.1134506741106334
0.6819999999999999	1.1074989408832625
0.683	1.1015635715815342
0.6839999999999999	1.0956447590062233
0.685	1.0897426911142998
0.6859999999999999	1.0838575510909538
0.687	1.0779895174206788
0.688	1.072138763957484
0.6890000000000001	1.0663054599942074
0.69	1.0604897703309546
0.6910000000000001	1.0546918553426734
0.692	1.048911871045872
0.6930000000000001	1.0431499691644879
0.694	1.0374062971949176
0.6950000000000001	1.0316809984702322
0.696	1.0259742122235687
0.6970000000000001	1.020286073650703
0.698	1.014616713971845
0.6990000000000001	1.0089662604926326
0.7	1.0033348366643475
0.7010000000000001	0.9977225621433653
0.702	0.9921295528498363
0.7030000000000001	0.986555921025622
0.704	0.9810017752914846
0.7049999999999998	0.9754672207035421
0.706	0.969952358808995
0.7069999999999999	0.9644572877011386
0.708	0.9589821020736646
0.7089999999999999	0.9535268932742612
0.71	0.9480917493575239
0.7109999999999999	0.9426767551371737
0.712	0.9372819922376099
0.7129999999999999	0.9319075391447852
0.714	0.9265534712564236
0.7149999999999999	0.9212198609315887
0.716	0.9159067775396045
0.7169999999999999	0.9106142875083298
0.718	0.9053424543718227
0.7189999999999999	0.9000913388173617
0.72	0.8948609987318658
0.7209999999999999	0.8896514892477052
0.722	0.8844628627878973
0.7229999999999999	0.87929516911073
0.724	0.8741484553537865
0.7249999999999999	0.8690227660773903
0.726	0.8639181433074838
0.7269999999999999	0.8588346265779316
0.728	0.8537722529722831
0.7289999999999999	0.8487310571649506
0.73	0.8437110714618874
0.7309999999999999	0.8387123258406729
0.732	0.8337348479901142
0.7329999999999999	0.8287786633492911
0.734	0.8238437951460869
0.7349999999999999	0.8189302644352128
0.736	0.8140380901357208
0.7369999999999999	0.8091672890680072
0.738	0.8043178759903347
0.7389999999999999	0.7994898636348471
0.74	0.794683262743125
0.7409999999999999	0.7898980821012332
0.742	0.7851343285743211
0.7429999999999999	0.7803920071407388
0.744	0.7756711209257101
0.7449999999999999	0.7709716712345307
0.746	0.7662936575853287
0.7469999999999999	0.7616370777413803
0.748	0.7570019277429789
0.7489999999999999	0.7523882019388797
0.75	0.7477958930173063
0.7509999999999999	0.7432249920365427
0.752	0.7386754884551024
0.7529999999999999	0.7341473701614804
0.754	0.7296406235035096
0.7549999999999999	0.7251552333172975
0.756	0.7206911829557807
0.7569999999999999	0.7162484543168706
0.758	0.7118270278712221
0.7589999999999999	0.7074268826896146
0.76	0.7030479964699559
0.7609999999999999	0.6986903455638999
0.762	0.6943539050031093
0.7629999999999999	0.6900386485251498
0.764	0.6857445485990161
0.7649999999999999	0.6814715764503005
0.766	0.6772197020860232
0.7669999999999999	0.6729888943190999
0.768	0.6687791207924721
0.7689999999999999	0.664590348002898
0.77	0.6604225413244045
0.7709999999999999	0.656275665031412
0.772	0.6521496823215338
0.7729999999999999	0.6480445553380405
0.774	0.6439602451920273
0.7749999999999999	0.6398967119842403
0.776	0.6358539148266098
0.7769999999999999	0.6318318118634718
0.778	0.6278303602924838
0.7789999999999999	0.623849516385238
0.78	0.6198892355075872
0.7809999999999999	0.6159494721396681
0.782	0.6120301798956491
0.7829999999999999	0.6081313115431725
0.784	0.6042528190225362
0.7849999999999999	0.6003946534655883
0.786	0.5965567652143392
0.7869999999999999	0.592739103839317
0.788	0.5889416181576476
0.7889999999999999	0.5851642562508655
0.79	0.5814069654824768
0.7909999999999999	0.577669692515248
0.792	0.5739523833282525
0.7929999999999999	0.570254983233663
0.794	0.5665774368932907
0.7949999999999999	0.5629196883348787
0.796	0.559281680968171
0.7969999999999999	0.5556633576007107
0.798	0.5520646604534309
0.7989999999999999	0.548485531176001
0.8	0.5449259108619378
0.8009999999999999	0.5413857400635007
0.802	0.5378649588063543
0.8029999999999999	0.5343635066040098
0.804	0.530881322472054
0.8049999999999999	0.5274183449421572
0.806	0.5239745120758647
0.8069999999999999	0.5205497614781904
0.808	0.5171440303109845
0.8089999999999999	0.5137572553061148
0.81	0.510389372778431
0.8109999999999999	0.5070403186385372
0.812	0.5037100284053613
0.813	0.5003984372185416
0.8140000000000001	0.4971054798506007
0.815	0.49383109071894976
0.8160000000000001	0.49057520389769205
0.817	0.48733775312924954
0.8180000000000001	0.48411867183580126
0.819	0.4809178931305455
0.8200000000000001	0.4777353498287807
0.821	0.47457097445881236
0.8220000000000001	0.47142469927268893
0.823	0.4682964562567614
0.8240000000000001	0.4651861771420791
0.825	0.46209379341461493
0.8260000000000001	0.4590192363253291
0.827	0.45596243690006616
0.8280000000000001	0.4529233259492993
0.829	0.44990183407770923
0.8300000000000001	0.44689789169360905
0.831	0.44391142901821634
0.8320000000000001	0.44094237609477466
0.833	0.43799066279751914
0.8339999999999999	0.4350562188404998
0.835	0.4321389737862576
0.8359999999999999	0.4292388570543536
0.837	0.4263557979297578
0.8379999999999999	0.4234897255710976
0.839	0.4206405690187707
0.8399999999999999	0.41780825720291126
0.841	0.4149927189512354
0.8419999999999999	0.4121938829967393
0.843	0.4094116779852781
0.8439999999999999	0.4066460324830093
0.845	0.4038968749837044
0.8459999999999999	0.40116413391594313
0.847	0.3984477376501795
0.8479999999999999	0.3957476145056824
0.849	0.3930636927573543
0.8499999999999999	0.39039590064244095
0.851	0.38774416636710896
0.8519999999999999	0.38510841811291446
0.853	0.3824885840431606
0.8539999999999999	0.3798845923091283
0.855	0.37729637105621566
0.8559999999999999	0.37472384842994777
0.857	0.37216695258188587
0.8579999999999999	0.369625611675435
0.859	0.3670997538915343
0.8599999999999999	0.3645893074342535
0.861	0.36209420053627783
0.8619999999999999	0.3596143614642984
0.863	0.35714971852429983
0.8639999999999999	0.35470020006674613
0.865	0.352265734491677
0.8659999999999999	0.34984625025369553
0.867	0.34744167586687835
0.8679999999999999	0.34505193990957506
0.869	0.3426769710291276
0.8699999999999999	0.3403166979464934
0.871	0.33797104946078066
0.8719999999999999	0.33563995445369255
0.873	0.3333233418938909
0.8739999999999999	0.3310211408412655
0.875	0.3287332804511263
0.8759999999999999	0.3264596899783041
0.877	0.3242002987811808
0.8779999999999999	0.3219550363256237
0.879	0.3197238321888517
0.8799999999999999	0.3175066160632175
0.881	0.3153033177599119
0.8819999999999999	0.3131138672125933
0.883	0.3109381944809392
0.8839999999999999	0.30877622975412566
0.885	0.3066279033542321
0.8859999999999999	0.304493145739573
0.887	0.302371887507959
0.8879999999999999	0.30026405939988954
0.889	0.2981695923016711
0.8899999999999999	0.2960884172484723
0.891	0.29402046542730714
0.8919999999999999	0.29196566817996006
0.893	0.28992395700583057
0.8939999999999999	0.28789526356473044
0.895	0.28587951967960573
0.8959999999999999	0.2838766573392001
0.897	0.28188660870065557
0.8979999999999999	0.2799093060920554
0.899	0.2779446820149029
0.8999999999999999	0.27599266914654136
0.901	0.274053200342521
0.9019999999999999	0.27212620863890113
0.903	0.27021162725450193
0.9039999999999999	0.26830938959309875
0.905	0.2664194292455574
0.9059999999999999	0.2645416799919248
0.907	0.2626760758034547
0.9079999999999999	0.26082255084459083
0.909	0.2589810394748939
0.9099999999999999	0.2571514762509168
0.911	0.2553337959280343
0.9119999999999999	0.25352793346221664
0.913	0.25173382401176164
0.9139999999999999	0.2499514029389731
0.915	0.24818060581179652
0.9159999999999999	0.2464213684054048
0.917	0.2446736267037414
0.9179999999999999	0.2429373169010144
0.919	0.24121237540315263
0.9199999999999999	0.2394987388292118
0.921	0.23779634401273866
0.9219999999999999	0.23610512800309835
0.923	0.23442502806675286
0.9239999999999999	0.23275598168850242
0.925	0.23109792657268802
0.9259999999999999	0.2294508006443492
0.927	0.2278145420503453
0.9279999999999999	0.22618908916044111
0.929	0.2245743805683512
0.9299999999999999	0.22297035509274454
0.931	0.22137695177822106
0.9319999999999999	0.21979410989624076
0.933	0.21822176894602757
0.9339999999999999	0.21665986865543185
0.935	0.21510834898176043
0.9359999999999999	0.21356715011257313
0.937	0.21203621246644574
0.938	0.21051547669369938
0.9390000000000001	0.20900488367709827
0.94	0.2075043745325173
0.9410000000000001	0.20601389060957426
0.942	0.20453337349223713
0.9430000000000001	0.2030627649993951
0.944	0.20160200718540527
0.9450000000000001	0.20015104234060618
0.946	0.19870981299180374
0.9470000000000001	0.1972782619027321
0.948	0.19585633207448055
0.9490000000000001	0.19444396674589878
0.95	0.19304110939397284
0.9510000000000001	0.19164770373417406
0.952	0.1902636937207838
0.9530000000000001	0.18888902354719195
0.954	0.1875236376461691
0.9550000000000001	0.18616748069011685
0.956	0.18482049759129118
0.9570000000000001	0.18348263350200336
0.958	0.18215383381479797
0.9590000000000001	0.18083404416260604
0.96	0.17952321041887853
0.9609999999999999	0.17822127869769433
0.962	0.17692819535384885
0.9629999999999999	0.17564390698292046
0.964	0.1743683604213169
0.9649999999999999	0.17310150274629765
0.966	0.17184328127598128
0.9669999999999999	0.17059364356932813
0.968	0.16935253742610734
0.9689999999999999	0.1681199108868402
0.97	0.16689571223272917
0.9709999999999999	0.16567988998556687
0.972	0.16447239290762516
0.9729999999999999	0.1632731700015288
0.974	0.16208217051010945
0.9749999999999999	0.16089934391624533
0.976	0.1597246399426822
0.9769999999999999	0.15855800855183627
0.978	0.1573993999455857
0.9789999999999999	0.15624876456504028
0.98	0.15510605309030082
0.9809999999999999	0.1539712164401993
0.982	0.1528442057720271
0.9829999999999999	0.15172497248124617
0.984	0.15061346820118737
0.9849999999999999	0.14950964480273335
0.986	0.14841345439398893
0.9869999999999999	0.1473248493199381
0.988	0.1462437821620848
0.9889999999999999	0.14517020573808492
0.99	0.14410407310136306
0.9909999999999999	0.14304533754071705
0.992	0.14199395257990968
0.9929999999999999	0.14094987197725067
0.994	0.139913049725165
0.9949999999999999	0.13888344004974923
0.996	0.13786099741031896
0.9969999999999999	0.1368456764989439
0.998	0.13583743223997047
0.9989999999999999	0.13483621978953772
1.	0.1338419945350801