0	0.
0.001	0.
0.002	0.7115604508845712
0.003	3.2468849290011703
0.004	6.959287385556051
0.005	10.872881175058076
0.006	14.33181981400883
0.007	17.040963034261473
0.008	18.95002481804884
0.009000000000000001	20.13895682053407
0.010000000000000002	20.739547290183232
0.011	20.89061733862387
0.012	20.71637032308662
0.013000000000000001	20.318525619010988
0.014000000000000002	19.77573103385329
0.015	19.14627321887141
0.016	18.471872949865556
0.017	17.781455789274542
0.018000000000000002	17.094423642862864
0.019000000000000003	16.423290309891414
0.02	15.775706264813712
0.021	15.155963084471889
0.022	14.56608335186229
0.023	14.006594352996068
0.024	13.477067812175008
0.025	12.976490428208308
0.026000000000000002	12.503514229834508
0.027000000000000003	12.05662282889717
0.028	11.634239577217555
0.029	11.23479606993328
0.03	10.856773903037196
0.031	10.498728619093775
0.032	10.159301964403902
0.033	9.83722661641257
0.034	9.531326180583655
0.035	9.24051232290641
0.036000000000000004	8.963780268610641
0.037000000000000005	8.700203467707157
0.038	8.448927939110721
0.039	8.209166612434126
0.04	7.980193859104878
0.041	7.7613403209931695
0.042	7.551988090791293
0.043000000000000003	7.351566264121157
0.044	7.1595468621394796
0.045	6.9754411107881715
0.046	6.79879605582344
0.047	6.629191489331121
0.048	6.466237162293781
0.049	6.309570258029045
0.05	6.158853102388036
0.051000000000000004	6.013771088128185
0.052000000000000005	5.874030792610224
0.053000000000000005	5.739358269755856
0.054	5.609497498966736
0.055	5.484208975376555
0.056	5.363268427371866
0.057	5.2464656487472725
0.058	5.133603434167436
0.059000000000000004	5.0244966077887145
0.06	4.918971135950194
0.061	4.816863315799788
0.062	4.718019032565901
0.063	4.622293078946274
0.064	4.529548530761737
0.065	4.439656173626981
0.066	4.352493975925134
0.067	4.26794660385299
0.068	4.185904974730604
0.069	4.1062658451492435
0.07	4.028931430873547
0.07100000000000001	3.953809055709751
0.07200000000000001	3.880810826832444
0.07300000000000001	3.809853334297947
0.074	3.7408573726906056
0.075	3.6737476830426097
0.076	3.6084527133449678
0.077	3.544904396117383
0.078	3.4830379416515416
0.079	3.422791645664741
0.08	3.3641067102156583
0.081	3.306927076836734
0.082	3.251199270929295
0.083	3.196872256551678
0.084	3.143897300805073
0.085	3.0922278470910958
0.08600000000000001	3.0418193965758564
0.08700000000000001	2.9926293972519957
0.088	2.944617140039635
0.089	2.8977436614151615
0.09	2.851971652097015
0.091	2.807265371355245
0.092	2.7635905665506253
0.093	2.720914397532664
0.094	2.6792053655647323
0.095	2.638433246459675
0.096	2.5985690276446722
0.097	2.559584848886172
0.098	2.521453946433315
0.099	2.4841506003522604
0.1	2.4476500848408853
0.101	2.4119286213326303
0.10200000000000001	2.37696333420724
0.10300000000000001	2.3427322089425
0.10400000000000001	2.3092140525537244
0.10500000000000001	2.2763884561750762
0.106	2.2442357596514224
0.107	2.2127370180143315
0.108	2.1818739697297023
0.109	2.1516290066063855
0.11	2.1219851452686194
0.111	2.0929260000966328
0.112	2.064435757549674
0.113	2.036499151790627
0.114	2.009101441534116
0.115	1.9822283880508342
0.116	1.9558662342588555
0.117	1.9300016848414203
0.11800000000000001	1.9046218873315646
0.11900000000000001	1.8797144141138369
0.12	1.855267245285828
0.121	1.831268752337265
0.122	1.8077076825987841
0.123	1.7845731444200363
0.124	1.761854593039032
0.125	1.7395418171004002
0.126	1.7176249257954828
0.127	1.6960943365850851
0.128	1.6749407634797107
0.129	1.6541552058422146
0.13	1.6337289376920145
0.131	1.6136534974805297
0.132	1.5939206783179525
0.133	1.5745225186226788
0.134	1.5554512931798705
0.135	1.5366995045812588
0.136	1.5182598750331149
0.137	1.5001253385102122
0.138	1.4822890332408478
0.139	1.4647442945077085
0.14	1.4474846477464398
0.14100000000000001	1.430503801930619
0.14200000000000002	1.4137956432275314
0.14300000000000002	1.3973542289128067
0.14400000000000002	1.3811737815325535
0.14500000000000002	1.365248683299547
0.146	1.3495734707123492
0.147	1.334142829391745
0.148	1.3189515891189179
0.149	1.3039947190676304
0.15	1.2892673232244505
0.151	1.2747646359848332
0.152	1.2604820179200635
0.153	1.2464149517058754
0.154	1.2325590382059965
0.155	1.2189099927039275
0.156	1.2054636412768187
0.157	1.192215917303813
0.158	1.17916285810637
0.159	1.166300601709794
0.16	1.1536253837264139
0.161	1.141133534350787
0.162	1.1288214754647716
0.163	1.1166857178485876
0.164	1.1047228584882067
0.165	1.0929295779819364
0.166	1.0813026380389763
0.167	1.0698388790653455
0.168	1.058535217834193
0.169	1.0473886452383112
0.17	1.0363962241205358
0.171	1.0255550871788364
0.17200000000000001	1.014862434943344
0.17300000000000001	1.004315533822718
0.17400000000000002	0.9939117142167215
0.17500000000000002	0.983648368691814
0.176	0.9735229502201138
0.177	0.9635329704754962
0.178	0.9536759981853278
0.179	0.9439496575411125
0.18	0.9343516266556938
0.181	0.9248796360753778
0.182	0.9155314673387234
0.183	0.9063049515815436
0.184	0.8971979681893448
0.185	0.8882084434893092
0.186	0.8793343494874426
0.187	0.8705737026426278
0.188	0.8619245626833004
0.189	0.8533850314582107
0.19	0.8449532518232601
0.191	0.836627406565666
0.192	0.8284057173581664
0.193	0.8202864437471761
0.194	0.8122678821731211
0.195	0.8043483650173471
0.196	0.7965262596814181
0.197	0.7887999676917264
0.198	0.7811679238333332
0.199	0.7736285953084812
0.2	0.7661804809188105
0.201	0.7588221102749304
0.202	0.7515520430275265
0.203	0.7443688681204437
0.20400000000000001	0.7372712030671381
0.20500000000000002	0.7302576932482066
0.20600000000000002	0.723327011227079
0.20700000000000002	0.7164778560882036
0.20800000000000002	0.7097089527932287
0.20900000000000002	0.7030190515541991
0.21	0.6964069272277216
0.211	0.6898713787230669
0.212	0.6834112284287776
0.213	0.6770253216554658
0.214	0.6707125260930082
0.215	0.6644717312842887
0.216	0.6583018481122973
0.217	0.6522018083021086
0.218	0.646170563936995
0.219	0.6402070869863754
0.22	0.6343103688480681
0.221	0.6284794199018482
0.222	0.622713269076704
0.223	0.617010963427323
0.224	0.6113715677233403
0.225	0.6057941640512117
0.226	0.6002778514222673
0.227	0.5948217453959873
0.228	0.5894249777100935
0.229	0.5840866959217766
0.23	0.578806063057538
0.231	0.5735822572719508
0.232	0.5684144715164915
0.233	0.5633019132162065
0.234	0.5582438039538702
0.23500000000000001	0.5532393791647293
0.23600000000000002	0.5482878878353878
0.23700000000000002	0.5433885922134487
0.23800000000000002	0.5385407675235717
0.23900000000000002	0.5337437016898567
0.24	0.5289966950665655
0.241	0.5242990601742967
0.242	0.5196501214438329
0.243	0.5150492149649316
0.244	0.5104956882434625
0.245	0.5059888999631702
0.246	0.5015282197517837
0.247	0.4971130279572612
0.248	0.4927427154242755
0.249	0.48841668327974774
0.25	0.48413434272239897
0.251	0.4798951148169945
0.252	0.4756984302941114
0.253	0.47154372935411715
0.254	0.46743046147709616
0.255	0.46335808523536015
0.256	0.45932606811239085
0.257	0.4553338863240634
0.258	0.4513810246458181
0.259	0.4474669762425901
0.26	0.4435912425042268
0.261	0.4397533328820287
0.262	0.43595276473229283
0.263	0.43218906316186767
0.264	0.42846176087682736
0.265	0.42477039803490063
0.266	0.4211145221020708
0.267	0.41749368771180645
0.268	0.41390745652786237
0.269	0.4103553971087056
0.27	0.4068370847769791
0.271	0.40335210149118367
0.272	0.3999000357196657
0.273	0.39648048231845767
0.274	0.39309304241051335
0.275	0.38973732326812127
0.276	0.3864129381992975
0.277	0.3831195064346452
0.278	0.37985665301749194
0.279	0.37662400869665275
0.28	0.3734212098212329
0.281	0.3702478982379076
0.28200000000000003	0.3671037211904565
0.28300000000000003	0.3639883312210085
0.28400000000000003	0.36090138607313815
0.28500000000000003	0.3578425485999854
0.28600000000000003	0.3548114866692503
0.28700000000000003	0.3518078730736829
0.28800000000000003	0.348831385443724
0.28900000000000003	0.3458817061593799
0.29	0.3429585222673931
0.291	0.3400615253973199
0.292	0.3371904116794259
0.293	0.33434488166626974
0.294	0.33152464025542255
0.295	0.3287293966120181
0.296	0.32595886409447666
0.297	0.32321276018216255
0.298	0.32049080640164695
0.299	0.3177927282592807
0.3	0.31511825517064485
0.301	0.31246712039376606
0.302	0.3098390609628438
0.303	0.3072338176241692
0.304	0.3046511347722955
0.305	0.3020907603876534
0.306	0.2995524459771181
0.307	0.29703594651288917
0.308	0.29454102037485524
0.309	0.2920674292925744
0.31	0.2896149382900091
0.311	0.28718331563012267
0.312	0.28477233276078784
0.313	0.28238176426269807
0.314	0.2800113877956622
0.315	0.2776609840494888
0.316	0.275330336693783
0.317	0.27301923232799713
0.318	0.2707274604348392
0.319	0.26845481333334603
0.32	0.26620108613036303
0.321	0.26396607667781513
0.322	0.26174958552777494
0.323	0.25955141588812086
0.324	0.2573713735807563
0.325	0.2552092669982314
0.326	0.2530649070646964
0.327	0.250938107194183
0.328	0.24882868325034213
0.329	0.24673645350986023
0.33	0.2446612386223566
0.331	0.24260286157329553
0.332	0.24056114764768613
0.333	0.2385359243939604
0.334	0.23652702158906805
0.335	0.23453427120222142
0.336	0.23255750736199893
0.337	0.23059656632268963
0.338	0.22865128643133986
0.339	0.22672150809517733
0.34	0.2248070737503228
0.341	0.22290782783095045
0.342	0.22102361673775675
0.343	0.2191542888087022
0.34400000000000003	0.21729969428978807
0.34500000000000003	0.21545968530492132
0.34600000000000003	0.21363411582828348
0.34700000000000003	0.21182284165699453
0.34800000000000003	0.2100257203824497
0.34900000000000003	0.20824261136407396
0.35000000000000003	0.2064733757030945
0.35100000000000003	0.20471787621599602
0.352	0.20297597740928539
0.353	0.20124754545337542
0.354	0.19953244815995758
0.355	0.19783055495613208
0.356	0.19614173686129688
0.357	0.19446586646293945
0.358	0.19280281789453663
0.359	0.19115246681319825
0.36	0.1895146903760563
0.361	0.18788936721929986
0.362	0.1862763774374965
0.363	0.18467560256108856
0.364	0.183086925535836
0.365	0.18151023070337416
0.366	0.1799454037805836
0.367	0.17839233184034808
0.368	0.17685090329034991
0.369	0.17532100785677263
0.37	0.1738025365638197
0.371	0.17229538171527434
0.372	0.1707994368772405
0.373	0.1693145968600304
0.374	0.16784075770045892
0.375	0.16637781664417292
0.376	0.16492567212992285
0.377	0.1634842237719338
0.378	0.1620533723433905
0.379	0.16063301976106678
0.38	0.15922306906894168
0.381	0.15782342442270605
0.382	0.156433991075266
0.383	0.15505467535910672
0.384	0.1536853846750699
0.385	0.1523260274746445
0.386	0.15097651324656763
0.387	0.14963675250420358
0.388	0.1483066567690705
0.389	0.14698613855866394
0.39	0.1456751113730456
0.391	0.14437348968035033
0.392	0.14308118890547114
0.393	0.14179812541579348
0.394	0.14052421650961355
0.395	0.13925938040246308
0.396	0.13800353621517136
0.397	0.1367566039632844
0.398	0.1355185045433705
0.399	0.13428915972211725
0.4	0.1330684921246277
0.401	0.13185642522325056
0.402	0.13065288332635824
0.403	0.12945779156725262
0.404	0.1282710758934839
0.405	0.12709266305622677
0.406	0.12592248059969563
0.40700000000000003	0.12476045685096646
0.40800000000000003	0.12360652090895655
0.40900000000000003	0.12246060263645418
0.41000000000000003	0.12132263264811963
0.41100000000000003	0.12019254230182906
0.41200000000000003	0.11907026368885405
0.41300000000000003	0.11795572962417064
0.41400000000000003	0.11684887363762517
0.41500000000000004	0.11574962996561275
0.41600000000000004	0.11465793353935279
0.41700000000000004	0.11357371997934271
0.418	0.11249692558435914
0.419	0.11142748732374633
0.42	0.11036534282886248
0.421	0.10931043038373474
0.422	0.10826268891958597
0.423	0.10722205800281737
0.424	0.10618847783062252
0.425	0.10516188922047223
0.426	0.10414223360379148
0.427	0.10312945301828906
0.428	0.10212349010010355
0.429	0.10112428807626765
0.43	0.10013179075707657
0.431	0.09914594252943279
0.432	0.0981666883506515
0.433	0.0971939737391552
0.434	0.09622774476928521
0.435	0.0952679480645949
0.436	0.09431453078996671
0.437	0.09336744064607996
0.438	0.09242662586154812
0.439	0.09149203518909128
0.44	0.09056361789668349
0.441	0.08964132376170486
0.442	0.08872510306591712
0.443	0.08781490658838363
0.444	0.08691068560035599
0.445	0.08601239185874658
0.446	0.08511997759984902
0.447	0.08423339553492516
0.448	0.08335259884325634
0.449	0.0824775411673857
0.45	0.0816081766080008
0.451	0.08074445971714289
0.452	0.07988634549404013
0.453	0.07903378937921929
0.454	0.07818674724932038
0.455	0.07734517541327694
0.456	0.07650903060434734
0.457	0.07567826997846504
0.458	0.07485285110723439
0.459	0.07403273197363099
0.46	0.07321787096756284
0.461	0.07240822688027464
0.462	0.0716037589006079
0.463	0.07080442661008522
0.464	0.07001018997809
0.465	0.06922100935811205
0.466	0.06843684548251062
0.467	0.06765765945869805
0.468	0.06688341276471335
0.46900000000000003	0.06611406724431962
0.47000000000000003	0.06534958510434946
0.47100000000000003	0.06458992890993734
0.47200000000000003	0.06383506157911713
0.47300000000000003	0.06308494638068568
0.47400000000000003	0.06233954692931223
0.47500000000000003	0.0615988271817113
0.47600000000000003	0.0608627514332021
0.47700000000000004	0.06013128431283649
0.47800000000000004	0.05940439078164895
0.47900000000000004	0.05868203612645401
0.48	0.05796418595778777
0.481	0.05725080620624214
0.482	0.05654186311901451
0.483	0.05583732325499157
0.484	0.05513715348250857
0.485	0.0544413209763943
0.486	0.05374979321324077
0.487	0.05306253796843186
0.488	0.05237952331408844
0.489	0.05170071761393435
0.49	0.05102608952160511
0.491	0.05035560797700827
0.492	0.04968924220287456
0.493	0.04902696170159977
0.494	0.04836873625204203
0.495	0.047714535908730205
0.496	0.04706433099526833
0.497	0.04641809210380938
0.498	0.04577579009238344
0.499	0.04513739607968606
0.5	0.04450288144590107
0.5009999999999999	0.04387221782576023
0.502	0.04324537710944837
0.5029999999999999	0.04262233143732937
0.504	0.042003053198029563
0.5049999999999999	0.04138751502681313
0.506	0.04077568980228496
0.5069999999999999	0.04016755064255641
0.508	0.039563070904938685
0.5089999999999999	0.03896222418147807
0.51	0.038364984297456245
0.5109999999999999	0.037771325308997246
0.512	0.03718122150026487
0.5129999999999999	0.03659464738128923
0.514	0.03601157768508596
0.5149999999999999	0.03543198736562479
0.516	0.034855851596718154
0.5169999999999999	0.034283145767965977
0.518	0.0337138454829079
0.5189999999999999	0.03314792655687993
0.52	0.0325853650153391
0.5209999999999999	0.032026137091749854
0.522	0.03147021922437073
0.5229999999999999	0.0309175880552954
0.524	0.030368220427939
0.5249999999999999	0.02982209338341485
0.526	0.02927918416205189
0.5269999999999999	0.028739470197904977
0.528	0.02820292911833566
0.5289999999999999	0.027669538742382493
0.53	0.027139277077680633
0.5309999999999999	0.026612122319251703
0.532	0.02608805284775395
0.5329999999999999	0.025567047226625093
0.534	0.025049084201523773
0.5349999999999999	0.024534142697086328
0.536	0.024022201817409012
0.5369999999999999	0.023513240841262707
0.538	0.023007239222235965
0.5389999999999999	0.022504176587067055
0.54	0.022004032732811773
0.5409999999999999	0.02150678762528053
0.542	0.02101242139882599
0.5429999999999999	0.020520914353378255
0.544	0.020032246952161804
0.5449999999999999	0.019546399821718866
0.546	0.019063353750091737
0.5469999999999999	0.018583089682862947
0.548	0.01810558872484392
0.5489999999999999	0.017630832137072082
0.55	0.01715880133445441
0.5509999999999999	0.01668947788475305
0.552	0.016222843508573483
0.5529999999999999	0.01575888007599463
0.554	0.015297569605953552
0.5549999999999999	0.014838894264204344
0.556	0.014382836362104167
0.5569999999999999	0.013929378355987974
0.558	0.0134785028456363
0.5589999999999999	0.013030192570660612
0.56	0.012584430412496246
0.5609999999999999	0.012141199390182053
0.562	0.01170048266131154
0.563	0.011262263519047994
0.5640000000000001	0.010826525391501406
0.565	0.01039325184007914
0.5660000000000001	0.009962426558997727
0.567	0.009534033373155679
0.5680000000000001	0.009108056237494696
0.569	0.008684479234232071
0.5700000000000001	0.008263286574542585
0.571	0.007844462594514845
0.5720000000000001	0.007427991755636266
0.573	0.007013858642994524
0.5740000000000001	0.006602047963819903
0.575	0.006192544547223305
0.5760000000000001	0.005785333342461639
0.577	0.005380399417948178
0.5779999999999998	0.004977727958750188
0.579	0.004577304268229609
0.5799999999999998	0.004179113764892094
0.581	0.0037831419824947503
0.5819999999999999	0.0033893745673649746
0.583	0.002997797279205302
0.5839999999999999	0.002608395988219597
0.585	0.0022211566762944538
0.5859999999999999	0.0018360654336869082
0.587	0.001453108458974613
0.5879999999999999	0.001084342041997064
0.589	0.000778315781732131
0.5899999999999999	0.0005437506068209457
0.591	0.0003723880359566673
0.5919999999999999	0.0002511640824118513
0.593	0.00016736643914811448
0.5939999999999999	0.00011043822039562814
0.595	0.00007228449814976531
0.5959999999999999	0.000046989977858083433
0.597	0.000030369362770025906
0.5979999999999999	0.000019529131516264563
0.599	0.000012503361967079183
0.5999999999999999	7.974372950030119e-6
0.601	5.068533447005416e-6
0.6019999999999999	3.2117639962570933e-6
0.603	2.0296238636545857e-6
0.6039999999999999	1.2794212049106759e-6
0.605	8.047055044257534e-7
0.6059999999999999	5.050938123573245e-7
0.607	3.164419284472142e-7
0.6079999999999999	1.979105612705303e-7
0.609	1.2358200211941143e-7
0.6099999999999999	7.70556608469103e-8
0.611	4.7980312470385464e-8
0.6119999999999999	2.9838163592849267e-8
0.613	1.8533981185611818e-8
0.6139999999999999	1.1499697814532682e-8
0.615	7.1278002426325895e-9
0.6159999999999999	4.413707046014572e-9
0.617	2.730583336656907e-9
0.6179999999999999	1.6878513616263659e-9
0.619	1.0424632370958314e-9
0.6199999999999999	6.433603976788986e-10
0.621	3.967643383098685e-10
0.6219999999999999	2.445186533803092e-10
0.623	1.5059394543212103e-10
0.6239999999999999	9.269005847400989e-11
0.625	5.7016676552022505e-11
0.6259999999999999	3.50530487018656e-11
0.627	2.1538530769606017e-11
0.6279999999999999	1.322766561798943e-11
0.629	8.119643791941606e-12
0.6299999999999999	4.981802858234544e-12
0.631	3.055205759866773e-12
0.6319999999999999	1.872866407771843e-12
0.633	1.147606782131694e-12
0.6339999999999999	7.029209091472293e-13
0.635	4.303814700568941e-13
0.6359999999999999	2.634151452991307e-13
0.637	1.6116621903174375e-13
0.6379999999999999	9.85732051198513e-14
0.639	6.026990156091266e-14
0.6399999999999999	3.683863632020272e-14
0.641	2.2509911136199347e-14
0.6419999999999999	1.3750395548525383e-14
0.643	8.397111916847111e-15
0.6439999999999999	5.12652120246678e-15
0.645	3.128955508443982e-15
0.6459999999999999	1.909249324132512e-15
0.647	1.164707191358908e-15
0.6479999999999999	7.103075538314006e-16
0.649	4.3307066563042325e-16
0.6499999999999999	2.6400036752372044e-16
0.651	1.609112206259009e-16
0.6519999999999999	9.801994490403511e-17
0.653	5.969965554427002e-17
0.6539999999999999	3.631670010944182e-17
0.655	2.211217678823782e-17
0.6559999999999999	1.3431985513939094e-17
0.657	8.149551052491e-18
0.6579999999999999	4.898373735897335e-18
0.659	2.9206651680627e-18
0.6599999999999999	1.7341424499858318e-18
0.661	1.0116940709321996e-18
0.6619999999999999	5.485877700552163e-19
0.663	3.079350426299627e-19
0.6639999999999999	1.5372862489117341e-19
0.665	6.776318413935201e-20
0.6659999999999999	0.
0.667	0.
0.6679999999999999	0.
0.669	0.
0.6699999999999999	0.
0.671	0.
0.6719999999999999	0.
0.673	0.
0.6739999999999999	0.
0.675	0.
0.6759999999999999	0.
0.677	0.
0.6779999999999999	0.
0.679	0.
0.6799999999999999	0.
0.681	0.
0.6819999999999999	0.
0.683	0.
0.6839999999999999	0.
0.685	0.
0.6859999999999999	0.
0.687	0.
0.688	0.
0.6890000000000001	0.
0.69	0.
0.6910000000000001	0.
0.692	0.
0.6930000000000001	0.
0.694	0.
0.6950000000000001	0.
0.696	0.
0.6970000000000001	0.
0.698	0.
0.6990000000000001	0.
0.7	0.
0.7010000000000001	0.
0.702	0.
0.7030000000000001	0.
0.704	0.
0.7049999999999998	0.
0.706	0.
0.7069999999999999	0.
0.708	0.
0.7089999999999999	0.
0.71	0.
0.7109999999999999	0.
0.712	0.
0.7129999999999999	0.
0.714	0.
0.7149999999999999	0.
0.716	0.
0.7169999999999999	0.
0.718	0.
0.7189999999999999	0.
0.72	0.
0.7209999999999999	0.
0.722	0.
0.7229999999999999	0.
0.724	0.
0.7249999999999999	0.
0.726	0.
0.7269999999999999	0.
0.728	0.
0.7289999999999999	0.
0.73	0.
0.7309999999999999	0.
0.732	0.
0.7329999999999999	0.
0.734	0.
0.7349999999999999	0.
0.736	0.
0.7369999999999999	0.
0.738	0.
0.7389999999999999	0.
0.74	0.
0.7409999999999999	0.
0.742	0.
0.7429999999999999	0.
0.744	0.
0.7449999999999999	0.
0.746	0.
0.7469999999999999	0.
0.748	0.
0.7489999999999999	0.
0.75	0.
0.7509999999999999	0.
0.752	0.
0.7529999999999999	0.
0.754	0.
0.7549999999999999	0.
0.756	0.
0.7569999999999999	0.
0.758	0.
0.7589999999999999	0.
0.76	0.
0.7609999999999999	0.
0.762	0.
0.7629999999999999	0.
0.764	0.
0.7649999999999999	0.
0.766	0.
0.7669999999999999	0.
0.768	0.
0.7689999999999999	0.
0.77	0.
0.7709999999999999	0.
0.772	0.
0.7729999999999999	0.
0.774	0.
0.7749999999999999	0.
0.776	0.
0.7769999999999999	0.
0.778	0.
0.7789999999999999	0.
0.78	0.
0.7809999999999999	0.
0.782	0.
0.7829999999999999	0.
0.784	0.
0.7849999999999999	0.
0.786	0.
0.7869999999999999	0.
0.788	0.
0.7889999999999999	0.
0.79	0.
0.7909999999999999	0.
0.792	0.
0.7929999999999999	0.
0.794	0.
0.7949999999999999	0.
0.796	0.
0.7969999999999999	0.
0.798	0.
0.7989999999999999	0.
0.8	0.
0.8009999999999999	0.
0.802	0.
0.8029999999999999	0.
0.804	0.
0.8049999999999999	0.
0.806	0.
0.8069999999999999	0.
0.808	0.
0.8089999999999999	0.
0.81	0.
0.8109999999999999	0.
0.812	0.
0.813	0.
0.8140000000000001	0.
0.815	0.
0.8160000000000001	0.
0.817	0.
0.8180000000000001	0.
0.819	0.
0.8200000000000001	0.
0.821	0.
0.8220000000000001	0.
0.823	0.
0.8240000000000001	0.
0.825	0.
0.8260000000000001	0.
0.827	0.
0.8280000000000001	0.
0.829	0.
0.8300000000000001	0.
0.831	0.
0.8320000000000001	0.
0.833	0.
0.8339999999999999	0.
0.835	0.
0.8359999999999999	0.
0.837	0.
0.8379999999999999	0.
0.839	0.
0.8399999999999999	0.
0.841	0.
0.8419999999999999	0.
0.843	0.
0.8439999999999999	0.
0.845	0.
0.8459999999999999	0.
0.847	0.
0.8479999999999999	0.
0.849	0.
0.8499999999999999	0.
0.851	0.
0.8519999999999999	0.
0.853	0.
0.8539999999999999	0.
0.855	0.
0.8559999999999999	0.
0.857	0.
0.8579999999999999	0.
0.859	0.
0.8599999999999999	0.
0.861	0.
0.8619999999999999	0.
0.863	0.
0.8639999999999999	0.
0.865	0.
0.8659999999999999	0.
0.867	0.
0.8679999999999999	0.
0.869	0.
0.8699999999999999	0.
0.871	0.
0.8719999999999999	0.
0.873	0.
0.8739999999999999	0.
0.875	0.
0.8759999999999999	0.
0.877	0.
0.8779999999999999	0.
0.879	0.
0.8799999999999999	0.
0.881	0.
0.8819999999999999	0.
0.883	0.
0.8839999999999999	0.
0.885	0.
0.8859999999999999	0.
0.887	0.
0.8879999999999999	0.
0.889	0.
0.8899999999999999	0.
0.891	0.
0.8919999999999999	0.
0.893	0.
0.8939999999999999	0.
0.895	0.
0.8959999999999999	0.
0.897	0.
0.8979999999999999	0.
0.899	0.
0.8999999999999999	0.
0.901	0.
0.9019999999999999	0.
0.903	0.
0.9039999999999999	0.
0.905	0.
0.9059999999999999	0.
0.907	0.
0.9079999999999999	0.
0.909	0.
0.9099999999999999	0.
0.911	0.
0.9119999999999999	0.
0.913	0.
0.9139999999999999	0.
0.915	0.
0.9159999999999999	0.
0.917	0.
0.9179999999999999	0.
0.919	0.
0.9199999999999999	0.
0.921	0.
0.9219999999999999	0.
0.923	0.
0.9239999999999999	0.
0.925	0.
0.9259999999999999	0.
0.927	0.
0.9279999999999999	0.
0.929	0.
0.9299999999999999	0.
0.931	0.
0.9319999999999999	0.
0.933	0.
0.9339999999999999	0.
0.935	0.
0.9359999999999999	0.
0.937	0.
0.938	0.
0.9390000000000001	0.
0.94	0.
0.9410000000000001	0.
0.942	0.
0.9430000000000001	0.
0.944	0.
0.9450000000000001	0.
0.946	0.
0.9470000000000001	0.
0.948	0.
0.9490000000000001	0.
0.95	0.
0.9510000000000001	0.
0.952	0.
0.9530000000000001	0.
0.954	0.
0.9550000000000001	0.
0.956	0.
0.9570000000000001	0.
0.958	0.
0.9590000000000001	0.
0.96	0.
0.9609999999999999	0.
0.962	0.
0.9629999999999999	0.
0.964	0.
0.9649999999999999	0.
0.966	0.
0.9669999999999999	0.
0.968	0.
0.9689999999999999	0.
0.97	0.
0.9709999999999999	0.
0.972	0.
0.9729999999999999	0.
0.974	0.
0.9749999999999999	0.
0.976	0.
0.9769999999999999	0.
0.978	0.
0.9789999999999999	0.
0.98	0.
0.9809999999999999	0.
0.982	0.
0.9829999999999999	0.
0.984	0.
0.9849999999999999	0.
0.986	0.
0.9869999999999999	0.
0.988	0.
0.9889999999999999	0.
0.99	0.
0.9909999999999999	0.
0.992	0.
0.9929999999999999	0.
0.994	0.
0.9949999999999999	0.
0.996	0.
0.9969999999999999	0.
0.998	0.
0.9989999999999999	0.
1.	0.