0	0.
0.001	0.
0.002	0.0013183450353268728
0.003	0.3323403045345755
0.004	1.8806867949281507
0.005	4.51926174365042
0.006	7.510282934574562
0.007	10.256865791005586
0.008	12.480149474167531
0.009000000000000001	14.130019248136286
0.010000000000000002	15.268469687356028
0.011	15.993506164234297
0.012	16.401865122088335
0.013000000000000001	16.575180432082796
0.014000000000000002	16.57748517258438
0.015	16.457167808852816
0.016	16.250110570546806
0.017	15.982690182600779
0.018000000000000002	15.674234118094631
0.019000000000000003	15.338898275201181
0.02	14.987056022822788
0.021	14.62631056960938
0.022	14.262229119300143
0.023	13.898875608518608
0.024	13.539198757561856
0.025	13.185316275418975
0.026000000000000002	12.838724298851226
0.027000000000000003	12.500452714249484
0.028	12.171181054267668
0.029	11.851325473069597
0.03	11.54110435707042
0.031	11.240588046137702
0.032	10.949736660760037
0.033	10.668428972147959
0.034	10.396484489309826
0.035	10.133680383229006
0.036000000000000004	9.879764463181079
0.037000000000000005	9.63446512185057
0.038	9.397498944687593
0.039	9.168576513838671
0.04	8.947406813025735
0.041	8.733700546129684
0.042	8.527172611161557
0.043000000000000003	8.32754391706711
0.044	8.134542689211267
0.045	7.947905377362196
0.046	7.7673772552211835
0.047	7.592712781304441
0.048	7.423675775997708
0.049	7.260039457894526
0.05	7.10158637332967
0.051000000000000004	6.9481082458187355
0.052000000000000005	6.799405766395324
0.053000000000000005	6.655288341372367
0.054	6.515573810472327
0.055	6.3800881454669085
0.056	6.24866513723263
0.057	6.1211460773394135
0.058	5.99737943889616
0.059000000000000004	5.877220560251599
0.06	5.760531334247494
0.061	5.647179905039527
0.062	5.537040373924857
0.063	5.4299925151805
0.064	5.325921502567843
0.065	5.22471764689604
0.066	5.126276144805938
0.067	5.030496838796546
0.068	4.937283988370205
0.069	4.846546052088956
0.07	4.758195480266273
0.07100000000000001	4.672148517955466
0.07200000000000001	4.588325017879625
0.07300000000000001	4.50664826290702
0.074	4.427044797675311
0.075	4.349444268954517
0.076	4.273779274346214
0.077	4.19998521891492
0.078	4.128000179355649
0.079	4.057764775319558
0.08	3.9892220475225284
0.081	3.922317342279923
0.082	3.8569982021283784
0.083	3.793214262202295
0.084	3.7309171520509823
0.085	3.670060402606529
0.08600000000000001	3.6105993580096274
0.08700000000000001	3.5524910920321204
0.088	3.4956943288349045
0.089	3.440169367830213
0.09	3.385878012407987
0.091	3.3327835023224615
0.092	3.2808504495295674
0.093	3.2300447772858503
0.094	3.1803336623269085
0.095	3.131685479956232
0.096	3.0840697518835234
0.097	3.037457096656697
0.098	2.9918191825566907
0.099	2.9471286828070524
0.1	2.903359232979959
0.101	2.8604853904758354
0.10200000000000001	2.8184825959698623
0.10300000000000001	2.777327136707594
0.10400000000000001	2.736996111567978
0.10500000000000001	2.697467397781536
0.106	2.658719619227347
0.107	2.620732116221116
0.108	2.583484916717333
0.109	2.5469587088454535
0.11	2.51113481472157
0.111	2.475995165460059
0.112	2.4415222773252916
0.113	2.4076992289678154
0.114	2.3745096396872287
0.115	2.341937648666927
0.116	2.309967895140752
0.117	2.2785854994304398
0.11800000000000001	2.2477760448258755
0.11900000000000001	2.2175255602518815
0.12	2.187820503694772
0.121	2.1586477463431546
0.122	2.1299945574101766
0.123	2.101848589605201
0.124	2.0741978652236415
0.125	2.047030762824307
0.126	2.0203360044622483
0.127	1.9941026434606346
0.128	1.9683200526864149
0.129	1.9429779133083427
0.13	1.9180662040194334
0.131	1.893575190698181
0.132	1.8694954164848585
0.133	1.8458176922641858
0.134	1.822533087521814
0.135	1.799632921572746
0.136	1.7771087551321973
0.137	1.7549523822197253
0.138	1.733155822379911
0.139	1.71171131320741
0.14	1.6906113031592624
0.14100000000000001	1.6698484446464363
0.14200000000000002	1.649415587387145
0.14300000000000002	1.6293057720166826
0.14400000000000002	1.6095122239324655
0.14500000000000002	1.5900283473824555
0.146	1.5708477197620756
0.147	1.5519640861308703
0.148	1.533371353931739
0.149	1.51506358790306
0.15	1.4970350051780865
0.151	1.4792799705617066
0.152	1.4617929919796708
0.153	1.4445687160931706
0.154	1.4276019240657323
0.155	1.4108875274872281
0.156	1.3944205644386447
0.157	1.3781961956962838
0.158	1.362209701070115
0.159	1.3464564758701945
0.16	1.3309320274940892
0.161	1.3156319721345275
0.162	1.300552031598214
0.163	1.2856880302360607
0.164	1.2710358919731184
0.165	1.256591637447445
0.166	1.2423513812344356
0.167	1.2283113291749814
0.168	1.2144677757845566
0.169	1.200817101753642
0.17	1.1873557715279153
0.171	1.1740803309680743
0.17200000000000001	1.1609874050884215
0.17300000000000001	1.1480736958650744
0.17400000000000002	1.1353359801207181
0.17500000000000002	1.1227711074727327
0.176	1.1103759983483572
0.177	1.0981476420647536
0.178	1.0860830949688127
0.179	1.0741794786358152
0.18	1.062433978124238
0.181	1.0508438402885372
0.182	1.0394063721390274
0.183	1.0281189392571082
0.184	1.0169789642566078
0.185	1.0059839252979061
0.186	0.9951313546371957
0.187	0.9844188372297016
0.188	0.9738440093738939
0.189	0.963404557389469
0.19	0.9530982163420081
0.191	0.9429227688061937
0.192	0.9328760436609216
0.193	0.9229559149227372
0.194	0.9131603006136755
0.195	0.9034871616642739
0.196	0.8939345008460335
0.197	0.8845003617327729
0.198	0.8751828276978222
0.199	0.8659800209386308
0.2	0.8568901015257846
0.201	0.8479112664812769
0.202	0.8390417488856219
0.203	0.8302798170056093
0.20400000000000001	0.8216237734522918
0.20500000000000002	0.813071954357546
0.20600000000000002	0.8046227285747395
0.20700000000000002	0.796274496904652
0.20800000000000002	0.7880256913405478
0.20900000000000002	0.7798747743339942
0.21	0.7718202380827993
0.211	0.7638606038342118
0.212	0.7559944212146033
0.213	0.7482202675668485
0.214	0.7405367473183045
0.215	0.732942491353811
0.216	0.7254361564166576
0.217	0.7180164245124265
0.218	0.7106820023421708
0.219	0.703431620744908
0.22	0.6962640341502149
0.221	0.6891780200530971
0.222	0.6821723784974233
0.223	0.6752459315781087
0.224	0.6683975229473065
0.225	0.6616260173444726
0.226	0.6549303001302661
0.227	0.6483092768345519
0.228	0.6417618727169516
0.229	0.6352870323414113
0.23	0.6288837191553439
0.231	0.6225509150825593
0.232	0.616287620128303
0.233	0.6100928519916499
0.234	0.6039656456869247
0.23500000000000001	0.5979050531790905
0.23600000000000002	0.5919101430238463
0.23700000000000002	0.5859800000164634
0.23800000000000002	0.5801137248520102
0.23900000000000002	0.5743104337932977
0.24	0.5685692583450167
0.241	0.5628893449401405
0.242	0.5572698546255471
0.243	0.5517099627679001
0.244	0.5462088587525918
0.245	0.5407657457010575
0.246	0.5353798401884653
0.247	0.530050371972552
0.248	0.5247765837253914
0.249	0.5195577307714669
0.25	0.5143930808337859
0.251	0.5092819137885579
0.252	0.5042235214185926
0.253	0.4992172071783151
0.254	0.4942622859611436
0.255	0.4893580838754815
0.256	0.4845039380206699
0.257	0.4796991962753831
0.258	0.47494321708289483
0.259	0.470235369247414
0.26	0.46557503173312237
0.261	0.460961593465254
0.262	0.4563944531393555
0.263	0.4518730190335967
0.264	0.4473967088269804
0.265	0.4429649494135946
0.266	0.43857717673471674
0.267	0.4342328356009831
0.268	0.42993137953056365
0.269	0.425672270578389
0.27	0.4214549791806479
0.271	0.4172789839966786
0.272	0.4131437717554156
0.273	0.40904883710331724
0.274	0.4049936824603687
0.275	0.400977817876075
0.276	0.3970007608863007
0.277	0.3930620363772172
0.278	0.389161176453215
0.279	0.3852977203027473
0.28	0.38147121406565615
0.281	0.3776812107164015
0.28200000000000003	0.3739272699325523
0.28300000000000003	0.3702089579766082
0.28400000000000003	0.3665258475779435
0.28500000000000003	0.36287751781657274
0.28600000000000003	0.35926355400986715
0.28700000000000003	0.3556835476035775
0.28800000000000003	0.35213709605916377
0.28900000000000003	0.34862380274848237
0.29	0.345143276853281
0.291	0.341695133257789
0.292	0.33827899245260623
0.293	0.3348944804350539
0.294	0.3315412286109714
0.295	0.32821887370935654
0.296	0.32492705767725605
0.297	0.32166542760004146
0.298	0.3184336356098916
0.299	0.3152313387978679
0.3	0.31205819912931215
0.301	0.30891388336215175
0.302	0.30579806296310325
0.303	0.30271041403223503
0.304	0.2996506172186588
0.305	0.2966183576477867
0.306	0.29361332484566977
0.307	0.29063521266265774
0.308	0.28768371920525787
0.309	0.2847585467621099
0.31	0.2818594017352223
0.311	0.27898599457149015
0.312	0.27613803969721373
0.313	0.27331525545080826
0.314	0.2705173640209498
0.315	0.2677440913783106
0.316	0.264995167220853
0.317	0.2622703249080968
0.318	0.2595693014029872
0.319	0.2568918372141936
0.32	0.25423767633741257
0.321	0.25160656620019567
0.322	0.24899825760841698
0.323	0.24641250468574033
0.324	0.24384906483078037
0.325	0.24130769865630877
0.326	0.23878816994072657
0.327	0.23629024557978534
0.328	0.23381369553480438
0.329	0.23135829278662617
0.33	0.22892381328626446
0.331	0.22651003590906146
0.332	0.22411674240833093
0.333	0.22174371737193035
0.334	0.21939074817810506
0.335	0.21705762494931216
0.336	0.2147441405133417
0.337	0.21245009035936926
0.338	0.21017527259891364
0.339	0.20791948792246137
0.34	0.20568253956418286
0.341	0.20346423325987356
0.342	0.20126437720929644
0.343	0.19908278204008006
0.34400000000000003	0.19691926076953542
0.34500000000000003	0.19477362877084653
0.34600000000000003	0.19264570373344064
0.34700000000000003	0.19053530563228566
0.34800000000000003	0.1884422566915187
0.34900000000000003	0.1863663813517465
0.35000000000000003	0.1843075062357287
0.35100000000000003	0.18226546011730205
0.352	0.18024007388863766
0.353	0.17823118052791778
0.354	0.17623861507334798
0.355	0.1742622145842376
0.356	0.1723018181206211
0.357	0.1703572667066816
0.358	0.1684284033059184
0.359	0.16651507279209768
0.36	0.1646171219210183
0.361	0.1627343993033566
0.362	0.16086675537775372
0.363	0.1590140423850232
0.364	0.15717611434122777
0.365	0.15535282701243344
0.366	0.15354403789116255
0.367	0.15174960616922412
0.368	0.14996939271463908
0.369	0.14820326004860437
0.37	0.14645107232047913
0.371	0.1447126952862712
0.372	0.14298799628307185
0.373	0.14127684421253445
0.374	0.1395791095115757
0.375	0.1378946641366468
0.376	0.1362233815397736
0.377	0.13456513664760228
0.378	0.13291980584245935
0.379	0.1312872669399498
0.38	0.1296673991713259
0.381	0.12806008316249218
0.382	0.1264652009144411
0.383	0.12488263578548241
0.384	0.12331227247399887
0.385	0.12175399699541825
0.386	0.12020769666749088
0.387	0.11867326009404736
0.388	0.11715057714308075
0.389	0.11563953893339785
0.39	0.1141400378161243
0.391	0.11265196735830509
0.392	0.11117522232589408
0.393	0.10970969866862924
0.394	0.10825529350373886
0.395	0.106811905100493
0.396	0.10537943286389721
0.397	0.1039577773195416
0.398	0.10254684010207911
0.399	0.10114652393553823
0.4	0.09975673262117711
0.401	0.09837737102548429
0.402	0.0970083450614194
0.403	0.09564956167739576
0.404	0.0943009288449736
0.405	0.09296235554332802
0.406	0.09163375174717808
0.40700000000000003	0.09031502841014093
0.40800000000000003	0.08900609745952504
0.40900000000000003	0.08770687177727984
0.41000000000000003	0.08641726518987297
0.41100000000000003	0.08513719245682481
0.41200000000000003	0.08386656925541718
0.41300000000000003	0.08260531217323698
0.41400000000000003	0.08135333869439279
0.41500000000000004	0.0801105671879885
0.41600000000000004	0.07887691689493471
0.41700000000000004	0.07765230792325281
0.418	0.07643666122802978
0.419	0.07522989860858793
0.42	0.07403194269247045
0.421	0.0728427169264655
0.422	0.07166214556909319
0.423	0.07049015367653425
0.424	0.06932666709405093
0.425	0.06817161244785536
0.426	0.06702491713026629
0.427	0.06588650929638541
0.428	0.0647563178511046
0.429	0.06363427243888674
0.43	0.06252030343838658
0.431	0.06141434195028446
0.432	0.060316319787444186
0.433	0.05922616946925722
0.434	0.058143824212674354
0.435	0.057069217921110596
0.436	0.05600228517658385
0.437	0.054942961233428345
0.438	0.053891182008379244
0.439	0.05284688407401969
0.44	0.05181000464748802
0.441	0.050780481587894694
0.442	0.04975825338376837
0.443	0.04874325914746042
0.444	0.04773543860736981
0.445	0.046734732101607133
0.446	0.045741080569071176
0.447	0.04475442554213207
0.448	0.043774709140348346
0.449	0.042801874064954774
0.45	0.041835863589390426
0.451	0.040876621551954956
0.452	0.03992409235313933
0.453	0.03897822094474129
0.454	0.0380389528255656
0.455	0.03710623403386025
0.456	0.036180011142636644
0.457	0.03526023125129476
0.458	0.034346841980660216
0.459	0.03343979146713589
0.46	0.032539028354706984
0.461	0.03164450179206452
0.462	0.0307561614248911
0.463	0.029873957389848757
0.464	0.0289978403094487
0.465	0.028127761286537538
0.466	0.027263671899632913
0.467	0.02640552419398328
0.468	0.025553270680575942
0.46900000000000003	0.024706864328311578
0.47000000000000003	0.023866258558200754
0.47100000000000003	0.023031407241288843
0.47200000000000003	0.022202264690521216
0.47300000000000003	0.02137878565539705
0.47400000000000003	0.020560925320619768
0.47500000000000003	0.019748639296749377
0.47600000000000003	0.018941883618050655
0.47700000000000004	0.018140614738261993
0.47800000000000004	0.01734478952270406
0.47900000000000004	0.01655436524769315
0.48	0.01576929959269183
0.481	0.01498955063476739
0.482	0.014215076851279072
0.483	0.0134458371060987
0.484	0.012681790651586393
0.485	0.011922897121264877
0.486	0.01116911652838055
0.487	0.010420409257693846
0.488	0.009676736064696063
0.489	0.008938058070040134
0.49	0.008204336757607561
0.491	0.007475533965046312
0.492	0.006751611886010974
0.493	0.00603253306479049
0.494	0.005318260389404316
0.495	0.0046087570909485185
0.496	0.0039039867383216667
0.497	0.00320391323607985
0.498	0.002508500818061558
0.499	0.0018177140460852081
0.5	0.001131517807919614
0.5009999999999999	0.0005847589331854424
0.502	0.0002748626541458955
0.5029999999999999	0.00012229046871699786
0.504	0.000052489973869362443
0.5049999999999999	0.000021966757904977594
0.506	9.021627251823126e-6
0.5069999999999999	3.6516709842288318e-6
0.508	1.4610831244667834e-6
0.5089999999999999	5.791153366976417e-7
0.51	2.277486022205564e-7
0.5109999999999999	8.897702972399983e-8
0.512	3.456584490086736e-8
0.5129999999999999	1.3362719819462941e-8
0.514	5.143862845793978e-9
0.5149999999999999	1.9726554021368254e-9
0.516	7.539868011473826e-10
0.5169999999999999	2.8733003573558823e-10
0.518	1.0920281442699993e-10
0.5189999999999999	4.1403214430698606e-11
0.52	1.5663118055450693e-11
0.5209999999999999	5.913575287845817e-12
0.522	2.2285533986011663e-12
0.5229999999999999	8.384194935081543e-13
0.524	3.149357343408709e-13
0.5249999999999999	1.181286916918686e-13
0.526	4.424935490811175e-14
0.5269999999999999	1.655451266308955e-14
0.528	6.186151462868544e-15
0.5289999999999999	2.3091737405405943e-15
0.53	8.611104066482778e-16
0.5309999999999999	3.2083890119832705e-16
0.532	1.1951807548064353e-16
0.5329999999999999	4.455060593098491e-17
0.534	1.6618906280212577e-17
0.5349999999999999	6.2588285856418646e-18
0.536	2.4031834038011883e-18
0.5369999999999999	9.108774612409019e-19
0.538	3.3057123813782887e-19
0.5389999999999999	8.195000883799303e-20
0.54	0.
0.5409999999999999	0.
0.542	0.
0.5429999999999999	0.
0.544	0.
0.5449999999999999	0.
0.546	0.
0.5469999999999999	0.
0.548	0.
0.5489999999999999	0.
0.55	0.
0.5509999999999999	0.
0.552	0.
0.5529999999999999	0.
0.554	0.
0.5549999999999999	0.
0.556	0.
0.5569999999999999	0.
0.558	0.
0.5589999999999999	0.
0.56	0.
0.5609999999999999	0.
0.562	0.
0.563	0.
0.5640000000000001	0.
0.565	0.
0.5660000000000001	0.
0.567	0.
0.5680000000000001	0.
0.569	0.
0.5700000000000001	0.
0.571	0.
0.5720000000000001	0.
0.573	0.
0.5740000000000001	0.
0.575	0.
0.5760000000000001	0.
0.577	0.
0.5779999999999998	0.
0.579	0.
0.5799999999999998	0.
0.581	0.
0.5819999999999999	0.
0.583	0.
0.5839999999999999	0.
0.585	0.
0.5859999999999999	0.
0.587	0.
0.5879999999999999	0.
0.589	0.
0.5899999999999999	0.
0.591	0.
0.5919999999999999	0.
0.593	0.
0.5939999999999999	0.
0.595	0.
0.5959999999999999	0.
0.597	0.
0.5979999999999999	0.
0.599	0.
0.5999999999999999	0.
0.601	0.
0.6019999999999999	0.
0.603	0.
0.6039999999999999	0.
0.605	0.
0.6059999999999999	0.
0.607	0.
0.6079999999999999	0.
0.609	0.
0.6099999999999999	0.
0.611	0.
0.6119999999999999	0.
0.613	0.
0.6139999999999999	0.
0.615	0.
0.6159999999999999	0.
0.617	0.
0.6179999999999999	0.
0.619	0.
0.6199999999999999	0.
0.621	0.
0.6219999999999999	0.
0.623	0.
0.6239999999999999	0.
0.625	0.
0.6259999999999999	0.
0.627	0.
0.6279999999999999	0.
0.629	0.
0.6299999999999999	0.
0.631	0.
0.6319999999999999	0.
0.633	0.
0.6339999999999999	0.
0.635	0.
0.6359999999999999	0.
0.637	0.
0.6379999999999999	0.
0.639	0.
0.6399999999999999	0.
0.641	0.
0.6419999999999999	0.
0.643	0.
0.6439999999999999	0.
0.645	0.
0.6459999999999999	0.
0.647	0.
0.6479999999999999	0.
0.649	0.
0.6499999999999999	0.
0.651	0.
0.6519999999999999	0.
0.653	0.
0.6539999999999999	0.
0.655	0.
0.6559999999999999	0.
0.657	0.
0.6579999999999999	0.
0.659	0.
0.6599999999999999	0.
0.661	0.
0.6619999999999999	0.
0.663	0.
0.6639999999999999	0.
0.665	0.
0.6659999999999999	0.
0.667	0.
0.6679999999999999	0.
0.669	0.
0.6699999999999999	0.
0.671	0.
0.6719999999999999	0.
0.673	0.
0.6739999999999999	0.
0.675	0.
0.6759999999999999	0.
0.677	0.
0.6779999999999999	0.
0.679	0.
0.6799999999999999	0.
0.681	0.
0.6819999999999999	0.
0.683	0.
0.6839999999999999	0.
0.685	0.
0.6859999999999999	0.
0.687	0.
0.688	0.
0.6890000000000001	0.
0.69	0.
0.6910000000000001	0.
0.692	0.
0.6930000000000001	0.
0.694	0.
0.6950000000000001	0.
0.696	0.
0.6970000000000001	0.
0.698	0.
0.6990000000000001	0.
0.7	0.
0.7010000000000001	0.
0.702	0.
0.7030000000000001	0.
0.704	0.
0.7049999999999998	0.
0.706	0.
0.7069999999999999	0.
0.708	0.
0.7089999999999999	0.
0.71	0.
0.7109999999999999	0.
0.712	0.
0.7129999999999999	0.
0.714	0.
0.7149999999999999	0.
0.716	0.
0.7169999999999999	0.
0.718	0.
0.7189999999999999	0.
0.72	0.
0.7209999999999999	0.
0.722	0.
0.7229999999999999	0.
0.724	0.
0.7249999999999999	0.
0.726	0.
0.7269999999999999	0.
0.728	0.
0.7289999999999999	0.
0.73	0.
0.7309999999999999	0.
0.732	0.
0.7329999999999999	0.
0.734	0.
0.7349999999999999	0.
0.736	0.
0.7369999999999999	0.
0.738	0.
0.7389999999999999	0.
0.74	0.
0.7409999999999999	0.
0.742	0.
0.7429999999999999	0.
0.744	0.
0.7449999999999999	0.
0.746	0.
0.7469999999999999	0.
0.748	0.
0.7489999999999999	0.
0.75	0.
0.7509999999999999	0.
0.752	0.
0.7529999999999999	0.
0.754	0.
0.7549999999999999	0.
0.756	0.
0.7569999999999999	0.
0.758	0.
0.7589999999999999	0.
0.76	0.
0.7609999999999999	0.
0.762	0.
0.7629999999999999	0.
0.764	0.
0.7649999999999999	0.
0.766	0.
0.7669999999999999	0.
0.768	0.
0.7689999999999999	0.
0.77	0.
0.7709999999999999	0.
0.772	0.
0.7729999999999999	0.
0.774	0.
0.7749999999999999	0.
0.776	0.
0.7769999999999999	0.
0.778	0.
0.7789999999999999	0.
0.78	0.
0.7809999999999999	0.
0.782	0.
0.7829999999999999	0.
0.784	0.
0.7849999999999999	0.
0.786	0.
0.7869999999999999	0.
0.788	0.
0.7889999999999999	0.
0.79	0.
0.7909999999999999	0.
0.792	0.
0.7929999999999999	0.
0.794	0.
0.7949999999999999	0.
0.796	0.
0.7969999999999999	0.
0.798	0.
0.7989999999999999	0.
0.8	0.
0.8009999999999999	0.
0.802	0.
0.8029999999999999	0.
0.804	0.
0.8049999999999999	0.
0.806	0.
0.8069999999999999	0.
0.808	0.
0.8089999999999999	0.
0.81	0.
0.8109999999999999	0.
0.812	0.
0.813	0.
0.8140000000000001	0.
0.815	0.
0.8160000000000001	0.
0.817	0.
0.8180000000000001	0.
0.819	0.
0.8200000000000001	0.
0.821	0.
0.8220000000000001	0.
0.823	0.
0.8240000000000001	0.
0.825	0.
0.8260000000000001	0.
0.827	0.
0.8280000000000001	0.
0.829	0.
0.8300000000000001	0.
0.831	0.
0.8320000000000001	0.
0.833	0.
0.8339999999999999	0.
0.835	0.
0.8359999999999999	0.
0.837	0.
0.8379999999999999	0.
0.839	0.
0.8399999999999999	0.
0.841	0.
0.8419999999999999	0.
0.843	0.
0.8439999999999999	0.
0.845	0.
0.8459999999999999	0.
0.847	0.
0.8479999999999999	0.
0.849	0.
0.8499999999999999	0.
0.851	0.
0.8519999999999999	0.
0.853	0.
0.8539999999999999	0.
0.855	0.
0.8559999999999999	0.
0.857	0.
0.8579999999999999	0.
0.859	0.
0.8599999999999999	0.
0.861	0.
0.8619999999999999	0.
0.863	0.
0.8639999999999999	0.
0.865	0.
0.8659999999999999	0.
0.867	0.
0.8679999999999999	0.
0.869	0.
0.8699999999999999	0.
0.871	0.
0.8719999999999999	0.
0.873	0.
0.8739999999999999	0.
0.875	0.
0.8759999999999999	0.
0.877	0.
0.8779999999999999	0.
0.879	0.
0.8799999999999999	0.
0.881	0.
0.8819999999999999	0.
0.883	0.
0.8839999999999999	0.
0.885	0.
0.8859999999999999	0.
0.887	0.
0.8879999999999999	0.
0.889	0.
0.8899999999999999	0.
0.891	0.
0.8919999999999999	0.
0.893	0.
0.8939999999999999	0.
0.895	0.
0.8959999999999999	0.
0.897	0.
0.8979999999999999	0.
0.899	0.
0.8999999999999999	0.
0.901	0.
0.9019999999999999	0.
0.903	0.
0.9039999999999999	0.
0.905	0.
0.9059999999999999	0.
0.907	0.
0.9079999999999999	0.
0.909	0.
0.9099999999999999	0.
0.911	0.
0.9119999999999999	0.
0.913	0.
0.9139999999999999	0.
0.915	0.
0.9159999999999999	0.
0.917	0.
0.9179999999999999	0.
0.919	0.
0.9199999999999999	0.
0.921	0.
0.9219999999999999	0.
0.923	0.
0.9239999999999999	0.
0.925	0.
0.9259999999999999	0.
0.927	0.
0.9279999999999999	0.
0.929	0.
0.9299999999999999	0.
0.931	0.
0.9319999999999999	0.
0.933	0.
0.9339999999999999	0.
0.935	0.
0.9359999999999999	0.
0.937	0.
0.938	0.
0.9390000000000001	0.
0.94	0.
0.9410000000000001	0.
0.942	0.
0.9430000000000001	0.
0.944	0.
0.9450000000000001	0.
0.946	0.
0.9470000000000001	0.
0.948	0.
0.9490000000000001	0.
0.95	0.
0.9510000000000001	0.
0.952	0.
0.9530000000000001	0.
0.954	0.
0.9550000000000001	0.
0.956	0.
0.9570000000000001	0.
0.958	0.
0.9590000000000001	0.
0.96	0.
0.9609999999999999	0.
0.962	0.
0.9629999999999999	0.
0.964	0.
0.9649999999999999	0.
0.966	0.
0.9669999999999999	0.
0.968	0.
0.9689999999999999	0.
0.97	0.
0.9709999999999999	0.
0.972	0.
0.9729999999999999	0.
0.974	0.
0.9749999999999999	0.
0.976	0.
0.9769999999999999	0.
0.978	0.
0.9789999999999999	0.
0.98	0.
0.9809999999999999	0.
0.982	0.
0.9829999999999999	0.
0.984	0.
0.9849999999999999	0.
0.986	0.
0.9869999999999999	0.
0.988	0.
0.9889999999999999	0.
0.99	0.
0.9909999999999999	0.
0.992	0.
0.9929999999999999	0.
0.994	0.
0.9949999999999999	0.
0.996	0.
0.9969999999999999	0.
0.998	0.
0.9989999999999999	0.
1.	0.