0	0.
0.001	0.
0.002	0.
0.003	0.
0.004	0.
0.005	0.
0.006	0.
0.007	1.0584340309584458e-10
0.008	0.00011737452961697387
0.009000000000000001	0.001381971844810573
0.010000000000000002	0.005931332744569066
0.011	0.016459964734138632
0.012	0.03569523169050684
0.013000000000000001	0.06605916976857595
0.014000000000000002	0.1094936304902827
0.015	0.16739770060687248
0.016	0.24063396841812126
0.017	0.329573098090746
0.018000000000000002	0.43415692396466044
0.019000000000000003	0.5539678932758568
0.02	0.6882977290923009
0.021	0.8362114040917743
0.022	0.9966045165115696
0.023	1.1682533711774057
0.024	1.349857777983381
0.025	1.540076974480551
0.026000000000000002	1.7375592783869156
0.027000000000000003	1.940966156302895
0.028	2.148991405073864
0.029	2.3603761124833325
0.03	2.5739200132176467
0.031	2.7884897959452006
0.032	3.0030248548925678
0.033	3.2165409185367784
0.034	3.428131931184544
0.035	3.6369705113489528
0.036000000000000004	3.842307264336187
0.037000000000000005	4.04346918527957
0.038	4.239857352731842
0.039	4.430944081454224
0.04	4.616269675777403
0.041	4.7954389014009395
0.042	4.9681172733067545
0.043000000000000003	5.134027240180768
0.044	5.2929443309929525
0.045	5.444693316845806
0.046	5.58914443056759
0.047	5.726209677538314
0.048	5.855839263664168
0.049	5.9780181600600555
0.05	6.092762818686525
0.051000000000000004	6.200118048766262
0.052000000000000005	6.300154060146158
0.053000000000000005	6.392963676761678
0.054	6.478659720903897
0.055	6.557372567002831
0.056	6.629247862051757
0.057	6.69444440854508
0.058	6.753132204833145
0.059000000000000004	6.80549063706699
0.06	6.851706816374892
0.061	6.89197405454757
0.062	6.926490471282087
0.063	6.9554577259211845
0.064	6.979079866604585
0.065	6.997562289804128
0.066	7.0111108033305936
0.067	7.019930786063994
0.068	7.02422643786034
0.069	7.024200113317576
0.07	7.020051733333674
0.07100000000000001	7.011978268654803
0.07200000000000001	7.000173289885448
0.07300000000000001	6.984826578711359
0.074	6.966123795366342
0.075	6.944246197652363
0.076	6.91937040709715
0.077	6.891668218101863
0.078	6.861306446192869
0.079	6.828446811744271
0.08	6.793245855781398
0.081	6.755854884708726
0.082	6.716419941029043
0.083	6.675081797332943
0.084	6.6319759710398145
0.085	6.587232757562482
0.08600000000000001	6.5409772797483905
0.08700000000000001	6.493329551620631
0.088	6.444404554602005
0.089	6.394312324556143
0.09	6.343158048120198
0.091	6.291042166935877
0.092	6.238060488508245
0.093	6.184304302536875
0.094	6.129860501670431
0.095	6.074811705735168
0.096	6.019236388579822
0.097	5.963209006764765
0.098	5.906800129402089
0.099	5.850076568526322
0.1	5.793101509442523
0.101	5.735934640560573
0.10200000000000001	5.678632282281359
0.10300000000000001	5.621247514552645
0.10400000000000001	5.563830302760605
0.10500000000000001	5.50642762166658
0.106	5.449083577138755
0.107	5.391839525464993
0.108	5.33473419006623
0.109	5.27780377546003
0.11	5.2210820783513
0.111	5.164600595751895
0.112	5.10838863005323
0.113	5.052473390995912
0.114	4.996880094498796
0.115	4.941632058325699
0.116	4.886750794582598
0.117	4.832256099050756
0.11800000000000001	4.77816613737282
0.11900000000000001	4.724497528118623
0.12	4.671265422766295
0.121	4.618483582641956
0.122	4.566164452867683
0.123	4.51431923337328
0.124	4.462957947032006
0.125	4.412089504984491
0.126	4.361721769218573
0.127	4.311861612474951
0.128	4.262514975551446
0.129	4.213686922079439
0.13	4.165381690847824
0.131	4.117602745750173
0.132	4.070352823431302
0.133	4.02363397870944
0.134	3.9774476278499025
0.135	3.9317945897657
0.136	3.886675125219713
0.137	3.8420889741021607
0.138	3.7980353908559263
0.139	3.754513178121167
0.14	3.7115207186690773
0.14100000000000001	3.669056005693297
0.14200000000000002	3.6271166715258825
0.14300000000000002	3.585700014843057
0.14400000000000002	3.544803026424288
0.14500000000000002	3.504422413526454
0.146	3.46455462293315
0.147	3.4251958627372816
0.148	3.386342122913382
0.149	3.347989194734157
0.15	3.310132689084077
0.151	3.272768053720872
0.152	3.2358905895341614
0.153	3.1994954658485026
0.154	3.16357773481655
0.155	3.1281323449462377
0.156	3.0931541538040794
0.157	3.0586379399353882
0.158	3.0245784140400818
0.159	2.990970229441686
0.16	2.9578079918852063
0.161	2.9250862686983083
0.162	2.892799597348613
0.163	2.860942493428603
0.164	2.8295094580982667
0.165	2.7984949850142278
0.166	2.767893566772815
0.167	2.7376997008934016
0.168	2.707907895367011
0.169	2.678512673794114
0.17	2.6495085801343983
0.171	2.6208901830902316
0.17200000000000001	2.59265208014451
0.17300000000000001	2.564788901272544
0.17400000000000002	2.5372953123468553
0.17500000000000002	2.510166018252508
0.176	2.4833957657301338
0.177	2.4569793459626212
0.178	2.4309115969208586
0.179	2.4051874054830136
0.18	2.379801709341149
0.181	2.354749498708317
0.182	2.3300258178384725
0.183	2.3056257663710147
0.184	2.281544500511092
0.185	2.2577772340562365
0.186	2.2343192392793347
0.187	2.211165847677352
0.188	2.1883124505948377
0.189	2.1657544997305993
0.19	2.143487507535588
0.191	2.121507047509552
0.192	2.0998087544035706
0.193	2.0783883243352306
0.194	2.0572415148227745
0.195	2.03636414474425
0.196	2.0157520942272846
0.197	1.995401304474802
0.198	1.9753077775317431
0.199	1.9554675759974354
0.2	1.9358768226881122
0.201	1.9165317002537514
0.202	1.8974284507531096
0.203	1.8785633751906878
0.20400000000000001	1.8599328330190772
0.20500000000000002	1.8415332416099068
0.20600000000000002	1.8233610756964655
0.20700000000000002	1.8054128667908615
0.20800000000000002	1.7876852025783145
0.20900000000000002	1.770174726291201
0.21	1.7528781360650756
0.211	1.7357921842789432
0.212	1.7189136768817486
0.213	1.7022394727070451
0.214	1.6857664827775836
0.215	1.6694916696014923
0.216	1.653412046461559
0.217	1.6375246766991003
0.218	1.6218266729936672
0.219	1.6063151966399078
0.22	1.5909874568226425
0.221	1.5758407098912852
0.222	1.5608722586345039
0.223	1.546079451556133
0.224	1.5314596821530275
0.225	1.5170103881957555
0.226	1.502729051012732
0.227	1.488613194778493
0.228	1.4746603858066603
0.229	1.4608682318481754
0.23	1.4472343813952213
0.231	1.4337565229913474
0.232	1.4204323845481392
0.233	1.4072597326688234
0.234	1.394236371979115
0.23500000000000001	1.3813601444656074
0.23600000000000002	1.3686289288219253
0.23700000000000002	1.3560406398029066
0.23800000000000002	1.343593227586989
0.23900000000000002	1.3312846771469633
0.24	1.3191130076292485
0.241	1.3070762717418105
0.242	1.295172555150813
0.243	1.2833999758861014
0.244	1.271756683755552
0.245	1.2602408597683825
0.246	1.2488507155673965
0.247	1.237584492870202
0.248	1.2264404629194199
0.249	1.2154169259418512
0.25	1.2045122106166075
0.251	1.1937246735521172
0.252	1.183052698772053
0.253	1.1724946972100323
0.254	1.1620491062131284
0.255	1.1517143890540313
0.256	1.1414890344518893
0.257	1.1313715561016564
0.258	1.1213604922119231
0.259	1.1114544050511235
0.26	1.1016518805020354
0.261	1.091951527624456
0.262	1.0823519782259685
0.263	1.0728518864407068
0.264	1.0634499283160073
0.265	1.0541448014067922
0.266	1.0449352243776884
0.267	1.0358199366126315
0.268	1.0267976978319724
0.269	1.0178672877168435
0.27	1.009027505540806
0.271	1.0002771698085793
0.272	0.9916151179017079
0.273	0.9830402057311673
0.274	0.9745513073966763
0.275	0.9661473148526698
0.276	0.9578271375807833
0.277	0.9495897022687636
0.278	0.9414339524956513
0.279	0.9333588484231767
0.28	0.9253633664931901
0.281	0.9174464991310908
0.28200000000000003	0.9096072544550768
0.28300000000000003	0.9018446559911427
0.28400000000000003	0.8941577423937037
0.28500000000000003	0.8865455671717635
0.28600000000000003	0.8790071984204679
0.28700000000000003	0.8715417185580085
0.28800000000000003	0.8641482240677023
0.28900000000000003	0.8568258252452113
0.29	0.8495736459507541
0.291	0.8423908233662168
0.292	0.8352765077571062
0.293	0.8282298622391916
0.294	0.8212500625497821
0.295	0.8143362968235295
0.296	0.8074877653726636
0.297	0.800703680471579
0.298	0.7939832661456956
0.299	0.7873257579644526
0.3	0.7807304028384311
0.301	0.7741964588204471
0.302	0.7677231949105876
0.303	0.7613098908650684
0.304	0.7549558370088714
0.305	0.7486603340520409
0.306	0.7424226929096123
0.307	0.7362422345250419
0.308	0.7301182896971221
0.309	0.7240501989102651
0.31	0.7180373121680984
0.311	0.7120789888303267
0.312	0.7061745974527619
0.313	0.7003235156304322
0.314	0.6945251298438126
0.315	0.6887788353079459
0.316	0.6830840358245689
0.317	0.6774401436370318
0.318	0.6718465792880542
0.319	0.6663027714802104
0.32	0.6608081569391056
0.321	0.6553621802791556
0.322	0.6499642938719729
0.323	0.6446139577172281
0.324	0.6393106393160247
0.325	0.6340538135466488
0.326	0.6288429625427071
0.327	0.6236775755735521
0.328	0.6185571489270076
0.329	0.613481185794267
0.33	0.6084491961570189
0.331	0.6034606966766514
0.332	0.5985152105855522
0.333	0.5936122675804748
0.334	0.5887514037178554
0.335	0.5839321613111199
0.336	0.5791540888298811
0.337	0.5744167408010483
0.338	0.5697196777117259
0.339	0.5650624659139267
0.34	0.5604446775310721
0.341	0.5558658903661854
0.342	0.551325687811774
0.343	0.5468236587614018
0.34400000000000003	0.5423593975228329
0.34500000000000003	0.5379325037327937
0.34600000000000003	0.5335425822732944
0.34700000000000003	0.5291892431894443
0.34800000000000003	0.5248721016087837
0.34900000000000003	0.5205907776620655
0.35000000000000003	0.5163448964054878
0.35100000000000003	0.5121340877442915
0.352	0.5079579863577648
0.353	0.503816231625592
0.354	0.4997084675554881
0.355	0.49563434271219114
0.356	0.49159351014764013
0.357	0.48758562733245714
0.358	0.4836103560886172
0.359	0.47966736252332487
0.36	0.47575631696403314
0.361	0.4718768938946342
0.362	0.46802877189276487
0.363	0.4642116335681959
0.364	0.4604251655023314
0.365	0.4566690581887234
0.366	0.4529430059746552
0.367	0.449246707003733
0.368	0.4455798631594602
0.369	0.44194218000979446
0.37	0.4383333667526604
0.371	0.43475313616241223
0.372	0.43120120453719346
0.373	0.4276772916472167
0.374	0.42418112068391983
0.375	0.4207124182099907
0.376	0.4172709141102267
0.377	0.413856341543275
0.378	0.4104684368941212
0.379	0.4071069397274433
0.38	0.4037715927417168
0.381	0.4004621417240934
0.382	0.39717833550604886
0.383	0.39391992591976926
0.384	0.390686667755261
0.385	0.3874783187181677
0.386	0.38429463938832176
0.387	0.38113539317892653
0.388	0.3780003462964806
0.389	0.3748892677012993
0.39	0.3718019290687244
0.391	0.36873810475096747
0.392	0.36569757173957496
0.393	0.36268010962848624
0.394	0.3596855005777372
0.395	0.356713529277706
0.396	0.35376398291397765
0.397	0.35083665113276075
0.398	0.34793132600686016
0.399	0.34504780200220225
0.4	0.34218587594491084
0.401	0.3393453469888848
0.402	0.33652601658392345
0.403	0.33372768844434353
0.404	0.33095016851808723
0.405	0.32819326495635176
0.406	0.32545678808367506
0.40700000000000003	0.3227405503685056
0.40800000000000003	0.32004436639424183
0.40900000000000003	0.31736805283069625
0.41000000000000003	0.31471142840606664
0.41100000000000003	0.3120743138792932
0.41200000000000003	0.3094565320128619
0.41300000000000003	0.3068579075460479
0.41400000000000003	0.3042782671685792
0.41500000000000004	0.3017174394946671
0.41600000000000004	0.2991752550374965
0.41700000000000004	0.2966515461840684
0.418	0.29414614717045473
0.419	0.2916588940574171
0.42	0.28918962470641524
0.421	0.28673817875597335
0.422	0.28430439759841625
0.423	0.2818881243569525
0.424	0.27948920386310794
0.425	0.2771074826345167
0.426	0.2747428088530202
0.427	0.27239503234313217
0.428	0.2700640045507904
0.429	0.26774957852247405
0.43	0.2654516088845874
0.431	0.2631699518231905
0.432	0.26090446506401543
0.433	0.2586550078527888
0.434	0.2564214409358327
0.435	0.25420362654095763
0.436	0.2520014283586779
0.437	0.2498147115236449
0.438	0.24764334259638815
0.439	0.2454871895453286
0.44	0.2433461217290335
0.441	0.24122000987876657
0.442	0.23910872608126008
0.443	0.23701214376175536
0.444	0.23493013766729273
0.445	0.23286258385023417
0.446	0.2308093596520311
0.447	0.2287703436872303
0.448	0.22674541582771834
0.449	0.2247344571871542
0.45	0.22273735010568746
0.451	0.22075397813485512
0.452	0.2187842260226879
0.453	0.2168279796990663
0.454	0.21488512626125547
0.455	0.21295555395965823
0.456	0.21103915218376937
0.457	0.2091358114483296
0.458	0.20724542337967122
0.459	0.20536788070226428
0.46	0.20350307722545347
0.461	0.2016509078303656
0.462	0.19981126845701278
0.463	0.19798405609159642
0.464	0.19616916875394436
0.465	0.1943665054851559
0.466	0.19257596633541968
0.467	0.19079745235197748
0.468	0.1890308655672901
0.46900000000000003	0.18727610898731653
0.47000000000000003	0.18553308658001205
0.47100000000000003	0.1838017032639561
0.47200000000000003	0.1820818648971261
0.47300000000000003	0.18037347826584033
0.47400000000000003	0.1786764510738624
0.47500000000000003	0.1769906919316358
0.47600000000000003	0.17531611034567585
0.47700000000000004	0.17365261670809495
0.47800000000000004	0.17200012228628686
0.47900000000000004	0.17035853921274263
0.48	0.16872778047500483
0.481	0.167107759905753
0.482	0.165498392173031
0.483	0.1638995927705951
0.484	0.16231127800841674
0.485	0.16073336500327784
0.486	0.15916577166951668
0.487	0.1576084167099001
0.488	0.15606121960658678
0.489	0.15452410061224486
0.49	0.15299698074127738
0.491	0.15147978176115307
0.492	0.14997242618386528
0.493	0.1484748372574952
0.494	0.14698693895789755
0.495	0.14550865598046997
0.496	0.1440399137320819
0.497	0.14258063832303042
0.498	0.14113075655919696
0.499	0.13969019593421214
0.5	0.13825888462178965
0.5009999999999999	0.1368367514681411
0.502	0.13542372598446564
0.5029999999999999	0.13401973833958708
0.504	0.13262471935262732
0.5049999999999999	0.1312386004858124
0.506	0.12986131383736949
0.5069999999999999	0.1284927921345037
0.508	0.12713296872646637
0.5089999999999999	0.1257817775777185
0.51	0.1244391532611777
0.5109999999999999	0.12310503095154504
0.512	0.12177934641873792
0.5129999999999999	0.12046203602138657
0.514	0.11915303670040688
0.5149999999999999	0.1178522859726951
0.516	0.11655972192484483
0.5169999999999999	0.11527528320698555
0.518	0.11399890902669538
0.5189999999999999	0.11273053914295884
0.52	0.11147011386025131
0.5209999999999999	0.11021757402263882
0.522	0.10897286100800306
0.5229999999999999	0.10773591672231664
0.524	0.10650668359397879
0.5249999999999999	0.10528510456824465
0.526	0.10407112310170814
0.5269999999999999	0.10286468315685646
0.528	0.10166572919669992
0.5289999999999999	0.10047420617945525
0.53	0.09929005955329821
0.5309999999999999	0.0981132352511921
0.532	0.09694367968577605
0.5329999999999999	0.09578133974429111
0.534	0.09462616278360235
0.5349999999999999	0.09347809662526914
0.536	0.09233708955067008
0.5369999999999999	0.09120309029619668
0.538	0.09007604804850164
0.5389999999999999	0.08895591243978858
0.54	0.08784263354319163
0.5409999999999999	0.08673616186818811
0.542	0.08563644835608188
0.5429999999999999	0.0845434443755035
0.544	0.08345710171802517
0.5449999999999999	0.08237737259376889
0.546	0.08130420962712373
0.5469999999999999	0.08023756585244968
0.548	0.07917739470989515
0.5489999999999999	0.07812365004122934
0.55	0.07707628608572681
0.5509999999999999	0.07603525747610468
0.552	0.07500051923452675
0.5529999999999999	0.07397202676862376
0.554	0.0729497358675699
0.5549999999999999	0.07193360269822864
0.556	0.07092358380131389
0.5569999999999999	0.06991963608760458
0.558	0.068921716834217
0.5589999999999999	0.06792978368091335
0.56	0.06694379462644542
0.5609999999999999	0.06596370802495083
0.562	0.06498948258238409
0.563	0.06402107735298986
0.5640000000000001	0.06305845173583081
0.565	0.06210156547134248
0.5660000000000001	0.061150378637924885
0.567	0.060204851648595174
0.5680000000000001	0.05926494524764605
0.569	0.05833062050735984
0.5700000000000001	0.05740183882477934
0.571	0.05647856191848342
0.5720000000000001	0.05556075182541394
0.573	0.05464837089774705
0.5740000000000001	0.05374138179977838
0.575	0.05283974750486803
0.5760000000000001	0.05194343129241158
0.577	0.051052396744841015
0.5779999999999998	0.05016660774464942
0.579	0.04928602847148634
0.5799999999999998	0.048410623399244235
0.581	0.047540357293206915
0.5819999999999999	0.046675195207209516
0.583	0.0458151024808417
0.5839999999999999	0.04496004473669218
0.585	0.04410998787760387
0.5859999999999999	0.043264898083967746
0.587	0.04242474181105037
0.5879999999999999	0.04158948578634978
0.589	0.04075909700698818
0.5899999999999999	0.03993354273710096
0.591	0.03911279050530842
0.5919999999999999	0.038296808102172814
0.593	0.03748556357770086
0.5939999999999999	0.036679025238864967
0.595	0.03587716164716064
0.5959999999999999	0.035079941616199296
0.597	0.034287334209293134
0.5979999999999999	0.03349930873711438
0.599	0.03271583475533892
0.5999999999999999	0.03193688206233852
0.601	0.031162420696892533
0.6019999999999999	0.030392420935916823
0.603	0.029626853292235692
0.6039999999999999	0.028865688512367996
0.605	0.028108897574323655
0.6059999999999999	0.027356451685454645
0.607	0.026608322280293896
0.6079999999999999	0.02586448101845199
0.609	0.025124899782503405
0.6099999999999999	0.02438955067593085
0.611	0.023658406021069545
0.6119999999999999	0.022931438357065084
0.613	0.022208620437876848
0.6139999999999999	0.021489925230284184
0.615	0.02077532591193579
0.6159999999999999	0.02006489889179744
0.617	0.01936098022263934
0.6179999999999999	0.018665604447390155
0.619	0.017980521701744443
0.6199999999999999	0.017307225615949495
0.621	0.016646978820763554
0.6219999999999999	0.01600083624929162
0.623	0.015369666411723427
0.6239999999999999	0.014754170806404942
0.625	0.01415490161809865
0.6259999999999999	0.013572277842644774
0.627	0.013006599966465495
0.6279999999999999	0.01245806331939074
0.629	0.011926770210065614
0.6299999999999999	0.01141274094467655
0.631	0.010915923821849595
0.6319999999999999	0.010436204189287566
0.633	0.00997341264097552
0.6339999999999999	0.009527332427557652
0.635	0.00909770614673561
0.6359999999999999	0.008684241775222241
0.637	0.008286618098874324
0.6379999999999999	0.007904489593093568
0.639	0.007537490801397401
0.6399999999999999	0.0071852402561952446
0.641	0.006847343982238875
0.6419999999999999	0.006523398619921539
0.643	0.006212994202564626
0.6439999999999999	0.005915716619027703
0.645	0.005631149790394574
0.6459999999999999	0.005358877587106052
0.647	0.005098485510714846
0.6479999999999999	0.00484956216241457
0.649	0.0046117005186318855
0.6499999999999999	0.004384499032253931
0.651	0.004167562576483632
0.6519999999999999	0.003960503246860473
0.653	0.0037629410356465613
0.6539999999999999	0.0035745043915466393
0.655	0.0033948306765987455
0.6559999999999999	0.0032235665310317773
0.657	0.0030603681559302066
0.6579999999999999	0.0029049015226677646
0.659	0.0027568425172656715
0.6599999999999999	0.0026158770270908248
0.661	0.002481700976630175
0.6619999999999999	0.0023540203184549443
0.663	0.002232550984917428
0.6639999999999999	0.0021170188056002276
0.665	0.0020071593950585507
0.6659999999999999	0.0019027180149582146
0.667	0.0018034494143106977
0.6679999999999999	0.0017091176511399762
0.669	0.001619495898580996
0.6699999999999999	0.001534366238103501
0.671	0.0014535194422759317
0.6719999999999999	0.0013767547492294053
0.673	0.001303879630749797
0.6739999999999999	0.001234709555714705
0.675	0.0011690677503997952
0.6759999999999999	0.0011067849570044336
0.677	0.0010476991915876477
0.6779999999999999	0.0009916555024614953
0.679	0.0009385057299585927
0.6799999999999999	0.0008881082683720828
0.681	0.000840327830759739
0.6819999999999999	0.0007950352172071874
0.683	0.0007521070870583046
0.6839999999999999	0.0007114257355423915
0.685	0.0006728788751572284
0.6859999999999999	0.0006363594221038675
0.687	0.0006017652880122936
0.688	0.0005689991771464256
0.6890000000000001	0.0005379683892316508
0.69	0.000508584628007956
0.6910000000000001	0.00048076381557586226
0.692	0.0004544259125709163
0.6930000000000001	0.00042949474417453595
0.694	0.0004058978319446104
0.6950000000000001	0.00038356623142782174
0.696	0.00036243437549707237
0.6970000000000001	0.00034243992334129556
0.698	0.0003235236150211153
0.6990000000000001	0.0003056291314920289
0.7	0.0002887029599868645
0.7010000000000001	0.0002726942646409911
0.702	0.00025755476223695336
0.7030000000000001	0.00024323860293976114
0.704	0.00022970225588978083
0.7049999999999998	0.00021690439951697348
0.706	0.000204805816437956
0.7069999999999999	0.00019336929279592584
0.708	0.00018255952190281098
0.7089999999999999	0.00017234301204295104
0.71	0.00016268799829816284
0.7109999999999999	0.00015356435825506103
0.712	0.00014494353145697833
0.7129999999999999	0.00013679844246466252
0.714	0.0001291034273920868
0.7149999999999999	0.00012183416378615035
0.716	0.00011496760372168858
0.7169999999999999	0.0001084819099860961
0.718	0.00010235639523083629
0.7189999999999999	0.00009657146397027567
0.72	0.00009110855731149274
0.7209999999999999	0.0000859501003020145
0.722	0.00008107945178578658
0.7229999999999999	0.00007648085666106695
0.724	0.00007213940043731297
0.7249999999999999	0.00006804096599153839
0.726	0.0000641721924279797
0.7269999999999999	0.00006052043594826053
0.728	0.00005707373264255979
0.7289999999999999	0.000053820763115540265
0.73	0.000050750818864014214
0.7309999999999999	0.000047853770326465096
0.732	0.000045120036527632815
0.7329999999999999	0.000042540556244381653
0.734	0.00004010676062201141
0.7349999999999999	0.00003781054717303775
0.736	0.0000356442550932536
0.7369999999999999	0.00003360064183258919
0.738	0.00003167286086091636
0.7389999999999999	0.000029854440571482023
0.74	0.000028139264267124483
0.7409999999999999	0.000026521551176798646
0.742	0.000024995838452242227
0.7429999999999999	0.000023556964096829628
0.744	0.000022200050780800525
0.7449999999999999	0.000020920490499110593
0.746	0.000019713930030136158
0.7469999999999999	0.00001857625715537116
0.748	0.000017503587602090573
0.7489999999999999	0.0000164922526727144
0.75	0.000015538787526299523
0.7509999999999999	0.00001463992007920852
0.752	0.000013792560493560296
0.7529999999999999	0.000012993791223558273
0.754	0.000012240857591222591
0.7549999999999999	0.00001153115886441677
0.756	0.000010862239811370186
0.7569999999999999	0.000010231782707149329
0.758	9.637599768726323e-6
0.7589999999999999	9.077625996437819e-6
0.76	8.549912400719777e-6
0.7609999999999999	8.052619594046605e-6
0.762	7.584011728999413e-6
0.7629999999999999	7.1424507643383875e-6
0.764	6.726391041860787e-6
0.7649999999999999	6.334374157690492e-6
0.766	5.965024112469402e-6
0.7669999999999999	5.617042725705911e-6
0.768	5.2892053002843755e-6
0.7689999999999999	4.980356523851699e-6
0.77	4.689406594476432e-6
0.7709999999999999	4.415327558619961e-6
0.772	4.157149850077117e-6
0.7729999999999999	3.9139590191247695e-6
0.774	3.684892641676252e-6
0.7749999999999999	3.4691373987669073e-6
0.776	3.265926317199205e-6
0.7769999999999999	3.0745361626545714e-6
0.778	2.894284977032678e-6
0.7789999999999999	2.724529752211305e-6
0.78	2.5646642328292466e-6
0.7809999999999999	2.4141168410849933e-6
0.782	2.272348716912958e-6
0.7829999999999999	2.1388518672509775e-6
0.784	2.013147418445089e-6
0.7849999999999999	1.894783966154973e-6
0.786	1.7833360174224946e-6
0.7869999999999999	1.678402519851383e-6
0.788	1.5796054731160062e-6
0.7889999999999999	1.4865886182725734e-6
0.79	1.3990162005903163e-6
0.7909999999999999	1.3165718018492116e-6
0.792	1.2389572382701156e-6
0.7929999999999999	1.1658915204493695e-6
0.794	1.0971098718668704e-6
0.7949999999999999	1.0323628027213777e-6
0.796	9.714152360237867e-7
0.7969999999999999	9.14045683045612e-7
0.798	8.600454653773525e-7
0.7989999999999999	8.092179810021826e-7
0.8	7.613780119310485e-7
0.8009999999999999	7.16351071079732e-7
0.802	6.739727861957303e-7
0.8029999999999999	6.340883187625081e-7
0.804	5.965518159230484e-7
0.8049999999999999	5.612258935719212e-7
0.806	5.27981148867166e-7
0.8069999999999999	4.966957005093212e-7
0.808	4.6725475522712775e-7
0.8089999999999999	4.395501989947505e-7
0.81	4.1348021158742454e-7
0.8109999999999999	3.8894890315954166e-7
0.812	3.658659716026897e-7
0.813	3.441463795091499e-7
0.8140000000000001	3.2371004963346857e-7
0.815	3.044815778035415e-7
0.8160000000000001	2.8638996229466877e-7
0.817	2.693683487321616e-7
0.8180000000000001	2.5335378964182927e-7
0.819	2.382870178164889e-7
0.8200000000000001	2.2411223271334106e-7
0.821	2.1077689914067088e-7
0.8220000000000001	1.982315575350453e-7
0.823	1.8642964516769682e-7
0.8240000000000001	1.7532732765781655e-7
0.825	1.6488334020429728e-7
0.8260000000000001	1.5505883798081233e-7
0.827	1.4581725517084997e-7
0.8280000000000001	1.3712417214851576e-7
0.829	1.2894719033886522e-7
0.8300000000000001	1.212558143181128e-7
0.831	1.1402134073853148e-7
0.8320000000000001	1.0721675368700265e-7
0.833	1.0081662610747047e-7
0.8339999999999999	9.479702693962646e-8
0.835	8.913543364484468e-8
0.8359999999999999	8.381064981011804e-8
0.837	7.88027275368993e-8
0.8379999999999999	7.409289434021788e-8
0.839	6.966348429791705e-8
0.8399999999999999	6.549787320464022e-8
0.841	6.158041750013853e-8
0.8419999999999999	5.789639675328431e-8
0.843	5.443195949720739e-8
0.8439999999999999	5.117407222119545e-8
0.845	4.8110471337454055e-8
0.8459999999999999	4.522961794975949e-8
0.847	4.252065526281111e-8
0.8479999999999999	3.997336847844901e-8
0.849	3.757814703507444e-8
0.8499999999999999	3.532594905411561e-8
0.851	3.320826786583361e-8
0.8519999999999999	3.121710049327762e-8
0.853	2.9344917981042376e-8
0.8539999999999999	2.7584637461419016e-8
0.855	2.592959585712391e-8
0.8559999999999999	2.437352512481206e-8
0.857	2.291052895076212e-8
0.8579999999999999	2.1535060812878683e-8
0.859	2.0241903330476733e-8
0.8599999999999999	1.902614882606611e-8
0.861	1.7883181029001528e-8
0.8619999999999999	1.6808657854001185e-8
0.863	1.5798495191629868e-8
0.8639999999999999	1.4848851652350109e-8
0.865	1.3956114207596272e-8
0.8659999999999999	1.3116884676059068e-8
0.867	1.2327967005324504e-8
0.8679999999999999	1.158635530269389e-8
0.869	1.0889222570823443e-8
0.8699999999999999	1.0233910107728652e-8
0.871	9.617917531167627e-9
0.8719999999999999	9.03889339160501e-9
0.873	8.494626339418168e-9
0.8739999999999999	7.983036812396656e-9
0.875	7.502169215340097e-9
0.8759999999999999	7.0501845602462634e-9
0.877	6.625353542417283e-9
0.8779999999999999	6.226050024952517e-9
0.879	5.850744908947693e-9
0.8799999999999999	5.498000366269832e-9
0.881	5.1664644131354475e-9
0.8819999999999999	4.854865804964601e-9
0.883	4.562009233992716e-9
0.8839999999999999	4.286770810403597e-9
0.885	4.028093811865618e-9
0.8859999999999999	3.7849846846446796e-9
0.887	3.556509281736343e-9
0.8879999999999999	3.341789324236941e-9
0.889	3.139999072386128e-9
0.8899999999999999	2.950362194349993e-9
0.891	2.7721488206350252e-9
0.8919999999999999	2.6046727735832926e-9
0.893	2.447288961103421e-9
0.8939999999999999	2.2993909256832137e-9
0.895	2.160408538556815e-9
0.8959999999999999	2.0298058311448393e-9
0.897	1.9070789555546746e-9
0.8979999999999999	1.7917542661033628e-9
0.899	1.6833865152769936e-9
0.8999999999999999	1.5815571567066797e-9
0.901	1.4858727493956155e-9
0.9019999999999999	1.3959634569255542e-9
0.903	1.3114816360307266e-9
0.9039999999999999	1.2321005089213535e-9
0.905	1.157512915581129e-9
0.9059999999999999	1.0874301393363322e-9
0.907	1.0215808033488237e-9
0.9079999999999999	9.59709832352708e-10
0.909	9.015774765899247e-10
0.9099999999999999	8.469583939835973e-10
0.911	7.956407869021025e-10
0.9119999999999999	7.474255907211124e-10
0.913	7.021257104295144e-10
0.9139999999999999	6.59565303508614e-10
0.915	6.195791048775133e-10
0.9159999999999999	5.820117926601648e-10
0.917	5.467173917005318e-10
0.9179999999999999	5.135587129296179e-10
0.919	4.824068259339469e-10
0.9199999999999999	4.5314056326721655e-10
0.921	4.2564605458540914e-10
0.9219999999999999	3.998162881491297e-10
0.923	3.755506990181628e-10
0.9239999999999999	3.527547819437864e-10
0.925	3.3133972703552634e-10
0.9259999999999999	3.11222077567482e-10
0.927	2.92323408293266e-10
0.9279999999999999	2.745700228596471e-10
0.929	2.578926694124784e-10
0.9299999999999999	2.422262733073937e-10
0.931	2.2750968589832811e-10
0.9319999999999999	2.1368544822505984e-10
0.933	2.0069956907791777e-10
0.9339999999999999	1.8850131604691945e-10
0.935	1.77043019651554e-10
0.9359999999999999	1.6627988866736901e-10
0.937	1.5616983690734467e-10
0.938	1.4667332013621542e-10
0.9390000000000001	1.3775318308092489e-10
0.94	1.2937451550666184e-10
0.9410000000000001	1.2150451669162695e-10
0.942	1.1411236850839214e-10
0.9430000000000001	1.0716911574872433e-10
0.944	1.006475538144698e-10
0.9450000000000001	9.452212315452775e-11
0.946	8.876881012078462e-11
0.9470000000000001	8.33650534219999e-11
0.948	7.828965682892778e-11
0.9490000000000001	7.352270655444746e-11
0.95	6.90454939900139e-11
0.9510000000000001	6.484044272563441e-11
0.952	6.089104041372479e-11
0.9530000000000001	5.718177444995197e-11
0.954	5.369807161292728e-11
0.9550000000000001	5.042624109620618e-11
0.956	4.735342138621921e-11
0.9570000000000001	4.446753025136432e-11
0.958	4.1757217403646906e-11
0.9590000000000001	3.921182025322327e-11
0.96	3.682132257245255e-11
0.9609999999999999	3.457631520231088e-11
0.962	3.246795944570064e-11
0.9629999999999999	3.048795234763829e-11
0.964	2.86284945593295e-11
0.9649999999999999	2.688225972606716e-11
0.966	2.5242365934655556e-11
0.9669999999999999	2.3702348713235273e-11
0.968	2.2256135766677392e-11
0.9689999999999999	2.0898023452252337e-11
0.97	1.9622653994510254e-11
0.9709999999999999	1.8424995096796114e-11
0.972	1.7300319753100454e-11
0.9729999999999999	1.6244188080987064e-11
0.974	1.525242969760038e-11
0.9749999999999999	1.4321127598221155e-11
0.976	1.3446602560682039e-11
0.9769999999999999	1.2625398926322966e-11
0.978	1.1854271102472157e-11
0.9789999999999999	1.1130170461421525e-11
0.98	1.0450233816840597e-11
0.9809999999999999	9.811771835929767e-12
0.982	9.21225883717174e-12
0.9829999999999999	8.649322616712658e-12
0.984	8.120735116672836e-12
0.9849999999999999	7.62440379606855e-12
0.986	7.158363494214624e-12
0.9869999999999999	6.7207684400180615e-12
0.988	6.309885136807625e-12
0.9889999999999999	5.9240855592270175e-12
0.99	5.5618408351952015e-12
0.9909999999999999	5.22171510369921e-12
0.992	4.9023597507498804e-12
0.9929999999999999	4.60250831074936e-12
0.994	4.3209714709724596e-12
0.9949999999999999	4.056632359047341e-12
0.996	3.808441951360398e-12
0.9969999999999999	3.5754151947241926e-12
0.998	3.356627035253676e-12
0.9989999999999999	3.15120873304868e-12
1.	2.958344458223035e-12