0	0.
0.001	0.
0.002	0.
0.003	0.
0.004	0.
0.005	0.
0.006	0.
0.007	0.
0.008	0.
0.009000000000000001	0.
0.010000000000000002	0.
0.011	0.
0.012	0.
0.013000000000000001	0.
0.014000000000000002	0.
0.015	0.
0.016	0.
0.017	0.
0.018000000000000002	0.
0.019000000000000003	0.
0.02	0.
0.021	0.
0.022	0.
0.023	0.
0.024	0.
0.025	0.
0.026000000000000002	0.
0.027000000000000003	0.
0.028	0.
0.029	0.
0.03	0.
0.031	0.
0.032	0.
0.033	0.
0.034	0.
0.035	0.
0.036000000000000004	0.
0.037000000000000005	0.
0.038	0.
0.039	0.
0.04	0.
0.041	0.
0.042	0.
0.043000000000000003	0.
0.044	4.6782447910791455e-18
0.045	1.1876152936639833e-14
0.046	8.320761519920194e-13
0.047	1.4982332102420193e-11
0.048	1.323808868762962e-10
0.049	7.533743232331155e-10
0.05	3.1784525939881927e-9
0.051000000000000004	1.0796221711123426e-8
0.052000000000000005	3.112027607172553e-8
0.053000000000000005	7.889079478960813e-8
0.054	1.8038892676916546e-7
0.055	3.7902650798456813e-7
0.056	7.421847175725547e-7
0.057	1.3691939450588776e-6
0.058	2.400280440798919e-6
0.059000000000000004	4.026256670007151e-6
0.06	6.498702291745465e-6
0.061	0.000010140370018204913
0.062	0.000015355552818023036
0.063	0.000022640163027508228
0.064	0.0000325912968557632
0.065	0.00004591608663946101
0.066	0.0000634396755020658
0.067	0.00008611218271009288
0.068	0.00011501456134461778
0.069	0.00015136328168235098
0.07	0.0001965138030367192
0.07100000000000001	0.00025196282318581687
0.07200000000000001	0.00031934931760429065
0.07300000000000001	0.00040045440041242334
0.074	0.000497200055300252
0.075	0.0006116467978281647
0.076	0.0007459903406724989
0.077	0.0009025573408454298
0.078	0.0010838003129669928
0.079	0.0012922917956049939
0.08	0.0015307178588223871
0.081	0.0018018710406646887
0.082	0.0021086427986462004
0.083	0.002454015559594605
0.084	0.002841054447706216
0.085	0.003272898766540977
0.08600000000000001	0.003752753306115666
0.08700000000000001	0.004283879541380468
0.088	0.00486958678331168
0.089	0.005513223338725603
0.09	0.006218167729801044
0.091	0.006987820019260796
0.092	0.007825593282260788
0.093	0.008734905261313604
0.094	0.009719170236063158
0.095	0.010781791135453004
0.096	0.011926151915808694
0.097	0.013155610224593937
0.098	0.014473490366104983
0.099	0.015883076582138785
0.1	0.017387606657702847
0.101	0.018990265859122706
0.10200000000000001	0.020694181209438698
0.10300000000000001	0.0225024161037552
0.10400000000000001	0.02441796526520283
0.10500000000000001	0.026443750040385534
0.106	0.0285826140315945
0.107	0.030837319061671146
0.108	0.03321054146617427
0.109	0.0357048687064432
0.11	0.03832279629623448
0.111	0.04106672503383303
0.112	0.04393895853088899
0.113	0.046941701028695895
0.114	0.05007705549219606
0.115	0.05334702197166343
0.116	0.05675349622176408
0.117	0.06029826856752179
0.11800000000000001	0.06398302300661199
0.11900000000000001	0.06780933653736437
0.12	0.07177867870186462
0.121	0.0758924113336079
0.122	0.08015178849925439
0.123	0.08455795662417737
0.124	0.08911195479166241
0.125	0.09381471520581408
0.126	0.09866706380844371
0.127	0.1036697210404527
0.128	0.10882330273847911
0.129	0.11412832115784309
0.13	0.1195851861131031
0.131	0.12519420622782204
0.132	0.13095559028543083
0.133	0.13686944867337208
0.134	0.1429357949130026
0.135	0.14915454726802796
0.136	0.15552553042454118
0.137	0.16204847723602345
0.138	0.16872303052696275
0.139	0.17554874494902611
0.14	0.18252508888400173
0.14100000000000001	0.18965144638800402
0.14200000000000002	0.1969271191717055
0.14300000000000002	0.20435132861161381
0.14400000000000002	0.2119232177876794
0.14500000000000002	0.21964185354275417
0.146	0.2275062285596765
0.147	0.23551526345197854
0.148	0.24366780886444503
0.149	0.25196264757997167
0.15	0.26039849662937076
0.151	0.2689740094009937
0.152	0.2776877777472091
0.153	0.2865383340849897
0.154	0.29552415348801925
0.155	0.3046436557679118
0.156	0.3138952075423062
0.157	0.3232771242877428
0.158	0.33278767237539414
0.159	0.34242507108785575
0.16	0.3521874946153482
0.161	0.36207307402980354
0.162	0.3720798992354472
0.163	0.3822060208945882
0.164	0.3924494523274653
0.165	0.4028081713850777
0.166	0.4132801222940575
0.167	0.4238632174727183
0.168	0.4345553393175128
0.169	0.4453543419592246
0.17	0.45625805298828626
0.171	0.46726427514871377
0.17200000000000001	0.4783707880001998
0.17300000000000001	0.4895753495479915
0.17400000000000002	0.5008756978402426
0.17500000000000002	0.5122695525325746
0.176	0.5237546164196683
0.177	0.5353285769337331
0.178	0.5469891076097669
0.179	0.5587338695175618
0.18	0.5705605126604648
0.181	0.5824666773409284
0.182	0.594449995492933
0.183	0.6065080919814052
0.184	0.6186385858687844
0.185	0.6308390916489117
0.186	0.6431072204484607
0.187	0.6554405811961542
0.188	0.6678367817600142
0.189	0.6802934300529508
0.19	0.6928081351069889
0.191	0.705378508116455
0.192	0.7180021634504818
0.193	0.7306767196351821
0.194	0.743399800305867
0.195	0.7561690351297069
0.196	0.7689820606992236
0.197	0.7818365213970332
0.198	0.7947300702322588
0.199	0.8076603696490381
0.2	0.8206250923075699
0.201	0.8336219218381339
0.202	0.8466485535685367
0.203	0.8597026952254362
0.20400000000000001	0.8727820676099988
0.20500000000000002	0.8858844052483436
0.20600000000000002	0.8990074570172544
0.20700000000000002	0.9121489867455908
0.20800000000000002	0.9253067737918906
0.20900000000000002	0.9384786135986087
0.21	0.951662318223469
0.211	0.9648557168483773
0.212	0.9780566562663715
0.213	0.9912630013470562
0.214	1.0044726354809899
0.215	1.0176834610034677
0.216	1.0308933995981582
0.217	1.0441003926810508
0.218	1.057302401765134
0.219	1.070497408806277
0.22	1.0836834165307285
0.221	1.0968584487446735
0.222	1.110020550626271
0.223	1.1231677890006129
0.224	1.136298252598004
0.225	1.1494100522959745
0.226	1.1625013213454516
0.227	1.1755702155814831
0.228	1.1886149136188986
0.229	1.2016336170333226
0.23	1.214624550527914
0.231	1.2275859620861942
0.232	1.240516123111383
0.233	1.2534133285525686
0.234	1.2662758970180847
0.23500000000000001	1.2791021708764716
0.23600000000000002	1.2918905163453498
0.23700000000000002	1.3046393235685485
0.23800000000000002	1.317347006681864
0.23900000000000002	1.3300120038677234
0.24	1.3426327773991285
0.241	1.3552078136731924
0.242	1.3677356232345477
0.243	1.3802147407889895
0.244	1.3926437252076145
0.245	1.4050211595217792
0.246	1.417345650909141
0.247	1.4296158306711069
0.248	1.4418303542019204
0.249	1.4539879009497232
0.25	1.466087174369779
0.251	1.4781269018702181
0.252	1.4901058347504654
0.253	1.502022748132676
0.254	1.5138764408863876
0.255	1.5256657355466323
0.256	1.5373894782257769
0.257	1.5490465385192576
0.258	1.5606358094055128
0.259	1.572156207140264
0.26	1.5836066711454115
0.261	1.594986163892722
0.262	1.6062936707825366
0.263	1.617528200017673
0.264	1.628688782472758
0.265	1.639774471559125
0.266	1.6507843430855356
0.267	1.6617174951148246
0.268	1.6725730478167222
0.269	1.6833501433169744
0.27	1.6940479455429553
0.271	1.7046656400659348
0.272	1.715202433940131
0.273	1.7256575555387772
0.274	1.7360302543872588
0.275	1.7463198009935583
0.276	1.7565254866760782
0.277	1.766646623389049
0.278	1.7766825435456097
0.279	1.7866325998387096
0.28	1.7964961650599849
0.281	1.8062726319166895
0.28200000000000003	1.8159614128468529
0.28300000000000003	1.8255619398327396
0.28400000000000003	1.8350736642127707
0.28500000000000003	1.8444960564919721
0.28600000000000003	1.8538286061511124
0.28700000000000003	1.8630708214545832
0.28800000000000003	1.8722222292571709
0.28900000000000003	1.8812823748097909
0.29	1.8902508215643061
0.291	1.899127150977488
0.292	1.9079109623142585
0.293	1.916601872450265
0.294	1.9251995156739021
0.295	1.9337035434878365
0.296	1.942113624410134
0.297	1.9504294437750853
0.298	1.9586507035337535
0.299	1.9667771220543735
0.3	1.974808433922655
0.301	1.9827443897420323
0.302	1.990584755933977
0.303	1.9983293145384013
0.304	2.005977863014221
0.305	2.0135302140401627
0.306	2.020986195315835
0.307	2.0283456493631573
0.308	2.0356084333281776
0.309	2.0427744187833423
0.31	2.0498434915302686
0.311	2.0568155514030573
0.312	2.063690512072215
0.313	2.070468300849202
0.314	2.0771488584917055
0.315	2.0837321390095918
0.316	2.0902181094716643
0.317	2.096606749813203
0.318	2.1028980526443983
0.319	2.10909202305962
0.32	2.115188678447606
0.321	2.1211880483026655
0.322	2.1270901740367716
0.323	2.132895108792746
0.324	2.1386029172584493
0.325	2.1442136754820584
0.326	2.14972747068843
0.327	2.1551444010965795
0.328	2.1604645757383705
0.329	2.165688114278277
0.33	2.1708151468344257
0.331	2.1758458138008128
0.332	2.180780265670749
0.333	2.1856186628616094
0.334	2.190361175540787
0.335	2.19500798345298
0.336	2.1995592757487756
0.337	2.2040152508145643
0.338	2.2083761161037505
0.339	2.212642087969364
0.34	2.216813391498006
0.341	2.220890260345147
0.342	2.2248729365718627
0.343	2.2287616704828994
0.34400000000000003	2.2325567204662016
0.34500000000000003	2.2362583528338167
0.34600000000000003	2.239866841664227
0.34700000000000003	2.2433824686461015
0.34800000000000003	2.246805522923504
0.34900000000000003	2.250136300942522
0.35000000000000003	2.253375106299351
0.35100000000000003	2.2565222495898074
0.352	2.259578048260324
0.353	2.262542826460396
0.354	2.2654169148964693
0.355	2.2682006506873047
0.356	2.270894377220812
0.357	2.2734984440123562
0.358	2.27601320656449
0.359	2.278439026228209
0.36	2.280776270065647
0.361	2.2830253107142138
0.362	2.2851865262522764
0.363	2.2872603000661975
0.364	2.289247020718945
0.365	2.2911470818200717
0.366	2.292960881897232
0.367	2.2946888242690804
0.368	2.2963313169196966
0.369	2.2978887723743915
0.37	2.2993616075770054
0.371	2.300750243768634
0.372	2.3020551063677845
0.373	2.3032766248519727
0.374	2.3044152326407312
0.375	2.3054713669800786
0.376	2.3064454688283464
0.377	2.307337982743467
0.378	2.308149356771643
0.379	2.3088800423374196
0.38	2.309530494135143
0.381	2.310101170021819
0.382	2.3105925309113307
0.383	2.3110050406700307
0.384	2.311339166013717
0.385	2.3115953764059407
0.386	2.311774143957676
0.387	2.311875943328321
0.388	2.311901251628033
0.389	2.311850548321421
0.39	2.311724315132477
0.391	2.3115230359509233
0.392	2.3112471967397523
0.393	2.310897285444122
0.394	2.310473791901528
0.395	2.309977207753239
0.396	2.309408026356966
0.397	2.3087667427008545
0.398	2.3080538533186683
0.399	2.3072698562062293
0.4	2.3064152507390863
0.401	2.30549053759139
0.402	2.3044962186560096
0.403	2.3034327969657915
0.404	2.302300776616076
0.405	2.3011006626883432
0.406	2.299832961175043
0.40700000000000003	2.298498178905611
0.40800000000000003	2.297096823473584
0.40900000000000003	2.2956294031649107
0.41000000000000003	2.2940964268873643
0.41100000000000003	2.29249840410108
0.41200000000000003	2.2908358447502137
0.41300000000000003	2.289109259195683
0.41400000000000003	2.2873191581490278
0.41500000000000004	2.28546605260734
0.41600000000000004	2.283550453789239
0.41700000000000004	2.2815728730719655
0.418	2.2795338219294754
0.419	2.277433811871608
0.42	2.2752733543842636
0.421	2.273052960870627
0.422	2.2707731425933737
0.423	2.2684344106179184
0.424	2.2660372757566063
0.425	2.263582248513946
0.426	2.261069839032743
0.427	2.2585005570412715
0.428	2.255874911801329
0.429	2.2531934120573016
0.43	2.2504565659861067
0.431	2.2476648811480726
0.432	2.2448188644387614
0.433	2.2419190220416683
0.434	2.238965859381795
0.435	2.2359598810801677
0.436	2.2329015909091745
0.437	2.2297914917487827
0.438	2.22663008554364
0.439	2.2234178732609666
0.44	2.2201553548493376
0.441	2.216843029198273
0.442	2.213481394098621
0.443	2.210070946203784
0.444	2.2066121809917365
0.445	2.203105592727819
0.446	2.1995516744283123
0.447	2.1959509178248044
0.448	2.1923038133293042
0.449	2.188610850000098
0.45	2.1848725155083675
0.451	2.181089296105551
0.452	2.1772616765913955
0.453	2.173390140282759
0.454	2.169475168983109
0.455	2.1655172429527214
0.456	2.1615168408795746
0.457	2.157474439850913
0.458	2.153390515325501
0.459	2.149265541106529
0.46	2.1450999893152036
0.461	2.140894330364932
0.462	2.136649032936204
0.463	2.1323645639520694
0.464	2.128041388554274
0.465	2.123679970079958
0.466	2.1192807700390084
0.467	2.1148442480919996
0.468	2.1103708620287165
0.46900000000000003	2.1058610677472642
0.47000000000000003	2.101315319233755
0.47100000000000003	2.09673406854258
0.47200000000000003	2.0921177657772
0.47300000000000003	2.0874668590715193
0.47400000000000003	2.0827817945718214
0.47500000000000003	2.0780630164192027
0.47600000000000003	2.073310966732546
0.47700000000000004	2.0685260855920444
0.47800000000000004	2.0637088110232105
0.47900000000000004	2.0588595789814037
0.48	2.0539788233368608
0.481	2.0490669758602205
0.482	2.044124466208532
0.483	2.039151721911739
0.484	2.0341491683596544
0.485	2.0291172287893673
0.486	2.0240563242731673
0.487	2.018966873706828
0.488	2.013849293798451
0.489	2.008703999057642
0.49	2.003531401785215
0.491	1.9983319120632188
0.492	1.993105937745494
0.493	1.9878538844485525
0.494	1.982576155542915
0.495	1.977273152144835
0.496	1.9719452731084095
0.497	1.9665929150180819
0.498	1.9612164721815495
0.499	1.955816336623009
0.5	1.950392898076797
0.5009999999999999	1.9449465439813938
0.502	1.9394776594737773
0.5029999999999999	1.9339866273841357
0.504	1.9284738282309244
0.5049999999999999	1.922939640216271
0.506	1.9173844392217014
0.5069999999999999	1.9118085988042215
0.508	1.90621249019269
0.5089999999999999	1.9005964822845456
0.51	1.8949609416428275
0.5109999999999999	1.8893062324935046
0.512	1.8836327167231277
0.5129999999999999	1.8779407538767425
0.514	1.8722307011561496
0.5149999999999999	1.8665029134184086
0.516	1.8607577431746343
0.5169999999999999	1.8549955405890906
0.518	1.849216653478548
0.5189999999999999	1.8434214273118887
0.52	1.8376102052100176
0.5209999999999999	1.831783327945991
0.522	1.8259411339454374
0.5229999999999999	1.82008395928719
0.524	1.8142121377042029
0.5249999999999999	1.808326000584682
0.526	1.8024258769734578
0.5269999999999999	1.7965120935735999
0.528	1.7905849747482525
0.5289999999999999	1.78464484252269
0.53	1.7786920165866005
0.5309999999999999	1.772726814296579
0.532	1.7667495506788344
0.5329999999999999	1.7607605384320961
0.534	1.754760087930738
0.5349999999999999	1.748748507228093
0.536	1.7427261020599492
0.5369999999999999	1.7366931758482664
0.538	1.7306500297050653
0.5389999999999999	1.7245969624364796
0.54	1.7185342705470308
0.5409999999999999	1.7124622482440413
0.542	1.7063811874422394
0.5429999999999999	1.7002913777685322
0.544	1.6941931065669276
0.5449999999999999	1.6880866589036525
0.546	1.6819723175723804
0.5469999999999999	1.6758503630996642
0.548	1.6697210737504786
0.5489999999999999	1.6635847255339482
0.55	1.6574415922091867
0.5509999999999999	1.6512919452912955
0.552	1.6451360540575057
0.5529999999999999	1.6389741855534405
0.554	1.6328066045995229
0.5549999999999999	1.6266335737974984
0.556	1.6204553535371027
0.5569999999999999	1.6142722020028304
0.558	1.6080843751808473
0.5589999999999999	1.6018921268660022
0.56	1.5956957086689583
0.5609999999999999	1.5894953700234422
0.562	1.583291358193583
0.563	1.577083918281397
0.5640000000000001	1.5708732932343172
0.565	1.564659723852883
0.5660000000000001	1.5584434487984833
0.567	1.5522247046012214
0.5680000000000001	1.5460037256678596
0.569	1.5397807442898597
0.5700000000000001	1.5335559906515113
0.571	1.5273296928381364
0.5720000000000001	1.5211020768443975
0.573	1.5148733665826644
0.5740000000000001	1.5086437838914597
0.575	1.5024135485440138
0.5760000000000001	1.4961828782568367
0.577	1.4899519886984165
0.5779999999999998	1.48372109349795
0.579	1.4774904042541612
0.5799999999999998	1.4712601305441655
0.581	1.465030479932424
0.5819999999999999	1.4588016579797265
0.583	1.4525738682522547
0.5839999999999999	1.4463473123306942
0.585	1.4401221898194043
0.5859999999999999	1.4338986983556405
0.587	1.4276770336188165
0.5879999999999999	1.4214573893398363
0.589	1.415239957310446
0.5899999999999999	1.4090249273926585
0.591	1.4028124875281986
0.5919999999999999	1.396602823748007
0.593	1.3903961201817694
0.5939999999999999	1.3841925590674868
0.595	1.377992320761101
0.5959999999999999	1.3717955837461149
0.597	1.3656025246432923
0.5979999999999999	1.3594133182203445
0.599	1.3532281374016863
0.5999999999999999	1.347047153278192
0.601	1.3408705351169852
0.6019999999999999	1.3346984503712673
0.603	1.3285310646901403
0.6039999999999999	1.3223685419284859
0.605	1.316211044156839
0.6059999999999999	1.3100587316712986
0.607	1.303911763003429
0.6079999999999999	1.2977702949302208
0.609	1.2916344824840238
0.6099999999999999	1.2855044789625183
0.611	1.2793804359386935
0.6119999999999999	1.2732625032708305
0.613	1.2671508291125126
0.6139999999999999	1.2610455599226118
0.615	1.254946840475326
0.6159999999999999	1.2488550086903318
0.617	1.2427704413322571
0.6179999999999999	1.2366935077984973
0.619	1.230624570187688
0.6199999999999999	1.2245639834017363
0.621	1.2185120952465747
0.6219999999999999	1.2124692465316869
0.623	1.206435771168422
0.6239999999999999	1.2004119962670816
0.625	1.1943982422328339
0.6259999999999999	1.1883948228604317
0.627	1.1824020454277704
0.6279999999999999	1.1764202107882908
0.629	1.1704496134622495
0.6299999999999999	1.1644905417268456
0.631	1.1585432777052507
0.6319999999999999	1.1526080974545239
0.633	1.1466852710524538
0.6339999999999999	1.1407750626833066
0.635	1.134877730722518
0.6359999999999999	1.1289935278203416
0.637	1.1231227009844456
0.6379999999999999	1.1172654916614881
0.639	1.1114221358176768
0.6399999999999999	1.1055928640183208
0.641	1.0997779015064024
0.6419999999999999	1.0939774682801393
0.643	1.088191779169623
0.6439999999999999	1.0824210439124498
0.645	1.0766654672284424
0.6459999999999999	1.070925248893413
0.647	1.065200583812004
0.6479999999999999	1.0594916620896366
0.649	1.0537986691035168
0.6499999999999999	1.0481217855727734
0.651	1.0424611876277208
0.6519999999999999	1.0368170468782105
0.653	1.031189530481168
0.6539999999999999	1.0255788012072435
0.655	1.0199850175066234
0.6559999999999999	1.0144083335740273
0.657	1.0088488994128613
0.6579999999999999	1.0033068608985676
0.659	0.9977823598411638
0.6599999999999999	0.9922755340470024
0.661	0.9867865173797166
0.6619999999999999	0.9813154398204179
0.663	0.9758624275271107
0.6639999999999999	0.9704276028933563
0.665	0.965011084606171
0.6659999999999999	0.9596129877032163
0.667	0.9542334236292139
0.6679999999999999	0.948872500291674
0.669	0.9435303221158895
0.6699999999999999	0.9382069900992263
0.671	0.9329026018647227
0.6719999999999999	0.9276172517139876
0.673	0.9223510306794206
0.6739999999999999	0.917104026575763
0.675	0.91187632405098
0.6759999999999999	0.9066680046364779
0.677	0.9014791467966822
0.6779999999999999	0.896309825977963
0.679	0.8911601146569287
0.6799999999999999	0.8860300823880962
0.681	0.8809197958509329
0.6819999999999999	0.8758293188962966
0.683	0.8707587125922486
0.6839999999999999	0.865708035269298
0.685	0.8606773425650257
0.6859999999999999	0.8556666874681497
0.687	0.8506761203619878
0.688	0.8457056890673657
0.6890000000000001	0.8407554388849608
0.69	0.8358254126370838
0.6910000000000001	0.8309156507089067
0.692	0.8260261910891546
0.6930000000000001	0.8211570694102551
0.694	0.8163083189879604
0.6950000000000001	0.8114799708604364
0.696	0.8066720538268426
0.6970000000000001	0.8018845944853954
0.698	0.7971176172709256
0.6990000000000001	0.7923711444919281
0.7	0.7876451963671413
0.7010000000000001	0.7829397910616004
0.702	0.7782549447222449
0.7030000000000001	0.7735906715130284
0.704	0.768946983649563
0.7049999999999998	0.7643238914332957
0.706	0.7597214032852325
0.7069999999999999	0.7551395257792018
0.708	0.7505782636746668
0.7089999999999999	0.7460376199491
0.71	0.7415175958299246
0.7109999999999999	0.7370181908260073
0.712	0.7325394027587381
0.7129999999999999	0.7280812277926789
0.714	0.7236436604658028
0.7149999999999999	0.7192266937193165
0.716	0.7148303189270768
0.7169999999999999	0.7104545259245941
0.718	0.7060993030376636
0.7189999999999999	0.7017646371105797
0.72	0.6974505135339732
0.7209999999999999	0.6931569162722662
0.722	0.6888838278907427
0.7229999999999999	0.6846312295822521
0.724	0.680399101193539
0.7249999999999999	0.6761874212512113
0.726	0.6719961669873461
0.7269999999999999	0.6678253143647327
0.728	0.6636748381017855
0.7289999999999999	0.6595447116970854
0.73	0.6554349074535862
0.7309999999999999	0.6513453965024925
0.732	0.6472761488267887
0.7329999999999999	0.6432271332844479
0.734	0.6391983176313041
0.7349999999999999	0.6351896685436135
0.736	0.6312011516402861
0.7369999999999999	0.627232731504815
0.738	0.6232843717068813
0.7389999999999999	0.6193560348236591
0.74	0.6154476824608275
0.7409999999999999	0.6115592752732613
0.742	0.6076907729854392
0.7429999999999999	0.603842134411567
0.744	0.6000133174753955
0.7449999999999999	0.5962042792297652
0.746	0.5924149758758692
0.7469999999999999	0.5886453627822321
0.748	0.5848953945034207
0.7489999999999999	0.5811650247984805
0.75	0.5774542066491045
0.7509999999999999	0.5737628922775477
0.752	0.5700910331642557
0.7529999999999999	0.5664385800652695
0.754	0.5628054830293476
0.7549999999999999	0.5591916914148479
0.756	0.5555971539063712
0.7569999999999999	0.552021818531139
0.758	0.5484656326751458
0.7589999999999999	0.5449285430990646
0.76	0.5414104959539228
0.7609999999999999	0.5379114367965405
0.762	0.5344313106047356
0.7629999999999999	0.5309700617923135
0.764	0.527527634223818
0.7649999999999999	0.5241039712290756
0.766	0.5206990156175074
0.7669999999999999	0.5173127096922376
0.768	0.5139449952639777
0.7689999999999999	0.5105958136647083
0.77	0.5072651057611565
0.7709999999999999	0.5039528119680492
0.772	0.5006588722611914
0.7729999999999999	0.49738322619032266
0.774	0.4941258128917861
0.7749999999999999	0.49088657110100364
0.776	0.4876654391647506
0.7769999999999999	0.48446235505325347
0.778	0.48127725637208557
0.7789999999999999	0.47811008037389147
0.78	0.474960763969919
0.7809999999999999	0.47182924374137714
0.782	0.4687154559506092
0.7829999999999999	0.4656193365521003
0.784	0.46254082120330237
0.7849999999999999	0.45947984527529073
0.786	0.4564363438632572
0.7869999999999999	0.45341025179682687
0.788	0.4504015036502174
0.7889999999999999	0.4474100337522354
0.79	0.4444357761961085
0.7909999999999999	0.4414786648491622
0.792	0.4385386333623413
0.7929999999999999	0.4356156151795768
0.794	0.43270954354699365
0.7949999999999999	0.4298203515219839
0.796	0.4269479719821169
0.7969999999999999	0.4240923376339082
0.798	0.4212533810214454
0.7989999999999999	0.41843103453487507
0.8	0.4156252304187395
0.8009999999999999	0.4128359007801816
0.802	0.4100629775970149
0.8029999999999999	0.40730639272565217
0.804	0.4045660779089028
0.8049999999999999	0.4018419647836462
0.806	0.39913398488835955
0.8069999999999999	0.3964420696705356
0.808	0.39376615049396024
0.8089999999999999	0.39110615864587495
0.81	0.38846202534400737
0.8109999999999999	0.3858336817434883
0.812	0.38322105894364883
0.813	0.38062408799468933
0.8140000000000001	0.3780426999042445
0.815	0.3754768256438279
0.8160000000000001	0.37292639615515977
0.817	0.3703913423563913
0.8180000000000001	0.3678715951482085
0.819	0.36536708541983937
0.8200000000000001	0.36287774405493733
0.821	0.3604035019373757
0.8220000000000001	0.3579442899569279
0.823	0.35550003901484456
0.8240000000000001	0.3530706800293347
0.825	0.35065614394093875
0.8260000000000001	0.3482563617178091
0.827	0.34587126436089327
0.8280000000000001	0.34350078290901165
0.829	0.34114484844385384
0.8300000000000001	0.3388033920948715
0.831	0.33647634504408025
0.8320000000000001	0.33416363853077474
0.833	0.33186520385615126
0.8339999999999999	0.3295809723878396
0.835	0.3273108755643521
0.8359999999999999	0.32505484489944353
0.837	0.3228128119863842
0.8379999999999999	0.320584708502158
0.839	0.318370466211564
0.8399999999999999	0.31617001697125025
0.841	0.3139832927336597
0.8419999999999999	0.31181022555089694
0.843	0.3096507475785198
0.8439999999999999	0.30750479107925494
0.845	0.3053722884266306
0.8459999999999999	0.3032531721085429
0.847	0.3011473747307449
0.8479999999999999	0.29905482902026087
0.849	0.296975467828732
0.8499999999999999	0.2949092241356907
0.851	0.29285603105176455
0.8519999999999999	0.29081582182181054
0.853	0.28878852982798653
0.8539999999999999	0.2867740885927489
0.855	0.28477243178179
0.8559999999999999	0.2827834932069096
0.857	0.28080720682881916
0.8579999999999999	0.27884350675988867
0.859	0.27689232726682644
0.8599999999999999	0.27495360277330194
0.861	0.2730272678625037
0.8619999999999999	0.2711132572796425
0.863	0.26921150593439547
0.8639999999999999	0.2673219489032855
0.865	0.26544452143201697
0.8659999999999999	0.26357915893774225
0.867	0.2617257970112819
0.8679999999999999	0.2598843714192864
0.869	0.258054818106344
0.8699999999999999	0.2562370731970419
0.871	0.25443107299796636
0.8719999999999999	0.2526367539996575
0.873	0.25085405287851276
0.8739999999999999	0.24908290649864048
0.875	0.24732325191366356
0.8759999999999999	0.24557502636847717
0.877	0.24383816730095512
0.8779999999999999	0.24211261234361536
0.879	0.24039829932523205
0.8799999999999999	0.23869516627241102
0.881	0.2370031514111115
0.8819999999999999	0.23532219316812983
0.883	0.2336522301725415
0.8839999999999999	0.23199320125709091
0.885	0.2303450454595518
0.8859999999999999	0.22870770202403673
0.887	0.22708111040226958
0.8879999999999999	0.22546521025482097
0.889	0.22385994145229543
0.8899999999999999	0.22226524407649118
0.891	0.22068105842151098
0.8919999999999999	0.21910732499484387
0.893	0.2175439845184039
0.8939999999999999	0.21599097792953678
0.895	0.21444824638198662
0.8959999999999999	0.21291573124683152
0.897	0.21139337411338024
0.8979999999999999	0.20988111679003837
0.899	0.2083789013051382
0.8999999999999999	0.20688666990773807
0.901	0.20540436506838539
0.9019999999999999	0.2039319294798516
0.903	0.20246930605783398
0.9039999999999999	0.20101643794162563
0.905	0.1995732684947539
0.9059999999999999	0.19813974130559542
0.907	0.19671580018795176
0.9079999999999999	0.1953013891816033
0.909	0.19389645255283355
0.9099999999999999	0.19250093479492061
0.911	0.1911147806286084
0.9119999999999999	0.1897379350025434
0.913	0.188370343093692
0.9139999999999999	0.187011950307724
0.915	0.18566270227937662
0.9159999999999999	0.1843225448727896
0.917	0.18299142418181705
0.9179999999999999	0.1816692865303116
0.919	0.18035607847239118
0.9199999999999999	0.1790517467926741
0.921	0.17775623850649705
0.9219999999999999	0.1764695008601063
0.923	0.1751914813308286
0.9239999999999999	0.17392212762721926
0.925	0.17266138768918843
0.9259999999999999	0.1714092096881065
0.927	0.1701655420268874
0.9279999999999999	0.16893033334005458
0.929	0.16770353249378056
0.9299999999999999	0.16648508858591451
0.931	0.16527495094598393
0.9319999999999999	0.16407306913518002
0.933	0.16287939294632373
0.9339999999999999	0.1616938724038146
0.935	0.16051645776355858
0.9359999999999999	0.15934709951288228
0.937	0.15818574837042412
0.938	0.15703235528601386
0.9390000000000001	0.15588687144053426
0.94	0.1547492482457607
0.9410000000000001	0.15361943734419373
0.942	0.15249739060886783
0.9430000000000001	0.1513830601431489
0.944	0.15027639828051562
0.9450000000000001	0.14917735758432477
0.946	0.14808589084756354
0.9470000000000001	0.14700195109258613
0.948	0.14592549157083556
0.9490000000000001	0.14485646576255518
0.95	0.14379482737648178
0.9510000000000001	0.1427405303495284
0.952	0.14169352884645486
0.9530000000000001	0.1406537772595219
0.954	0.13962123020813724
0.9550000000000001	0.13859584253848492
0.956	0.13757756932314713
0.9570000000000001	0.13656636586071036
0.958	0.13556218767536302
0.9590000000000001	0.13456499051647935
0.96	0.1335747303581939
0.9609999999999999	0.13259136339896588
0.962	0.13161484606112947
0.9629999999999999	0.13064513499043792
0.964	0.12968218705559578
0.9649999999999999	0.12872595934777986
0.966	0.12777640918015368
0.9669999999999999	0.12683349408736894
0.968	0.1258971718250606
0.9689999999999999	0.12496740036933136
0.97	0.1240441379162273
0.9709999999999999	0.12312734288120636
0.972	0.12221697389859595
0.9729999999999999	0.12131298982104499
0.974	0.12041534971896585
0.9749999999999999	0.11952401287996887
0.976	0.11863893880829092
0.9769999999999999	0.11776008722421379
0.978	0.11688741806347691
0.9789999999999999	0.11602089147668278
0.98	0.11516046782869555
0.9809999999999999	0.11430610769803254
0.982	0.11345777187624875
0.9829999999999999	0.11261542136731587
0.984	0.11177901738699479
0.9849999999999999	0.11094852136220107
0.986	0.11012389493036656
0.9869999999999999	0.10930509993879244
0.988	0.10849209844399915
0.9889999999999999	0.10768485271106969
0.99	0.1068833252129878
0.9909999999999999	0.10608747862997041
0.992	0.10529727584879685
0.9929999999999999	0.10451267996213065
0.994	0.10373365426783908
0.9949999999999999	0.10296016226830655
0.996	0.10219216766974357
0.9969999999999999	0.10142963438149324
0.998	0.10067252651533071
0.9989999999999999	0.09992080838476115
1.	0.09917444450431258