0	0.
0.001	0.
0.002	7.032360839634764e-9
0.003	0.000022093748450960273
0.004	0.0005991392419498417
0.005	0.004139501862200762
0.006	0.015475059890024501
0.007	0.040950616483537
0.008	0.08703599024270355
0.009000000000000001	0.15920987157467656
0.010000000000000002	0.26132604221651545
0.011	0.39540225535634893
0.012	0.5616984846037621
0.013000000000000001	0.7589602986889714
0.014000000000000002	0.9847351889879827
0.015	1.2357015228968087
0.016	1.5079746613912335
0.017	1.7973721548490829
0.018000000000000002	2.0996312083085193
0.019000000000000003	2.410578446162181
0.02	2.726255813320841
0.021	3.043008282782687
0.022	3.3575396421846713
0.023	3.6669425088156444
0.024	3.9687082049974554
0.025	4.260721423730029
0.026000000000000002	4.541243857817186
0.027000000000000003	4.808890230429996
0.028	5.06259949062259
0.029	5.301603344772399
0.03	5.525393787258796
0.031	5.733690870797507
0.032	5.92641160909177
0.033	6.103640626292003
0.034	6.265602946812531
0.035	6.412639149198853
0.036000000000000004	6.545182975987194
0.037000000000000005	6.663741397148788
0.038	6.768877054742273
0.039	6.86119296800816
0.04	6.941319347328239
0.041	7.009902349205867
0.042	7.067594592165322
0.043000000000000003	7.1150472581402795
0.044	7.1529036017838035
0.045	7.181793704380419
0.046	7.202330314177807
0.047	7.215105629928827
0.048	7.220688895686003
0.049	7.219624687239388
0.05	7.212431783531745
0.051000000000000004	7.1996025283112965
0.052000000000000005	7.181602597741846
0.053000000000000005	7.15887110108772
0.054	7.131820949827185
0.055	7.1008394411733375
0.056	7.066289007455959
0.057	7.028508091635189
0.058	6.987812115009184
0.059000000000000004	6.9444945074632
0.06	6.898827777885751
0.061	6.851064602400906
0.062	6.801438917918364
0.063	6.7501670045447995
0.064	6.69744854896477
0.065	6.643467679375907
0.066	6.588393966470024
0.067	6.532383385584506
0.068	6.475579236894129
0.069	6.4181130228229835
0.07	6.3601052788269214
0.07100000000000001	6.301666360295728
0.07200000000000001	6.242897183596066
0.07300000000000001	6.183889922972965
0.074	6.12472866494379
0.075	6.065490018740398
0.076	6.006243689201195
0.077	5.947053008877051
0.078	5.88797543477454
0.079	5.829063009397202
0.08	5.770362789076718
0.081	5.711917242163278
0.082	5.653764616039077
0.083	5.595939278682832
0.084	5.53847203388799
0.085	5.481390412026064
0.08600000000000001	5.4247189398698135
0.08700000000000001	5.3684793884832445
0.088	5.312691002201481
0.089	5.25737070974513
0.09	5.202533319543602
0.091	5.148191698233274
0.092	5.094356935652732
0.093	5.041038497454401
0.094	4.988244364092301
0.095	4.935981160176173
0.096	4.884254272288655
0.097	4.833067957969034
0.098	4.782425445569992
0.099	4.732329026191195
0.1	4.682780137911229
0.101	4.633779444350934
0.10200000000000001	4.585326904358269
0.10300000000000001	4.537421838698484
0.10400000000000001	4.490062990167579
0.10500000000000001	4.4432485781144955
0.106	4.396976349667434
0.107	4.351243625982815
0.108	4.306047345622693
0.109	4.261384102889744
0.11	4.217250184327472
0.111	4.173641601857253
0.112	4.130554122268188
0.113	4.087983296293085
0.114	4.045924482340562
0.115	4.004372872234021
0.116	3.9633235095450514
0.117	3.922771311813478
0.11800000000000001	3.8827110874529587
0.11900000000000001	3.8431375517814224
0.12	3.804045342463943
0.121	3.765429033459454
0.122	3.7272831471367005
0.123	3.689602165918031
0.124	3.6523805430026726
0.125	3.615612711214768
0.126	3.579293092286294
0.127	3.543416104503845
0.128	3.507976170215444
0.129	3.472967721855018
0.13	3.4383852083544295
0.131	3.4042231003564605
0.132	3.370475894689215
0.133	3.3371381192344334
0.134	3.3042043369956455
0.135	3.2716691487127627
0.136	3.2395271970487163
0.137	3.2077731694645486
0.138	3.1764017990936146
0.139	3.145407869172427
0.14	3.1147862139218456
0.14100000000000001	3.0845317203699643
0.14200000000000002	3.05463932970799
0.14300000000000002	3.025104039034987
0.14400000000000002	2.995920901681465
0.14500000000000002	2.9670850293219133
0.146	2.938591591883555
0.147	2.9104358182401144
0.148	2.8826129969482452
0.149	2.8551184771547704
0.15	2.8279476674681385
0.151	2.801096037432532
0.152	2.7745591173640163
0.153	2.748332497597464
0.154	2.7224118297155213
0.155	2.6967928250283557
0.156	2.67147125497965
0.157	2.6464429513606764
0.158	2.621703804972035
0.159	2.597249766042334
0.16	2.5730768435360267
0.161	2.549181105086255
0.162	2.525558675566924
0.163	2.5022057378539353
0.164	2.4791185307202124
0.165	2.456293349876527
0.166	2.433726546225163
0.167	2.4114145263362166
0.168	2.3893537505724893
0.169	2.3675407331102583
0.17	2.3459720410111577
0.171	2.3246442946709016
0.17200000000000001	2.303554165510494
0.17300000000000001	2.282698376564298
0.17400000000000002	2.262073700719269
0.17500000000000002	2.2416769613000422
0.176	2.2215050301527737
0.177	2.201554827709704
0.178	2.1818233222610086
0.179	2.16230752903323
0.18	2.1430045093825716
0.181	2.123911370125521
0.182	2.1050252637650972
0.183	2.086343386371015
0.184	2.06786297841466
0.185	2.0495813225217807
0.186	2.0314957435195504
0.187	2.0136036087217506
0.188	1.995902325531056
0.189	1.9783893421965975
0.19	1.9610621465229638
0.191	1.943918265405067
0.192	1.9269552636871006
0.193	1.9101707447084804
0.194	1.8935623484139197
0.195	1.8771277517962608
0.196	1.8608646675305953
0.197	1.8447708435243022
0.198	1.8288440627855966
0.199	1.8130821423904107
0.2	1.7974829331562907
0.201	1.7820443190196096
0.202	1.7667642163915052
0.203	1.751640573952844
0.20400000000000001	1.7366713715565336
0.20500000000000002	1.721854619978119
0.20600000000000002	1.7071883608562468
0.20700000000000002	1.692670665231553
0.20800000000000002	1.678299633490181
0.20900000000000002	1.6640733956763616
0.21	1.649990109749674
0.211	1.6360479619879398
0.212	1.622245165444569
0.213	1.6085799609543103
0.214	1.595050615747956
0.215	1.5816554226783681
0.216	1.5683927010373566
0.217	1.5552607951006896
0.218	1.5422580734148343
0.219	1.5293829297621022
0.22	1.5166337816044122
0.221	1.5040090697025335
0.222	1.4915072588772882
0.223	1.4791268356210399
0.224	1.4668663094718117
0.225	1.4547242121742738
0.226	1.4426990969624325
0.227	1.4307895382813598
0.228	1.4189941315990922
0.229	1.407311492782687
0.23	1.3957402584030922
0.231	1.3842790848569266
0.232	1.3729266479778615
0.233	1.3616816428262666
0.234	1.350542783393876
0.23500000000000001	1.3395088025876711
0.23600000000000002	1.3285784512154322
0.23700000000000002	1.3177504983632216
0.23800000000000002	1.3070237307538308
0.23900000000000002	1.2963969526048702
0.24	1.2858689854448333
0.241	1.2754386669874176
0.242	1.2651048525017776
0.243	1.2548664125827456
0.244	1.2447222346731535
0.245	1.2346712215282827
0.246	1.2247122916916613
0.247	1.2148443783501586
0.248	1.2050664303608982
0.249	1.1953774109272222
0.25	1.1857762980360977
0.251	1.1762620841619713
0.252	1.1668337754166755
0.253	1.1574903918475197
0.254	1.1482309671180988
0.255	1.1390545481459644
0.256	1.129960195345039
0.257	1.1209469819447972
0.258	1.1120139939606544
0.259	1.1031603298183656
0.26	1.0943851003519642
0.261	1.0856874283753746
0.262	1.0770664491168616
0.263	1.0685213089857186
0.264	1.060051166318432
0.265	1.051655191033528
0.266	1.0433325638849738
0.267	1.0350824766697553
0.268	1.0269041323309058
0.269	1.0187967442652726
0.27	1.0107595364187103
0.271	1.0027917430125295
0.272	0.9948926090129172
0.273	0.9870613889061014
0.274	0.9792973467297081
0.275	0.9715997567377619
0.276	0.9639679032924123
0.277	0.9564010786886326
0.278	0.9488985861848033
0.279	0.9414597368402841
0.28	0.9340838516740844
0.281	0.9267702600648265
0.28200000000000003	0.9195183002225401
0.28300000000000003	0.912327318549021
0.28400000000000003	0.905196670800376
0.28500000000000003	0.8981257203713797
0.28600000000000003	0.8911138391021788
0.28700000000000003	0.8841604067399815
0.28800000000000003	0.8772648110557265
0.28900000000000003	0.8704264477499458
0.29	0.8636447199987437
0.291	0.856919039052692
0.292	0.8502488236007516
0.293	0.8436334992129108
0.294	0.8370724987119634
0.295	0.8305652625214484
0.296	0.8241112382363511
0.297	0.8177098802191097
0.298	0.8113606491246091
0.299	0.8050630126823225
0.3	0.7988164459274553
0.301	0.792620429558317
0.302	0.7864744512949484
0.303	0.7803780050777209
0.304	0.7743305906658734
0.305	0.7683317143721693
0.306	0.7623808885285014
0.307	0.7564776319485215
0.308	0.7506214682705228
0.309	0.7448119279009111
0.31	0.7390485466689264
0.311	0.7333308657200347
0.312	0.7276584324404032
0.313	0.7220307992454006
0.314	0.7164475237818038
0.315	0.7109081696297943
0.316	0.7054123053736127
0.317	0.6999595045294731
0.318	0.6945493460117066
0.319	0.6891814136902321
0.32	0.6838552962935307
0.321	0.6785705876511052
0.322	0.6733268859635736
0.323	0.6681237948851321
0.324	0.6629609225457261
0.325	0.6578378813305129
0.326	0.6527542885885677
0.327	0.6477097657341766
0.328	0.6427039391303382
0.329	0.6377364392375348
0.33	0.6328069008255781
0.331	0.6279149628496561
0.332	0.6230602687808187
0.333	0.6182424656753891
0.334	0.6134612054670713
0.335	0.608716143819735
0.336	0.6040069397030401
0.337	0.5993332564877623
0.338	0.5946947614473559
0.339	0.5900911260852357
0.34	0.5855220247504989
0.341	0.580987136332682
0.342	0.5764861428064161
0.343	0.5720187302791536
0.34400000000000003	0.5675845875450923
0.34500000000000003	0.5631834078564105
0.34600000000000003	0.5588148877260821
0.34700000000000003	0.5544787262433376
0.34800000000000003	0.5501746270527761
0.34900000000000003	0.5459022966914859
0.35000000000000003	0.5416614446343208
0.35100000000000003	0.537451783816696
0.352	0.5332730307087566
0.353	0.5291249044710619
0.354	0.5250071271239249
0.355	0.520919424759469
0.356	0.5168615260428067
0.357	0.5128331620457284
0.358	0.5088340674997726
0.359	0.5048639796034308
0.36	0.5009226386922578
0.361	0.4970097880067442
0.362	0.49312517326126204
0.363	0.4892685435187394
0.364	0.4854396498458949
0.365	0.481638246852936
0.366	0.47786409054621215
0.367	0.4741169409782951
0.368	0.4703965599456449
0.369	0.4667027124743896
0.37	0.4630351649576232
0.371	0.4593936869446194
0.372	0.45577805076971184
0.373	0.45218803064837965
0.374	0.4486234037227199
0.375	0.4450839498070464
0.376	0.44156944939488124
0.377	0.4380796871352837
0.378	0.4346144486859923
0.379	0.43117352269147263
0.38	0.42775670003597904
0.381	0.42436377309779494
0.382	0.42099453736346765
0.383	0.41764878994196936
0.384	0.4143263300155573
0.385	0.41102695877599066
0.386	0.4077504800464154
0.387	0.4044966990787101
0.388	0.40126542364926515
0.389	0.39805646302303277
0.39	0.3948696285653453
0.391	0.39170473378764253
0.392	0.38856159410642527
0.393	0.3854400265705146
0.394	0.3823398503234974
0.395	0.3792608860919842
0.396	0.37620295691622235
0.397	0.373165887205078
0.398	0.37014950333231833
0.399	0.3671536336878299
0.4	0.3641781076640088
0.401	0.3612227569277119
0.402	0.3582874148950825
0.403	0.3553719161760852
0.404	0.35247609788076434
0.405	0.3495997979817315
0.406	0.3467428561209779
0.40700000000000003	0.34390511406002006
0.40800000000000003	0.3410864149348653
0.40900000000000003	0.33828660294081986
0.41000000000000003	0.3355055240484335
0.41100000000000003	0.3327430264840589
0.41200000000000003	0.3299989588831086
0.41300000000000003	0.3272731721374336
0.41400000000000003	0.3245655187569939
0.41500000000000004	0.32187585174610817
0.41600000000000004	0.3192040264036998
0.41700000000000004	0.31654989892605884
0.418	0.3139133275250539
0.419	0.31129417117846087
0.42	0.3086922905988534
0.421	0.3061075475775863
0.422	0.3035398056407607
0.423	0.30098892921440124
0.424	0.29845478447896157
0.425	0.2959372383788869
0.426	0.2934361595994738
0.427	0.2909514177605602
0.428	0.28848288395538374
0.429	0.28603043057069794
0.43	0.28359393103321845
0.431	0.28117325994113224
0.432	0.27876829318483665
0.433	0.27637890787677827
0.434	0.2740049825725022
0.435	0.27164639599039603
0.436	0.2693030292720484
0.437	0.26697476374749685
0.438	0.26466148212836893
0.439	0.26236306856127267
0.44	0.2600794082890377
0.441	0.25781038675193085
0.442	0.25555589111239424
0.443	0.2533158101152758
0.444	0.25109003276307756
0.445	0.248878448946485
0.446	0.24668095008433405
0.447	0.24449742847982234
0.448	0.24232777755848106
0.449	0.24017189182630092
0.45	0.23802966590464195
0.451	0.2359009963753658
0.452	0.23378578050557816
0.453	0.2316839158281601
0.454	0.22959530212823762
0.455	0.227519839130845
0.456	0.22545742771943705
0.457	0.22340796954623202
0.458	0.22137136744460456
0.459	0.21934752500487145
0.46	0.21733634672520266
0.461	0.21533773761442487
0.462	0.21335160429609581
0.463	0.21137785341187706
0.464	0.2094163929237886
0.465	0.2074671318540385
0.466	0.20552997914295543
0.467	0.2036048452517039
0.468	0.20169164153114547
0.46900000000000003	0.19979027998580132
0.47000000000000003	0.19790067283052443
0.47100000000000003	0.1960227341950003
0.47200000000000003	0.19415637781384495
0.47300000000000003	0.19230151887701433
0.47400000000000003	0.19045807330789413
0.47500000000000003	0.18862595756090467
0.47600000000000003	0.18680508883428884
0.47700000000000004	0.184995385180247
0.47800000000000004	0.18319676488917533
0.47900000000000004	0.1814091480383452
0.48	0.1796324542000233
0.481	0.1778666045280596
0.482	0.17611152076451303
0.483	0.17436712485811812
0.484	0.1726333394630824
0.485	0.17091008836923538
0.486	0.16919729592327087
0.487	0.16749488685334377
0.488	0.16580278643512272
0.489	0.16412092140886786
0.49	0.16244921835871726
0.491	0.16078760425597596
0.492	0.15913600768904476
0.493	0.15749435763588485
0.494	0.1558625829093749
0.495	0.15424061352056334
0.496	0.15262838020578634
0.497	0.1510258138850849
0.498	0.14943284643561203
0.499	0.14784940963452
0.5	0.1462754369397341
0.5009999999999999	0.1447108614271908
0.502	0.14315561682611505
0.5029999999999999	0.14160963817802
0.504	0.14007286064235197
0.5049999999999999	0.1385452192347684
0.506	0.13702665048284263
0.5069999999999999	0.1355170912162338
0.508	0.1340164788583289
0.5089999999999999	0.13252475087732515
0.51	0.13104184577318873
0.5109999999999999	0.12956770212989446
0.512	0.12810225955391652
0.5129999999999999	0.12664545778600017
0.514	0.12519723707136463
0.5149999999999999	0.12375753843410794
0.516	0.1223263031080395
0.5169999999999999	0.12090347300882218
0.518	0.11948898983026747
0.5189999999999999	0.11808279693443113
0.52	0.11668483740643731
0.5209999999999999	0.11529505468134942
0.522	0.11391339363742561
0.5229999999999999	0.11253979827318894
0.524	0.11117421391510571
0.5249999999999999	0.10981658627018671
0.526	0.10846686095130258
0.5269999999999999	0.10712498433682976
0.528	0.10579090377939357
0.5289999999999999	0.1044645662268144
0.53	0.10314591946858616
0.5309999999999999	0.10183491161997078
0.532	0.10053149097615831
0.5329999999999999	0.09923560682176916
0.534	0.09794720890228475
0.5349999999999999	0.09666624638304606
0.536	0.09539266966486547
0.5369999999999999	0.09412642927347671
0.538	0.09286747654984588
0.5389999999999999	0.09161576247937585
0.54	0.0903712388711282
0.5409999999999999	0.08913385823371438
0.542	0.08790357260463313
0.5429999999999999	0.08668033537263477
0.544	0.08546409970518348
0.5449999999999999	0.08425481902221348
0.546	0.08305244778559456
0.5469999999999999	0.0818569400735945
0.548	0.08066825050933696
0.5489999999999999	0.0794863348201496
0.55	0.07831114791864055
0.5509999999999999	0.07714264616448498
0.552	0.07598078515882846
0.5529999999999999	0.0748255217895689
0.554	0.07367681261874212
0.5549999999999999	0.07253461532833899
0.556	0.07139888688009957
0.5569999999999999	0.07026958565781315
0.558	0.06914666941606144
0.5589999999999999	0.06803009677777255
0.56	0.06691982622404219
0.5609999999999999	0.06581581741727936
0.562	0.06471802996403397
0.563	0.06362642351680207
0.5640000000000001	0.06254095819627487
0.565	0.06146159440071949
0.5660000000000001	0.060388292692856727
0.567	0.059321013900993876
0.5680000000000001	0.05825971987165988
0.569	0.05720437154152424
0.5700000000000001	0.05615493123318702
0.571	0.05511136123687683
0.5720000000000001	0.05407362395141712
0.573	0.053041682114192495
0.5740000000000001	0.05201549869508257
0.575	0.050995037336768356
0.5760000000000001	0.049980261429077265
0.577	0.04897113488733135
0.5779999999999998	0.0479676217866606
0.579	0.04696968672327032
0.5799999999999998	0.04597729438962551
0.581	0.04499040982275478
0.5819999999999999	0.04400899813125075
0.583	0.043033024780046086
0.5839999999999999	0.04206245572115218
0.585	0.04109725664141242
0.5859999999999999	0.04013739411724846
0.587	0.03918283421766279
0.5879999999999999	0.03823354457799511
0.589	0.037289491635943126
0.5899999999999999	0.03635064253060256
0.591	0.035416965340288056
0.5919999999999999	0.03448842744247246
0.593	0.0335649967775274
0.5939999999999999	0.03264664164340057
0.595	0.03173333019277524
0.5959999999999999	0.03082503179891635
0.597	0.029921714937101877
0.5979999999999999	0.029023349009990262
0.599	0.02812990310054633
0.5999999999999999	0.027241347197583397
0.601	0.026357650978125542
0.6019999999999999	0.02547878429453227
0.603	0.02460471799138154
0.6039999999999999	0.02373542230299129
0.605	0.02287086751893139
0.6059999999999999	0.022011025090299896
0.607	0.02115586576125436
0.6079999999999999	0.020305361211343773
0.609	0.019459482838204697
0.6099999999999999	0.018618202265423968
0.611	0.017781491638861797
0.6119999999999999	0.016949323289230454
0.613	0.016121669536262494
0.6139999999999999	0.015298502910855324
0.615	0.014479796084392232
0.6159999999999999	0.013665521980328029
0.617	0.012855653821277535
0.6179999999999999	0.01205016488233015
0.619	0.011249028936362496
0.6199999999999999	0.01045221930377463
0.621	0.009659710755759516
0.6219999999999999	0.008871476794621481
0.623	0.008101737665540548
0.6239999999999999	0.0073627530630657224
0.625	0.006662700023909574
0.6259999999999999	0.006006597794504758
0.627	0.0053970730995822
0.6279999999999999	0.004834966591809274
0.629	0.004319810953138601
0.6299999999999999	0.003850205544190432
0.631	0.003424107911360389
0.6319999999999999	0.003039058691375525
0.633	0.0026923533577885043
0.6339999999999999	0.002381171715698016
0.635	0.0021026739722560224
0.6359999999999999	0.0018540705104582635
0.637	0.0016326711054205402
0.6379999999999999	0.0014359181904836996
0.639	0.0012614078593242428
0.6399999999999999	0.001106901541993187
0.641	0.0009703306862816763
0.6419999999999999	0.0008497962853058114
0.643	0.0007435646965313835
0.6439999999999999	0.0006500608791872619
0.645	0.0005678599218086384
0.6459999999999999	0.0004956775277349767
0.647	0.0004323599641042999
0.6479999999999999	0.000376873851322565
0.649	0.00032829606867047453
0.6499999999999999	0.00028580397235081597
0.651	0.0002486660605632684
0.6519999999999999	0.00021623317260743993
0.653	0.0001879302727035295
0.6539999999999999	0.00016324884186760813
0.655	0.00014173988091091468
0.6559999999999999	0.000123007512936777
0.657	0.00010670316336680919
0.6579999999999999	0.00009252028856224711
0.659	0.00008018961973469889
0.6599999999999999	0.00006947488644017667
0.661	0.00006016898302668521
0.6619999999999999	0.00005209054156878181
0.663	0.00004508087576617862
0.6639999999999999	0.000039001261769020056
0.665	0.000033730523735448846
0.6659999999999999	0.000029162893986250668
0.667	0.000025206119789918293
0.6679999999999999	0.00002177979100985107
0.669	0.00001881386501549817
0.6699999999999999	0.000016247367359803797
0.671	0.000014027248728083758
0.6719999999999999	0.000012107380550319189
0.673	0.000010447673429325418
0.6739999999999999	9.013304166637986e-6
0.675	7.774038665845552e-6
0.6759999999999999	6.703639362163396e-6
0.677	5.779347072127656e-6
0.6779999999999999	4.98142828471261e-6
0.679	4.292779932142444e-6
0.6799999999999999	3.69858459290057e-6
0.681	3.186009898816329e-6
0.6819999999999999	2.743946650483183e-6
0.683	2.3627807982562513e-6
0.6839999999999999	2.0341950269998986e-6
0.685	1.7509961985085666e-6
0.6859999999999999	1.5069653625669887e-6
0.687	1.2967274519354428e-6
0.688	1.1156381336651573e-6
0.6890000000000001	9.596856041097937e-7
0.69	8.25405392413021e-7
0.6910000000000001	7.098064812728911e-7
0.692	6.103072681959054e-7
0.6930000000000001	5.246800786254162e-7
0.694	4.510031073165821e-7
0.6950000000000001	3.876188088398177e-7
0.696	3.3309788455979734e-7
0.6970000000000001	2.862081240102716e-7
0.698	2.458874551923468e-7
0.6990000000000001	2.1122064265696218e-7
0.7	1.8141914580240041e-7
0.7010000000000001	1.5580371395474698e-7
0.702	1.3378935067155258e-7
0.7030000000000001	1.1487232835606455e-7
0.704	9.86189765999604e-8
0.7049999999999998	8.465600448271333e-8
0.706	7.266214905248393e-8
0.7069999999999999	6.236097000923416e-8
0.708	5.351463474649209e-8
0.7089999999999999	4.591855885509128e-8
0.71	3.939678536486494e-8
0.7109999999999999	3.379800175730023e-8
0.712	2.8992107441332287e-8
0.7129999999999999	2.4867256217833404e-8
0.714	2.1327308508768145e-8
0.7149999999999999	1.828963700019541e-8
0.716	1.5683237029062142e-8
0.7169999999999999	1.3447099688666507e-8
0.718	1.1528811374008297e-8
0.7189999999999999	9.883348458888962e-9
0.72	8.472040089532718e-9
0.7209999999999999	7.261675793500878e-9
0.722	6.2237378067520735e-9
0.7229999999999999	5.333740791544037e-9
0.724	4.570664008618725e-9
0.7249999999999999	3.916463070592936e-9
0.726	3.3556501835721204e-9
0.7269999999999999	2.8749333211801733e-9
0.728	2.462906100015255e-9
0.7289999999999999	2.1097812679399267e-9
0.73	1.8071617021888675e-9
0.7309999999999999	1.5478436636385025e-9
0.732	1.3256477847940147e-9
0.7329999999999999	1.1352738997287765e-9
0.734	9.721763684039507e-10
0.7349999999999999	8.32457014240328e-10
0.736	7.127731970671625e-10
0.7369999999999999	6.102588911311695e-10
0.738	5.224569356358359e-10
0.7389999999999999	4.472608824673979e-10
0.74	3.8286508668551736e-10
0.7409999999999999	3.2772187639244716e-10
0.742	2.805048009462843e-10
0.7429999999999999	2.400770984830667e-10
0.744	2.054646439084956e-10
0.7449999999999999	1.7583274317681667e-10
0.746	1.5046622863888604e-10
0.7469999999999999	1.2875238757115718e-10
0.748	1.1016632192367951e-10
0.7489999999999999	9.425839416406468e-11
0.75	8.064346297275547e-11
0.7509999999999999	6.899165418577111e-11
0.752	5.902044882081245e-11
0.7529999999999999	5.048790117076269e-11
0.754	4.318682505191884e-11
0.7549999999999999	3.693981144447366e-11
0.756	3.1594958491470166e-11
0.7569999999999999	2.7022211925720394e-11
0.758	2.3110229686856302e-11
0.7589999999999999	1.976369541507408e-11
0.76	1.6901016447414833e-11
0.7609999999999999	1.44523520996947e-11
0.762	1.2357924227411153e-11
0.7629999999999999	1.0566570339111314e-11
0.764	9.034504440297167e-12
0.7649999999999999	7.724255355028582e-12
0.766	6.603757855781138e-12
0.7669999999999999	5.645574096780095e-12
0.768	4.826227206990049e-12
0.7689999999999999	4.125630338791419e-12
0.77	3.526598001706024e-12
0.7709999999999999	3.0144280234492114e-12
0.772	2.5765430449365193e-12
0.7729999999999999	2.202183969835704e-12
0.774	1.8821478003055963e-12
0.7749999999999999	1.6085625936560579e-12
0.776	1.3746954899018956e-12
0.7769999999999999	1.1747880730534009e-12
0.778	1.003915637905886e-12
0.7789999999999999	8.57866584449603e-13
0.78	7.33039406065376e-13
0.7809999999999999	6.263543964893807e-13
0.782	5.351780474730025e-13
0.7829999999999999	4.572587614384138e-13
0.784	3.906712414983118e-13
0.7849999999999999	3.337695594324542e-13
0.786	2.8514644093691966e-13
0.7869999999999999	2.4359898356710264e-13
0.788	2.080986754494554e-13
0.7889999999999999	1.7776641032598733e-13
0.79	1.5185072481172954e-13
0.7909999999999999	1.297092244476795e-13
0.792	1.1079287080339157e-13
0.7929999999999999	9.46324210913627e-14
0.794	8.082676707910537e-14
0.7949999999999999	6.903321123081878e-14
0.796	5.895868898315822e-14
0.7969999999999999	5.035305182274024e-14
0.798	4.3002261621710313e-14
0.7989999999999999	3.672353918422883e-14
0.8	3.136070868816191e-14
0.8009999999999999	2.6780253543774137e-14
0.802	2.28682135110992e-14
0.8029999999999999	1.9527067877004216e-14
0.804	1.6673605490132626e-14
0.8049999999999999	1.423682013768111e-14
0.806	1.2155865891839275e-14
0.8069999999999999	1.0378814179736627e-14
0.808	8.861256380116187e-15
0.8089999999999999	7.565436459103735e-15
0.81	6.458981162437533e-15
0.8109999999999999	5.514126019431928e-15
0.812	4.7074598972269025e-15
0.813	4.018674541444781e-15
0.8140000000000001	3.4305713529398087e-15
0.815	2.9284401793594784e-15
0.8160000000000001	2.499804125574882e-15
0.817	2.1338892053933594e-15
0.8180000000000001	1.8214663613743904e-15
0.819	1.5547612369778027e-15
0.8200000000000001	1.3270099572030726e-15
0.821	1.1326704953283656e-15
0.8220000000000001	9.667518079440556e-16
0.823	8.251249233240829e-16
0.8240000000000001	7.042306316594124e-16
0.825	6.010208752912929e-16
0.8260000000000001	5.128850691266457e-16
0.827	4.377075087865903e-16
0.8280000000000001	3.735214910437334e-16
0.829	3.1880725533900947e-16
0.8300000000000001	2.7204906099321175e-16
0.831	2.321534523033189e-16
0.8320000000000001	1.9809954934947935e-16
0.833	1.690137501594104e-16
0.8339999999999999	1.4426201619150642e-16
0.835	1.231053011098935e-16
0.8359999999999999	1.0499895904254607e-16
0.837	8.957630479276181e-17
0.8379999999999999	7.649498963968328e-17
0.839	6.527266127105676e-17
0.8399999999999999	5.569083499387348e-17
0.841	4.750584248346513e-17
0.8419999999999999	4.05350392508174e-17
0.843	3.453705283246894e-17
0.8439999999999999	2.940239340258367e-17
0.845	2.504441225376546e-17
0.8459999999999999	2.1376976879818736e-17
0.847	1.8243469621848406e-17
0.8479999999999999	1.5547915380230057e-17
0.849	1.3205970268042796e-17
0.8499999999999999	1.1204581371767281e-17
0.851	9.54195058596471e-18
0.8519999999999999	8.074490536101058e-18
0.853	6.849785387683054e-18
0.8539999999999999	5.8067786483290995e-18
0.855	4.933369372033828e-18
0.8559999999999999	4.1577830977373996e-18
0.857	3.468353664383345e-18
0.8579999999999999	2.9354927969235497e-18
0.859	2.498626807037078e-18
0.8599999999999999	2.0752259358405917e-18
0.861	1.7249772653935594e-18
0.8619999999999999	1.3877326732530878e-18
0.863	1.1231645668651437e-18
0.8639999999999999	8.71154542248647e-19
0.865	6.2048349646829145e-19
0.8659999999999999	5.129036809349598e-19
0.867	4.2815614616472373e-19
0.8679999999999999	3.4386287897161337e-19
0.869	2.6002320060247264e-19
0.8699999999999999	1.7663012569396664e-19
0.871	9.368957176394082e-20
0.8719999999999999	1.118710579875505e-20
0.873	0.
0.8739999999999999	0.
0.875	0.
0.8759999999999999	0.
0.877	0.
0.8779999999999999	0.
0.879	0.
0.8799999999999999	0.
0.881	0.
0.8819999999999999	0.
0.883	0.
0.8839999999999999	0.
0.885	0.
0.8859999999999999	0.
0.887	0.
0.8879999999999999	0.
0.889	0.
0.8899999999999999	0.
0.891	0.
0.8919999999999999	0.
0.893	0.
0.8939999999999999	0.
0.895	0.
0.8959999999999999	0.
0.897	0.
0.8979999999999999	0.
0.899	0.
0.8999999999999999	0.
0.901	0.
0.9019999999999999	0.
0.903	0.
0.9039999999999999	0.
0.905	0.
0.9059999999999999	0.
0.907	0.
0.9079999999999999	0.
0.909	0.
0.9099999999999999	0.
0.911	0.
0.9119999999999999	0.
0.913	0.
0.9139999999999999	0.
0.915	0.
0.9159999999999999	0.
0.917	0.
0.9179999999999999	0.
0.919	0.
0.9199999999999999	0.
0.921	0.
0.9219999999999999	0.
0.923	0.
0.9239999999999999	0.
0.925	0.
0.9259999999999999	0.
0.927	0.
0.9279999999999999	0.
0.929	0.
0.9299999999999999	0.
0.931	0.
0.9319999999999999	0.
0.933	0.
0.9339999999999999	0.
0.935	0.
0.9359999999999999	0.
0.937	0.
0.938	0.
0.9390000000000001	0.
0.94	0.
0.9410000000000001	0.
0.942	0.
0.9430000000000001	0.
0.944	0.
0.9450000000000001	0.
0.946	0.
0.9470000000000001	0.
0.948	0.
0.9490000000000001	0.
0.95	0.
0.9510000000000001	0.
0.952	0.
0.9530000000000001	0.
0.954	0.
0.9550000000000001	0.
0.956	0.
0.9570000000000001	0.
0.958	0.
0.9590000000000001	0.
0.96	0.
0.9609999999999999	0.
0.962	0.
0.9629999999999999	0.
0.964	0.
0.9649999999999999	0.
0.966	0.
0.9669999999999999	0.
0.968	0.
0.9689999999999999	0.
0.97	0.
0.9709999999999999	0.
0.972	0.
0.9729999999999999	0.
0.974	0.
0.9749999999999999	0.
0.976	0.
0.9769999999999999	0.
0.978	0.
0.9789999999999999	0.
0.98	0.
0.9809999999999999	0.
0.982	0.
0.9829999999999999	0.
0.984	0.
0.9849999999999999	0.
0.986	0.
0.9869999999999999	0.
0.988	0.
0.9889999999999999	0.
0.99	0.
0.9909999999999999	0.
0.992	0.
0.9929999999999999	0.
0.994	0.
0.9949999999999999	0.
0.996	0.
0.9969999999999999	0.
0.998	0.
0.9989999999999999	0.
1.	0.