0	0.
0.001	0.
0.002	4.2321521139650813e-69
0.003	3.759525221784882e-19
0.004	1.0971572466440157e-11
0.005	1.2280728531528302e-8
0.006	6.000863182015929e-7
0.007	7.570387704692424e-6
0.008	0.00004676520547614627
0.009000000000000001	0.00018760508102851582
0.010000000000000002	0.0005658380179915267
0.011	0.0013968095518721055
0.012	0.0029763066126363476
0.013000000000000001	0.005670688337450161
0.014000000000000002	0.009899996431658481
0.015	0.016117797661370177
0.016	0.024790705560913093
0.017	0.03637953842218214
0.018000000000000002	0.0513232095323573
0.019000000000000003	0.0700258068849754
0.02	0.09284689459069907
0.021	0.12009481302768754
0.022	0.15202262124542176
0.023	0.1888262725501594
0.024	0.2306446119718255
0.025	0.27756081096066576
0.026000000000000002	0.3296048959724657
0.027000000000000003	0.38675707446826807
0.028	0.44895160885108465
0.029	0.5160810329294244
0.03	0.5880005451010781
0.031	0.6645324469959245
0.032	0.7454705258650176
0.033	0.8305843037641786
0.034	0.9196230971467323
0.035	1.012319847187017
0.036000000000000004	1.1083946947847183
0.037000000000000005	1.2075582849261797
0.038	1.3095147936493063
0.039	1.4139646774178698
0.04	1.5206071497815057
0.041	1.6291423939444059
0.042	1.7392735225419103
0.043000000000000003	1.8507082978665572
0.044	1.9631606269397057
0.045	2.076351846585764
0.046	2.190011813819508
0.047	2.303879817007515
0.048	2.417705322699514
0.049	2.5312485729492313
0.05	2.6442810469078455
0.051000000000000004	2.7565858002034496
0.052000000000000005	2.867957694580725
0.053000000000000005	2.9782035296791225
0.054	3.087142087949457
0.055	3.1946041029549503
0.056	3.3004321605907516
0.057	3.40448054188596
0.058	3.506615015407142
0.059000000000000004	3.6067125866354304
0.06	3.7046612109534443
0.061	3.8003594762581985
0.062	3.8937162607611366
0.063	3.9846503708385375
0.064	4.073090163425738
0.065	4.158973156862986
0.066	4.242245633775389
0.067	4.322862239143722
0.068	4.400785576226774
0.069	4.475985802978199
0.07	4.548440230878037
0.07100000000000001	4.618132928174134
0.07200000000000001	4.685054329094181
0.07300000000000001	4.749200850360464
0.074	4.810574516219525
0.075	4.869182592976909
0.076	4.925037233682912
0.077	4.978155133924497
0.078	5.028557198894959
0.079	5.076268222287286
0.08	5.121316577426054
0.081	5.163733920532895
0.082	5.203554906479297
0.083	5.240816916887937
0.084	5.27555980061983
0.085	5.307825626566434
0.08600000000000001	5.337658448558533
0.08700000000000001	5.365104082114018
0.088	5.390209893026778
0.089	5.413024597304294
0.09	5.433598072273484
0.091	5.451981178618507
0.092	5.468225592871441
0.093	5.48238365010176
0.094	5.494508196538818
0.095	5.504652451611458
0.096	5.512869879184387
0.097	5.5192140676012
0.098	5.5237386180476085
0.099	5.526497041139964
0.1	5.5275426611570415
0.101	5.526928527582843
0.10200000000000001	5.524707333794933
0.10300000000000001	5.520931342356545
0.10400000000000001	5.515652316692557
0.10500000000000001	5.508921458767699
0.106	5.500789352559888
0.107	5.491305912907212
0.108	5.4805203394481765
0.109	5.468481075421047
0.11	5.455235771062306
0.111	5.440831251207935
0.112	5.425313487039779
0.113	5.408727571546134
0.114	5.391117698527705
0.115	5.372527144994469
0.116	5.352998256621509
0.117	5.332572436124025
0.11800000000000001	5.311290134329713
0.11900000000000001	5.289190843802301
0.12	5.266313094748006
0.121	5.242694453047118
0.122	5.218371520478686
0.123	5.1933799365625255
0.124	5.167754382212322
0.125	5.141528584968881
0.126	5.114735325650971
0.127	5.087406446200649
0.128	5.059572858897127
0.129	5.031264556521992
0.13	5.002510623585274
0.131	4.973339248314886
0.132	4.943777735509197
0.133	4.913852520110878
0.134	4.883589181350134
0.135	4.85301245737943
0.136	4.822146260451076
0.137	4.791013692558024
0.138	4.759637061219193
0.139	4.72803789573387
0.14	4.696236963573116
0.14100000000000001	4.664254286920679
0.14200000000000002	4.632109159512279
0.14300000000000002	4.599820163301712
0.14400000000000002	4.567405185396276
0.14500000000000002	4.534881434956588
0.146	4.502265459888378
0.147	4.469573163897153
0.148	4.436819822942267
0.149	4.404020101992665
0.15	4.3711880714681195
0.151	4.338337223575611
0.152	4.305480488434783
0.153	4.272630250083056
0.154	4.239798362182657
0.155	4.206996163560687
0.156	4.174234493623221
0.157	4.141523707307522
0.158	4.108873689940831
0.159	4.076293871774679
0.16	4.043793242294238
0.161	4.0113803641809795
0.162	3.979063387153572
0.163	3.9468500613078747
0.164	3.914747750326766
0.165	3.8827634443342034
0.166	3.850903772510837
0.167	3.8191750153998263
0.168	3.7875831167764833
0.169	3.7561336955877325
0.17	3.7248320571668216
0.171	3.6936832044585945
0.17200000000000001	3.6626918488354985
0.17300000000000001	3.6318624207052372
0.17400000000000002	3.601199079737003
0.17500000000000002	3.570705724815804
0.176	3.540386003924628
0.177	3.510243323383131
0.178	3.4802808572315644
0.179	3.450501555969894
0.18	3.420908155312531
0.181	3.391503184609689
0.182	3.3622889749005402
0.183	3.333267666867527
0.184	3.3044412184641643
0.185	3.2758114124121103
0.186	3.247379863319399
0.187	3.219148024594532
0.188	3.191117195298461
0.189	3.1632885266076087
0.19	3.1356630280737527
0.191	3.108241573782303
0.192	3.081024908244923
0.193	3.054013652055075
0.194	3.0272083074106435
0.195	3.0006092634585437
0.196	2.9742168014113757
0.197	2.9480310994962036
0.198	2.922052237671834
0.199	2.8962802023659533
0.2	2.870714890837131
0.201	2.8453561154698095
0.202	2.820203608011831
0.203	2.7952570233734684
0.20400000000000001	2.770515943601262
0.20500000000000002	2.7459798815281498
0.20600000000000002	2.7216482843894823
0.20700000000000002	2.6975205371226636
0.20800000000000002	2.67359596581509
0.20900000000000002	2.6498738407561784
0.21	2.6263533795289167
0.211	2.6030337499728256
0.212	2.5799140729824503
0.213	2.5569934251468407
0.214	2.5342708415042052
0.215	2.511745317876638
0.216	2.489415813347554
0.217	2.467281252610023
0.218	2.445340528037072
0.219	2.4235925019222386
0.22	2.4020360085397097
0.221	2.3806698559154866
0.222	2.3594928278611285
0.223	2.3385036857177823
0.224	2.3177011700563255
0.225	2.2970840023011125
0.226	2.2766508863108754
0.227	2.2564005098919364
0.228	2.2363315462347018
0.229	2.216442655310962
0.23	2.196732485041432
0.231	2.1771996727829763
0.232	2.1578428463376995
0.233	2.1386606251824496
0.234	2.1196516215084507
0.23500000000000001	2.100814441311183
0.23600000000000002	2.082147685345843
0.23700000000000002	2.063649950140021
0.23800000000000002	2.0453198287249723
0.23900000000000002	2.027155911712206
0.24	2.0091567879016443
0.241	1.9913210452327699
0.242	1.9736472714174569
0.243	1.9561340546090322
0.244	1.938779984177465
0.245	1.9215836512581015
0.246	1.9045436493520596
0.247	1.8876585749188715
0.248	1.8709270279296248
0.249	1.8543476122991336
0.25	1.8379189364102433
0.251	1.821639613602976
0.252	1.8055082624849772
0.253	1.7895235074852913
0.254	1.7736839790986147
0.255	1.7579883143426274
0.256	1.742435157008253
0.257	1.7270231580071398
0.258	1.7117509756735911
0.259	1.6966172760457123
0.26	1.6816207330770605
0.261	1.6667600289615596
0.262	1.652033854213621
0.263	1.6374409080185834
0.264	1.6229798983820711
0.265	1.6086495422087446
0.266	1.5944485656185656
0.267	1.5803757039996162
0.268	1.5664297021842775
0.269	1.552609314470668
0.27	1.5389133049440427
0.271	1.5253404473809258
0.272	1.5118895254389202
0.273	1.4985593326783981
0.274	1.485348672735777
0.275	1.4722563592767042
0.276	1.4592812161218014
0.277	1.4464220772052014
0.278	1.433677786765538
0.279	1.4210471992257263
0.28	1.4085291792791907
0.281	1.3961226019275577
0.28200000000000003	1.3838263524529821
0.28300000000000003	1.3716393264319424
0.28400000000000003	1.3595604297583477
0.28500000000000003	1.3475885786017185
0.28600000000000003	1.3357226994023168
0.28700000000000003	1.3239617288963426
0.28800000000000003	1.312304614036549
0.28900000000000003	1.3007503120209007
0.29	1.289297790209667
0.291	1.2779460261582967
0.292	1.2666940074825284
0.293	1.2555407319416725
0.294	1.244485207247695
0.295	1.2335264511760882
0.296	1.2226634914008203
0.297	1.2118953654773668
0.298	1.201221120856992
0.299	1.1906398146806394
0.3	1.1801505138523032
0.301	1.1697522949524632
0.302	1.1594442440860333
0.303	1.14922545690704
0.304	1.1390950385793275
0.305	1.1290521036129821
0.306	1.1190957758473592
0.307	1.1092251883744995
0.308	1.0994394835036927
0.309	1.089737812567192
0.31	1.0801193360249401
0.311	1.0705832232156054
0.312	1.061128652455745
0.313	1.0517548107792514
0.314	1.0424608940061326
0.315	1.0332461066300944
0.316	1.0241096616469958
0.317	1.0150507805765454
0.318	1.0060686933928653
0.319	0.9971626384311965
0.32	0.988331862191074
0.321	0.979575619474907
0.322	0.9708931731453396
0.323	0.9622837940568989
0.324	0.9537467610346253
0.325	0.9452813607687108
0.326	0.9368868877809026
0.327	0.9285626442231155
0.328	0.9203079399668325
0.329	0.9121220923477718
0.33	0.9040044261975869
0.331	0.8959542738316788
0.332	0.8879709747771316
0.333	0.8800538758803906
0.334	0.8722023310870908
0.335	0.864415701449387
0.336	0.8566933550977515
0.337	0.8490346670025526
0.338	0.8414390190831176
0.339	0.83390579995639
0.34	0.8264344049936897
0.341	0.8190242362322967
0.342	0.8116747022286462
0.343	0.8043852180498061
0.34400000000000003	0.7971552051635618
0.34500000000000003	0.7899840914528228
0.34600000000000003	0.7828713109617328
0.34700000000000003	0.7758163040625007
0.34800000000000003	0.768818517125195
0.34900000000000003	0.7618774027058399
0.35000000000000003	0.7549924193039125
0.35100000000000003	0.7481630313647496
0.352	0.7413887091938872
0.353	0.7346689288422059
0.354	0.7280031721360414
0.355	0.7213909265691104
0.356	0.7148316851946651
0.357	0.7083249466298401
0.358	0.7018702149231518
0.359	0.6954669995808767
0.36	0.6891148153707073
0.361	0.6828131824060095
0.362	0.6765616260050252
0.363	0.6703596765945418
0.364	0.664206869791814
0.365	0.6581027461364715
0.366	0.6520468512753335
0.367	0.6460387356554499
0.368	0.6400779545853775
0.369	0.634164068276798
0.37	0.6282966416625859
0.371	0.6224752443221567
0.372	0.6166994504385103
0.373	0.6109688388930591
0.374	0.6052829930144231
0.375	0.5996415006241121
0.376	0.5940439539384307
0.377	0.5884899496225118
0.378	0.5829790885533397
0.379	0.5775109759579552
0.38	0.5720852212750556
0.381	0.5667014380313457
0.382	0.5613592439653665
0.383	0.5560582608347565
0.384	0.5507981144365307
0.385	0.5455784345429253
0.386	0.5403988548533358
0.387	0.5352590129186773
0.388	0.5301585501501878
0.389	0.5250971117838066
0.39	0.5200743467331256
0.391	0.5150899076307227
0.392	0.5101434507750259
0.393	0.5052346360710647
0.394	0.500363127052013
0.395	0.49552859068810534
0.396	0.4907306974999283
0.397	0.4859691214578932
0.398	0.4812435398832212
0.399	0.4765536334763732
0.4	0.47189908633183275
0.401	0.4672795857651266
0.402	0.46269482234478165
0.403	0.45814448989347495
0.404	0.4536282853500656
0.405	0.4491459088085114
0.406	0.44469706351353094
0.40700000000000003	0.44028145568391086
0.40800000000000003	0.43589879464468767
0.40900000000000003	0.43154879264823337
0.41000000000000003	0.42723116493677743
0.41100000000000003	0.42294562970044175
0.41200000000000003	0.4186919079683178
0.41300000000000003	0.41446972365555945
0.41400000000000003	0.4102788034580154
0.41500000000000004	0.4061188769415376
0.41600000000000004	0.40198967633410315
0.41700000000000004	0.39789093662986014
0.418	0.3938223955485146
0.419	0.3897837934021284
0.42	0.3857748731851238
0.421	0.38179538048021894
0.422	0.37784506340818425
0.423	0.3739236726851907
0.424	0.3700309614835311
0.425	0.3661666855008905
0.426	0.36233060289514096
0.427	0.3585224741782966
0.428	0.3547420623644139
0.429	0.35098913275276716
0.43	0.3472634530243251
0.431	0.3435647931629383
0.432	0.33989292541811633
0.433	0.3362476243594928
0.434	0.33262866677710173
0.435	0.3290358316662376
0.436	0.3254689001772631
0.437	0.3219276556660619
0.438	0.3184118836104937
0.439	0.3149213716235114
0.44	0.3114559093579119
0.441	0.30801528857928223
0.442	0.3045993030824324
0.443	0.3012077486535024
0.444	0.2978404231018684
0.445	0.29449712624193236
0.446	0.29117765977670407
0.447	0.2878818274048502
0.448	0.28460943465305877
0.449	0.2813602890126105
0.45	0.2781341997857325
0.451	0.27493097814795203
0.452	0.2717504371337003
0.453	0.268592391499745
0.454	0.26545665782831585
0.455	0.2623430544849339
0.456	0.2592514015707026
0.457	0.2561815208999865
0.458	0.2531332359913017
0.459	0.25010637207031766
0.46	0.2471007560437383
0.461	0.2441162164139642
0.462	0.24115258332266437
0.463	0.23820968856075114
0.464	0.23528736552390683
0.465	0.2323854491459866
0.466	0.22950377599193192
0.467	0.22664218406310394
0.468	0.2238005129990036
0.46900000000000003	0.22097860387046475
0.47000000000000003	0.21817629928788856
0.47100000000000003	0.2153934433255546
0.47200000000000003	0.21262988152148232
0.47300000000000003	0.20988546085613421
0.47400000000000003	0.20716002971743627
0.47500000000000003	0.2044534379837389
0.47600000000000003	0.20176553684751397
0.47700000000000004	0.1990961789440327
0.47800000000000004	0.19644521825177247
0.47900000000000004	0.19381251012234535
0.48	0.19119791122915883
0.481	0.18860127957015171
0.482	0.18602247447603362
0.483	0.18346135656231807
0.484	0.1809177877057555
0.485	0.17839163111825057
0.486	0.17588275124166652
0.487	0.1733910137294158
0.488	0.17091628545630216
0.489	0.16845843457125578
0.49	0.16601733041224345
0.491	0.16359284349408748
0.492	0.16118484550680232
0.493	0.15879320931234975
0.494	0.1564178089369014
0.495	0.1540585195037688
0.496	0.15171521733634588
0.497	0.14938777982451093
0.498	0.147076085536604
0.499	0.14478001401370275
0.5	0.1424994460140263
0.5009999999999999	0.1402342632478068
0.502	0.13798434856804842
0.5029999999999999	0.1357495858587928
0.504	0.13352986002829034
0.5049999999999999	0.1313250570325222
0.506	0.12913506378900863
0.5069999999999999	0.1269597683100089
0.508	0.1247990595599591
0.5089999999999999	0.12265282747435646
0.51	0.12052096299998179
0.5109999999999999	0.1184033580485829
0.512	0.11629990541798081
0.5129999999999999	0.11421049894423198
0.514	0.1121350333679715
0.5149999999999999	0.11007340435257063
0.516	0.10802550845106416
0.5169999999999999	0.10599124316597003
0.518	0.10397050691103285
0.5189999999999999	0.10196319894598478
0.52	0.09996921943013366
0.5209999999999999	0.09798846935077021
0.522	0.09602085067492126
0.5229999999999999	0.0940662660812173
0.524	0.09212461920583777
0.5249999999999999	0.09019581446197288
0.526	0.08827975712083443
0.5269999999999999	0.08637635328750738
0.528	0.0844855098140043
0.5289999999999999	0.08260713441124376
0.53	0.08074113559156523
0.5309999999999999	0.07888742263612616
0.532	0.07704590557260263
0.5329999999999999	0.07521649524554788
0.534	0.07339910325775645
0.5349999999999999	0.07159364198466786
0.536	0.06980002450105173
0.5369999999999999	0.06801816464819119
0.538	0.0662479770093642
0.5389999999999999	0.06448937691424679
0.54	0.06274228039723448
0.5409999999999999	0.06100660420274454
0.542	0.059284514863613746
0.5429999999999999	0.05757914948938298
0.544	0.055893294223440346
0.5449999999999999	0.05422940686727461
0.546	0.05258964315814701
0.5469999999999999	0.05097588121874117
0.548	0.04938974429699109
0.5489999999999999	0.04783262190697642
0.55	0.04630568947490912
0.5509999999999999	0.04480992658778158
0.552	0.04334613393617387
0.5529999999999999	0.041914949037021865
0.554	0.040516860816782733
0.5549999999999999	0.03915222313040445
0.556	0.03782126728677628
0.5569999999999999	0.03652411364688721
0.558	0.03526078235675208
0.5589999999999999	0.03403120327324059
0.56	0.032835225137263585
0.5609999999999999	0.03167262404531324
0.562	0.030543111267108767
0.563	0.02944634045404826
0.5640000000000001	0.0283819142803106
0.565	0.027349390555763135
0.5660000000000001	0.026348287847311015
0.567	0.025378090642961287
0.5680000000000001	0.024438254090652412
0.569	0.023528208341822458
0.5700000000000001	0.02264736252773352
0.571	0.0217951083947397
0.5720000000000001	0.020970823622969897
0.573	0.020173874851284378
0.5740000000000001	0.01940362042985609
0.575	0.018659412920312424
0.5760000000000001	0.017940601362047063
0.577	0.017246533322068373
0.5779999999999998	0.016576556744587766
0.579	0.015930021615459533
0.5799999999999998	0.015306281455563283
0.581	0.014704694656263048
0.5819999999999999	0.014124625669181634
0.583	0.01356544606169032
0.5839999999999999	0.013026535448730074
0.585	0.012507282310845403
0.5859999999999999	0.012007084707625338
0.587	0.011525350895103901
0.5879999999999999	0.011061499855071053
0.589	0.010614961743683905
0.5899999999999999	0.010185178266241959
0.591	0.009771602984500711
0.5919999999999999	0.009373701562438018
0.593	0.008990951955960233
0.5939999999999999	0.008622844551635022
0.595	0.008268882259163784
0.5959999999999999	0.007928580561958732
0.597	0.007601467529864142
0.5979999999999999	0.0072870837977578
0.599	0.006984982513485582
0.5999999999999999	0.006694729258319149
0.601	0.006415901942879698
0.6019999999999999	0.006148090681242505
0.603	0.005890897645723391
0.6039999999999999	0.005643936904649802
0.605	0.0054068342452337935
0.6059999999999999	0.005179226983493099
0.607	0.004960763763005718
0.6079999999999999	0.004751104344135392
0.609	0.004549919385226774
0.6099999999999999	0.00435689021714112
0.611	0.004171708612383988
0.6119999999999999	0.003994076549966244
0.613	0.003823705977036566
0.6139999999999999	0.003660318568229651
0.615	0.0035036454835852097
0.6159999999999999	0.003353427125812287
0.617	0.0032094128975974578
0.6179999999999999	0.003071360959586137
0.619	0.0029390379896017216
0.6199999999999999	0.0028122189436076334
0.621	0.002690686818862807
0.6219999999999999	0.0025742324196704426
0.623	0.0024626541260731136
0.6239999999999999	0.002355757665804804
0.625	0.00225335588977064
0.6259999999999999	0.0021552685512892782
0.627	0.0020613220892994008
0.6279999999999999	0.0019713494157015533
0.629	0.0018851897069786122
0.6299999999999999	0.0018026882002128387
0.631	0.0017236959935940405
0.6319999999999999	0.0016480698514925955
0.633	0.0015756720141513745
0.6339999999999999	0.0015063700120336054
0.635	0.0014400364848475263
0.6359999999999999	0.001376549005254647
0.637	0.0013157899072553613
0.6379999999999999	0.001257646119234153
0.639	0.0012020090016362465
0.6399999999999999	0.0011487741892382314
0.641	0.0010978414379669136
0.6419999999999999	0.0010491144762134297
0.643	0.0010025008605830446
0.6439999999999999	0.0009579118360155727
0.645	0.0009152622002063171
0.6459999999999999	0.0008744701722531885
0.647	0.00083545726545211
0.6479999999999999	0.0007981481641596669
0.649	0.0007624706046394288
0.6499999999999999	0.0007283552598063318
0.651	0.0006957356277818061
0.6519999999999999	0.0006645479241711226
0.653	0.0006347309779734984
0.6539999999999999	0.0006062261310349822
0.655	0.0005789771409537394
0.6559999999999999	0.0005529300873475007
0.657	0.0005280332813930131
0.6579999999999999	0.0005042371785478332
0.659	0.00048149429436540803
0.6599999999999999	0.00045975912331519574
0.661	0.0004389880605204966
0.6619999999999999	0.0004191393263277624
0.663	0.0004001728936223424
0.6639999999999999	0.0003820504178069276
0.665	0.0003647351693603334
0.6659999999999999	0.00034819196889573223
0.667	0.0003323871246389838
0.6679999999999999	0.00031728837224927675
0.669	0.0003028648169059452
0.6699999999999999	0.00028908687758698385
0.671	0.00027592623346646807
0.6719999999999999	0.00026335577235982725
0.673	0.00025134954114761977
0.6739999999999999	0.00023988269811023698
0.675	0.00022893146710764302
0.6759999999999999	0.000218473093540082
0.677	0.00020848580202734605
0.6779999999999999	0.00019894875574595844
0.679	0.00018984201736534166
0.6799999999999999	0.00018114651152570504
0.681	0.00017284398880210394
0.6819999999999999	0.00016491699110073336
0.683	0.00015734881843518721
0.6839999999999999	0.00015012349703199371
0.685	0.00014322574871631892
0.6859999999999999	0.00013664096153028762
0.687	0.00013035516153788148
0.688	0.0001243549857718511
0.6890000000000001	0.00011862765627956345
0.69	0.00011316095522609227
0.6910000000000001	0.00010794320101428029
0.692	0.00010296322538283552
0.6930000000000001	0.00009821035144486409
0.694	0.00009367437263051866
0.6950000000000001	0.00008934553249870998
0.696	0.00008521450538403737
0.6970000000000001	0.00008127237784629683
0.698	0.00007751063089106924
0.6990000000000001	0.00007392112293102284
0.7	0.00007049607345865222
0.7010000000000001	0.00006722804740223344
0.702	0.00006410994013779885
0.7030000000000001	0.00006113496313093591
0.704	0.000058296630183173974
0.7049999999999998	0.00005558874425866277
0.706	0.00005300538486774646
0.7069999999999999	0.000050540895984914904
0.708	0.000048189874479460736
0.7089999999999999	0.000045947159037988276
0.71	0.000043807819558719774
0.7109999999999999	0.00004176714699829924
0.712	0.000039820643652545916
0.7129999999999999	0.000037964013853314706
0.714	0.00003619315506431679
0.7149999999999999	0.00003450414935941503
0.716	0.000032893255267557816
0.7169999999999999	0.00003135689996912921
0.718	0.000029891671829095335
0.7189999999999999	0.000028494313252902464
0.72	0.0000271617138516345
0.7209999999999999	0.00002589090390348127
0.722	0.000024679048099079182
0.7229999999999999	0.000023523439558785026
0.724	0.000022421494110422538
0.7249999999999999	0.000021370744816503527
0.726	0.000020368836740368032
0.7269999999999999	0.00001941352194111439
0.728	0.000018502654687604656
0.7289999999999999	0.000017634186882222148
0.73	0.000016806163685443924
0.7309999999999999	0.000016016719332651445
0.732	0.00001526407313495974
0.7329999999999999	0.000014546525656178491
0.734	0.000013862455058347338
0.7349999999999999	0.000013210313608599854
0.736	0.000012588624340409523
0.7369999999999999	0.000011995977862562263
0.738	0.000011431029309473144
0.7389999999999999	0.000010892495426736097
0.74	0.000010379151786047705
0.7409999999999999	9.889830123892675e-6
0.742	9.423415798616444e-6
0.7429999999999999	8.978845360732693e-6
0.744	8.555104231534604e-6
0.7449999999999999	8.151224485283546e-6
0.746	7.766282730450939e-6
0.7469999999999999	7.399398085682155e-6
0.748	7.049730246333238e-6
0.7489999999999999	6.716477637610301e-6
0.75	6.398875650508146e-6
0.7509999999999999	6.0961949569087944e-6
0.752	5.80773990035531e-6
0.7529999999999999	5.5328469591655005e-6
0.754	5.270883278695222e-6
0.7549999999999999	5.021245269697419e-6
0.756	4.783357269854579e-6
0.7569999999999999	4.556670265687165e-6
0.758	4.340660672163221e-6
0.7589999999999999	4.1348291674494715e-6
0.76	3.938699580354104e-6
0.7609999999999999	3.75181782811874e-6
0.762	3.5737509023196922e-6
0.7629999999999999	3.4040859007341936e-6
0.764	3.2424291031224283e-6
0.7649999999999999	3.0884050889653497e-6
0.766	2.941655895283551e-6
0.7669999999999999	2.801840212744735e-6
0.768	2.6686326183451444e-6
0.7689999999999999	2.5417228430269497e-6
0.77	2.42081507266333e-6
0.7709999999999999	2.3056272809148276e-6
0.772	2.195890592524287e-6
0.7729999999999999	2.0913486756815323e-6
0.774	1.9917571621491917e-6
0.7749999999999999	1.8968830938992525e-6
0.776	1.806504395065257e-6
0.7769999999999999	1.7204093680677795e-6
0.778	1.638396212820889e-6
0.7789999999999999	1.5602725679775546e-6
0.78	1.4858550732152053e-6
0.7809999999999999	1.4149689516111137e-6
0.782	1.3474476111963927e-6
0.7829999999999999	1.2831322648182285e-6
0.784	1.2218715674799896e-6
0.7849999999999999	1.1635212703650583e-6
0.786	1.1079438907881955e-6
0.7869999999999999	1.055008397348681e-6
0.788	1.0045899095943804e-6
0.7889999999999999	9.565694115346567e-7
0.79	9.108334783711194e-7
0.7909999999999999	8.672740158443978e-7
0.792	8.257880116198946e-7
0.7929999999999999	7.862772981631209e-7
0.794	7.486483265799936e-7
0.7949999999999999	7.12811950919489e-7
0.796	6.786832224619807e-7
0.7969999999999999	6.461811935335156e-7
0.798	6.152287304110945e-7
0.7989999999999999	5.857523349022627e-7
0.8	5.5768197420005e-7
0.8009999999999999	5.309509186338027e-7
0.802	5.05495586953922e-7
0.8029999999999999	4.812553988033241e-7
0.804	4.5817263404498254e-7
0.8049999999999999	4.361922986311818e-7
0.806	4.152619967119924e-7
0.8069999999999999	3.953318086963109e-7
0.808	3.7635417499089763e-7
0.8089999999999999	3.5828378515519784e-7
0.81	3.4107747222257805e-7
0.8109999999999999	3.2469411194899185e-7
0.812	3.0909452676155105e-7
0.813	2.942413941896172e-7
0.8140000000000001	2.8009915957162515e-7
0.815	2.666339528386251e-7
0.8160000000000001	2.5381350918709575e-7
0.817	2.416070934606351e-7
0.8180000000000001	2.2998542806727305e-7
0.819	2.1892062427059324e-7
0.8200000000000001	2.0838611669625946e-7
0.821	1.9835660090579508e-7
0.8220000000000001	1.8880797389475824e-7
0.823	1.797172773798223e-7
0.8240000000000001	1.710626437441986e-7
0.825	1.628232445191266e-7
0.8260000000000001	1.549792412823286e-7
0.827	1.475117388610851e-7
0.8280000000000001	1.4040274073293335e-7
0.829	1.3363510652212774e-7
0.8300000000000001	1.2719251149239192e-7
0.831	1.2105940794441402e-7
0.8320000000000001	1.1522098842932195e-7
0.833	1.0966315069213805e-7
0.8339999999999999	1.043724642651169e-7
0.835	9.933613863410965e-8
0.8359999999999999	9.4541992904508e-8
0.837	8.99784268957988e-8
0.8379999999999999	8.563439359852237e-8
0.839	8.149937292986849e-8
0.8399999999999999	7.756334672719033e-8
0.841	7.381677492122433e-8
0.8419999999999999	7.025057283403924e-8
0.843	6.685608954833038e-8
0.8439999999999999	6.36250872981402e-8
0.845	6.054972183397483e-8
0.8459999999999999	5.7622523715659146e-8
0.847	5.483638048868648e-8
0.8479999999999999	5.218451970440236e-8
0.849	4.9660492743196066e-8
0.8499999999999999	4.725815940262228e-8
0.851	4.497167321588587e-8
0.8519999999999999	4.279546746470562e-8
0.853	4.0724241855097834e-8
0.8539999999999999	3.875294982439104e-8
0.855	3.687678644974471e-8
0.8559999999999999	3.509117692977001e-8
0.857	3.339176561235186e-8
0.8579999999999999	3.177440554344908e-8
0.859	3.02351485110604e-8
0.8599999999999999	2.8770235562282054e-8
0.861	2.737608797017581e-8
0.8619999999999999	2.6049298630318313e-8
0.863	2.4786623865041048e-8
0.8639999999999999	2.3584975617771027e-8
0.865	2.244141401869392e-8
0.8659999999999999	2.1353140303151835e-8
0.867	2.0317490066900022e-8
0.8679999999999999	1.93319268427776e-8
0.869	1.8394035982622693e-8
0.8699999999999999	1.7501518830596894e-8
0.871	1.665218717335726e-8
0.8719999999999999	1.584395795545456e-8
0.873	1.5074848245774543e-8
0.8739999999999999	1.4342970443923599e-8
0.875	1.3646527715064514e-8
0.8759999999999999	1.2983809642805738e-8
0.877	1.2353188088864376e-8
0.8779999999999999	1.1753113250319581e-8
0.879	1.1182109905018128e-8
0.8799999999999999	1.0638773836547626e-8
0.881	1.0121768429159007e-8
0.8819999999999999	9.629821425605882e-9
0.883	9.161721840078856e-9
0.8839999999999999	8.716317017933602e-9
0.885	8.292509836497797e-9
0.8859999999999999	7.889256039571557e-9
0.887	7.505561699194384e-9
0.8879999999999999	7.140480798523294e-9
0.889	6.79311293105998e-9
0.8899999999999999	6.462601109260718e-9
0.891	6.148129678082357e-9
0.8919999999999999	5.848922328528421e-9
0.893	5.564240206715607e-9
0.8939999999999999	5.293380112545642e-9
0.895	5.035672785279566e-9
0.8959999999999999	4.790481271234569e-9
0.897	4.557199369412758e-9
0.8979999999999999	4.335250151820824e-9
0.899	4.124084554420882e-9
0.8999999999999999	3.9231800364389455e-9
0.901	3.732039302816084e-9
0.9019999999999999	3.5501890887074695e-9
0.903	3.377179002423052e-9
0.9039999999999999	3.212580423067743e-9
0.905	3.0559854518148307e-9
0.9059999999999999	2.9070059133408738e-9
0.907	2.7652724051634705e-9
0.9079999999999999	2.6304333925933336e-9
0.909	2.5021543473567884e-9
0.9099999999999999	2.3801169273235736e-9
0.911	2.2640181956646154e-9
0.9119999999999999	2.153569878014812e-9
0.913	2.048497654675282e-9
0.9139999999999999	1.9485404872115757e-9
0.915	1.8534499775251335e-9
0.9159999999999999	1.7629897576721608e-9
0.917	1.6769349086804131e-9
0.9179999999999999	1.5950714081292583e-9
0.919	1.5171956034973285e-9
0.9199999999999999	1.443113711046146e-9
0.921	1.372641339413669e-9
0.9219999999999999	1.3056030356853354e-9
0.923	1.241831852936399e-9
0.9239999999999999	1.1811689392932478e-9
0.925	1.1234631465109058e-9
0.9259999999999999	1.0685706577254196e-9
0.927	1.0163546327990827e-9
0.9279999999999999	9.666848702110955e-10
0.929	9.194374864970778e-10
0.9299999999999999	8.74494610517631e-10
0.931	8.317440922052398e-10
0.9319999999999999	7.910792259863504e-10
0.933	7.523984867979446e-10
0.9339999999999999	7.15605279324454e-10
0.935	6.806076998030405e-10
0.9359999999999999	6.473183081997197e-10
0.937	6.156539121784527e-10
0.938	5.855353610884889e-10
0.9390000000000001	5.568873506676355e-10
0.94	5.29638236264444e-10
0.9410000000000001	5.037198552215892e-10
0.942	4.790673586418527e-10
0.9430000000000001	4.556190503739392e-10
0.944	4.3331623407680165e-10
0.9450000000000001	4.1210306789158417e-10
0.946	3.9192642585637446e-10
0.9470000000000001	3.7273576635224436e-10
0.948	3.5448300649267507e-10
0.9490000000000001	3.371224029976044e-10
0.95	3.206104384508283e-10
0.9510000000000001	3.049057134191531e-10
0.952	2.899688434404051e-10
0.9530000000000001	2.7576236145727247e-10
0.954	2.6225062447009144e-10
0.9550000000000001	2.4939972493202566e-10
0.956	2.3717740667521866e-10
0.9570000000000001	2.2555298458005728e-10
0.958	2.1449726814886437e-10
0.9590000000000001	2.0398248901702096e-10
0.96	1.9398223174826656e-10
0.9609999999999999	1.8447136806472244e-10
0.962	1.7542599417023026e-10
0.9629999999999999	1.6682337151084197e-10
0.964	1.586418699654821e-10
0.9649999999999999	1.5086091378756348e-10
0.966	1.4346093046137084e-10
0.9669999999999999	1.364233019608391e-10
0.968	1.2973031823993606e-10
0.9689999999999999	1.2336513313379048e-10
0.97	1.1731172208378503e-10
0.9709999999999999	1.1155484237305178e-10
0.972	1.060799949796156e-10
0.9729999999999999	1.0087338832339491e-10
0.974	9.592190388234563e-11
0.9749999999999999	9.121306355123075e-11
0.976	8.673499835302952e-11
0.9769999999999999	8.2476418524784e-11
0.978	7.842658570214997e-11
0.9789999999999999	7.457528576501674e-11
0.98	7.091280343482751e-11
0.9809999999999999	6.742989815309354e-11
0.982	6.41177804108034e-11
0.9829999999999999	6.096809015882462e-11
0.984	5.797287575860412e-11
0.9849999999999999	5.5124574105173007e-11
0.986	5.241599179044173e-11
0.9869999999999999	4.9840286971730046e-11
0.988	4.7390952094256356e-11
0.9889999999999999	4.50617977516888e-11
0.99	4.284693696546016e-11
0.9909999999999999	4.074077095580642e-11
0.992	3.873797443125879e-11
0.9929999999999999	3.683348246160486e-11
0.994	3.5022478139865166e-11
0.9949999999999999	3.3300379969153443e-11
0.996	3.166283052948051e-11
0.9969999999999999	3.010568559746219e-11
0.998	2.8625003854943447e-11
0.9989999999999999	2.7217036639719148e-11
1.	2.5878218901187267e-11