0	0.
0.001	0.
0.002	0.
0.003	0.
0.004	0.
0.005	0.
0.006	0.
0.007	0.
0.008	0.
0.009000000000000001	0.
0.010000000000000002	0.
0.011	0.
0.012	0.
0.013000000000000001	0.
0.014000000000000002	0.
0.015	0.
0.016	0.
0.017	0.
0.018000000000000002	0.
0.019000000000000003	0.
0.02	0.
0.021	0.
0.022	0.
0.023	0.
0.024	3.587024548459373e-18
0.025	5.406327032208961e-13
0.026000000000000002	5.6621680874773045e-11
0.027000000000000003	1.0201161037724025e-9
0.028	8.267772362632849e-9
0.029	4.223092832263948e-8
0.03	1.5946192782080847e-7
0.031	4.864491246341094e-7
0.032	1.266319218993149e-6
0.033	2.916681651505881e-6
0.034	6.095547864967448e-6
0.035	0.000011771579753538601
0.036000000000000004	0.000021294802900471118
0.037000000000000005	0.000036464212160519664
0.038	0.00005958924517915688
0.039	0.00009354277244823834
0.04	0.0001418039523942103
0.041	0.00020848996089864666
0.042	0.0002983761875313617
0.043000000000000003	0.0004169049768909797
0.044	0.0005701833782055798
0.045	0.000764970654253632
0.046	0.0010086565014894634
0.047	0.0013092310592877539
0.048	0.001675247850433263
0.049	0.0021157808098822652
0.05	0.0026403765357902458
0.051000000000000004	0.003259002845769916
0.052000000000000005	0.003981994650707586
0.053000000000000005	0.004819998075121672
0.054	0.005783913662519182
0.055	0.0068848394108077075
0.056	0.00813401428982913
0.057	0.009542762802905997
0.058	0.01112244106863425
0.059000000000000004	0.012884384819146742
0.06	0.014839859637394424
0.061	0.017000013688980714
0.062	0.01937583314381514
0.063	0.02197810042920377
0.064	0.02481735540871168
0.065	0.027903859539866464
0.066	0.031247563028112872
0.067	0.03485807496393659
0.068	0.038744636404296436
0.069	0.04291609633798687
0.07	0.04738089045685913
0.07100000000000001	0.052147022640540275
0.07200000000000001	0.05722204905101121
0.07300000000000001	0.06261306472477209
0.074	0.06832669254399924
0.075	0.07436907446377314
0.076	0.08074586486985529
0.077	0.08746222594035953
0.078	0.09452282488477921
0.079	0.10193183293498954
0.08	0.10969292596487598
0.081	0.1178092866179765
0.082	0.1262836078258465
0.083	0.13511809760361954
0.084	0.14431448501336688
0.085	0.15387402719023444
0.08600000000000001	0.1637975173309085
0.08700000000000001	0.174085293548644
0.088	0.18473724850383122
0.089	0.19575283972384358
0.09	0.2071311005306332
0.091	0.2188706514992213
0.092	0.23096971237481279
0.093	0.24342611438074618
0.094	0.2562373128538402
0.095	0.2694004001479146
0.096	0.2829121187503208
0.097	0.2967688745602288
0.098	0.3109667502811593
0.099	0.3255015188838239
0.1	0.34036865709875486
0.101	0.3555633589014452
0.10200000000000001	0.3710805489558031
0.10300000000000001	0.38691489598464623
0.10400000000000001	0.4030608260387158
0.10500000000000001	0.4195125356382952
0.106	0.4362640047639803
0.107	0.4533090096754435
0.108	0.4706411355392184
0.109	0.48825378884854315
0.11	0.5061402096202269
0.111	0.5242934833552712
0.112	0.542706552751629
0.113	0.5613722291590624
0.114	0.5802832037674588
0.115	0.599432058521348
0.116	0.618811276754564
0.117	0.63841325354017
0.11800000000000001	0.6582303057518304
0.11900000000000001	0.6782546818337694
0.12	0.698478571277392
0.121	0.7188941138034504
0.122	0.739493408249416
0.123	0.7602685211624125
0.124	0.7812114950986895
0.125	0.802314356631231
0.126	0.8235691240675882
0.127	0.8449678148805135
0.128	0.8665024528544276
0.129	0.8881650749511009
0.13	0.9099477378983162
0.131	0.9318425245055688
0.132	0.953841549711136
0.133	0.9759369663651074
0.134	0.9981209707531581
0.135	1.0203858078660404
0.136	1.0427237764199457
0.137	1.0651272336329745
0.138	1.0875885997631174
0.139	1.110100362413213
0.14	1.1326550806084081
0.14100000000000001	1.1552453886517333
0.14200000000000002	1.1778639997634164
0.14300000000000002	1.2005037095095803
0.14400000000000002	1.2231573990260132
0.14500000000000002	1.245818038042635
0.146	1.2684786877143397
0.147	1.2911325032638068
0.148	1.313772736441884
0.149	1.336392737811065
0.15	1.3589859588575721
0.151	1.381545953937458
0.152	1.4040663820621
0.153	1.4265410085283914
0.154	1.4489637063988434
0.155	1.4713284578367378
0.156	1.4936293553014075
0.157	1.5158606026085983
0.158	1.538016515860807
0.159	1.5600915242523898
0.16	1.582080170754126
0.161	1.6039771126818625
0.162	1.6257771221537167
0.163	1.6474750864402643
0.164	1.6690660082120146
0.165	1.6905450056883806
0.166	1.7119073126922435
0.167	1.7331482786141466
0.168	1.7542633682899904
0.169	1.775248161796072
0.17	1.7960983541651507
0.171	1.8168097550271707
0.17200000000000001	1.8373782881781526
0.17300000000000001	1.857799991080651
0.17400000000000002	1.8780710142991224
0.17500000000000002	1.8981876208734192
0.176	1.9181461856335476
0.177	1.937943194458709
0.178	1.9575752434836142
0.179	1.977039038254877
0.18	1.9963313928403186
0.181	2.0154492288937993
0.182	2.0343895746782477
0.183	2.0531495640493396
0.184	2.071726435402317
0.185	2.090117530584235
0.186	2.108320293773984
0.187	2.1263322703322443
0.188	2.1441511056234566
0.189	2.16177454381197
0.19	2.179200426634208
0.191	2.1964266921488655
0.192	2.2134513734669117
0.193	2.2302725974631845
0.194	2.2468885834712977
0.195	2.2632976419634807
0.196	2.279498173216925
0.197	2.295488665968175
0.198	2.311267696057019
0.199	2.3268339250612335
0.2	2.3421860989236247
0.201	2.357323046572536
0.202	2.3722436785371595
0.203	2.3869469855587853
0.20400000000000001	2.4014320371991307
0.20500000000000002	2.4156979804468386
0.20600000000000002	2.42974403832321
0.20700000000000002	2.443569508488113
0.20800000000000002	2.4571737618470766
0.20900000000000002	2.470556241160422
0.21	2.4837164596553345
0.211	2.4966539996416874
0.212	2.5093685111324007
0.213	2.5218597104690783
0.214	2.534127378953645
0.215	2.5461713614866635
0.216	2.5579915652129177
0.217	2.5695879581749788
0.218	2.58096056797519
0.219	2.5921094804467395
0.22	2.603034838334236
0.221	2.6137368399843526
0.222	2.624215738046931
0.223	2.634471838186989
0.224	2.6445054978080913
0.225	2.654317124787348
0.226	2.6639071762225073
0.227	2.67327615719141
0.228	2.6824246195240877
0.229	2.6913531605878944
0.23	2.7000624220858014
0.231	2.7085530888681815
0.232	2.7168258877583065
0.233	2.7248815863917066
0.234	2.7327209920696416
0.23500000000000001	2.740344950626808
0.23600000000000002	2.74775434531345
0.23700000000000002	2.7549500956920254
0.23800000000000002	2.7619331565485172
0.23900000000000002	2.768704516818512
0.24	2.7752651985281407
0.241	2.781616255749969
0.242	2.787758773573848
0.243	2.7936938670928777
0.244	2.7994226804044047
0.245	2.8049463856261783
0.246	2.8102661819276316
0.247	2.815383294576338
0.248	2.820298973999556
0.249	2.825014494860976
0.25	2.82953115515253
0.251	2.833850275301286
0.252	2.8379731972914355
0.253	2.841901283801209
0.254	2.8456359173547776
0.255	2.8491784994890375
0.256	2.8525304499351964
0.257	2.855693205815097
0.258	2.858668220852238
0.259	2.8614569645973122
0.26	2.864060921668288
0.261	2.866481591004834
0.262	2.8687204851370653
0.263	2.870779129468441
0.264	2.87265906157275
0.265	2.87436183050504
0.266	2.875888996126419
0.267	2.8772421284425134
0.268	2.878422806955563
0.269	2.8794326200299856
0.27	2.8802731642712325
0.271	2.880946043917878
0.272	2.8814528702467577
0.273	2.8817952609910424
0.274	2.8819748397710745
0.275	2.881993235537874
0.276	2.8818520820291167
0.277	2.8815530172374886
0.278	2.8810976828912325
0.279	2.8804877239467213
0.28	2.8797247880930317
0.281	2.878810525268153
0.28200000000000003	2.877746587186897
0.28300000000000003	2.87653462688022
0.28400000000000003	2.875176298245849
0.28500000000000003	2.8736732556100644
0.28600000000000003	2.8720271533004817
0.28700000000000003	2.8702396452296464
0.28800000000000003	2.868312384489374
0.28900000000000003	2.8662470229555534
0.29	2.8640452109033965
0.291	2.8617085966328646
0.292	2.859238826104209
0.293	2.8566375425833797
0.294	2.853906386297283
0.295	2.8510469940985863
0.296	2.8480609991399826
0.297	2.844950030557841
0.298	2.841715713164954
0.299	2.838359667152321
0.3	2.8348835077997947
0.301	2.831288845195447
0.302	2.827577283963509
0.303	2.823750423000735
0.304	2.8198098552210125
0.305	2.815757167308172
0.306	2.8115939394767255
0.307	2.8073217452404826
0.308	2.8029421511888866
0.309	2.7984567167709007
0.31	2.7938669940863234
0.311	2.7891745276844198
0.312	2.784380854369687
0.313	2.779487503014652
0.314	2.774495994379574
0.315	2.769407840938876
0.316	2.7642245467142286
0.317	2.7589476071141283
0.318	2.753578508779829
0.319	2.7481187294375475
0.32	2.742569737756753
0.321	2.7369329932144866
0.322	2.731209945965534
0.323	2.7254020367183536
0.324	2.71951069661665
0.325	2.7135373471264472
0.326	2.707483399928561
0.327	2.7013502568164025
0.328	2.695139309598862
0.329	2.6888519400083575
0.33	2.68248951961375
0.331	2.676053409738147
0.332	2.669544961381431
0.333	2.662965515147386
0.334	2.656316401175399
0.335	2.649598939076537
0.336	2.6428144378739717
0.337	2.635964195947611
0.338	2.6290495009828394
0.339	2.6220716299233016
0.34	2.615031848927629
0.341	2.607931413329948
0.342	2.6007715676041685
0.343	2.5935535453319383
0.34400000000000003	2.5862785691740995
0.34500000000000003	2.5789478508456796
0.34600000000000003	2.5715625910942115
0.34700000000000003	2.5641239796814195
0.34800000000000003	2.5566331953680415
0.34900000000000003	2.5490914059018586
0.35000000000000003	2.5414997680087166
0.35100000000000003	2.5338594273865453
0.352	2.5261715187022884
0.353	2.5184371655916014
0.354	2.510657480661341
0.355	2.502833565494663
0.356	2.494966510658762
0.357	2.487057395715088
0.358	2.4791072892320614
0.359	2.4711172488000974
0.36	2.4630883210490087
0.361	2.455021541667579
0.362	2.4469179354254034
0.363	2.4387785161967446
0.364	2.4306042869865148
0.365	2.422396239958187
0.366	2.4141553564636715
0.367	2.4058826070750423
0.368	2.3975789516180552
0.369	2.389245339207433
0.37	2.3808827082838473
0.371	2.372491986652506
0.372	2.3640740915233653
0.373	2.3556299295528307
0.374	2.3471603968869577
0.375	2.338666379206072
0.376	2.3301487517707504
0.377	2.321608379469161
0.378	2.3130461168656424
0.379	2.304462808250542
0.38	2.2958592876912176
0.381	2.2872363790841908
0.382	2.2785948962083893
0.383	2.269935642779444
0.384	2.2612594125049954
0.385	2.2525669891409517
0.386	2.243859146548712
0.387	2.2351366487532185
0.388	2.226400250001909
0.389	2.2176506948244445
0.39	2.208888718093259
0.391	2.200115045084747
0.392	2.191330391541287
0.393	2.1825354637338092
0.394	2.1737309585250544
0.395	2.164917563433443
0.396	2.1560959566974742
0.397	2.1472668073406815
0.398	2.138430775237082
0.399	2.129588511177113
0.4	2.1207406569340095
0.401	2.1118878453305685
0.402	2.103030700306361
0.403	2.094169836985253
0.404	2.0853058617432607
0.405	2.076439372276759
0.406	2.0675709576709185
0.40700000000000003	2.0587011984684445
0.40800000000000003	2.049830666738508
0.40900000000000003	2.040959926145924
0.41000000000000003	2.0320895320204984
0.41100000000000003	2.02322003142653
0.41200000000000003	2.01435196323248
0.41300000000000003	2.0054858581807498
0.41400000000000003	1.996622238957545
0.41500000000000004	1.987761620262874
0.41600000000000004	1.978904508880516
0.41700000000000004	1.9700514037481374
0.418	1.9612027960273537
0.419	1.9523591691738353
0.42	1.94352099900739
0.421	1.9346887537820225
0.422	1.9258628942559417
0.423	1.9170438737615163
0.424	1.908232138275165
0.425	1.8994281264871113
0.426	1.8906322698710862
0.427	1.8818449927538927
0.428	1.8730667123848066
0.429	1.864297839004883
0.43	1.855538775916054
0.431	1.8467899195500952
0.432	1.8380516595373744
0.433	1.8293243787754176
0.434	1.8206084534972793
0.435	1.8119042533396734
0.436	1.8032121414108877
0.437	1.7945324743584548
0.438	1.785865602436577
0.439	1.7772118695732864
0.44	1.7685716134373362
0.441	1.7599451655048322
0.442	1.7513328511255526
0.443	1.7427349895889959
0.444	1.7341518941901115
0.445	1.7255838722947312
0.446	1.7170312254046742
0.447	1.7084942492225454
0.448	1.6999732337161777
0.449	1.691468463182761
0.45	1.6829802163126095
0.451	1.6745087662525977
0.452	1.6660543806692198
0.453	1.6576173218112986
0.454	1.6491978465723416
0.455	1.6407962065525021
0.456	1.6324126481201842
0.457	1.6240474124732567
0.458	1.6157007356998734
0.459	1.6073728488389334
0.46	1.599063977940129
0.461	1.590774344123584
0.462	1.5825041636391293
0.463	1.5742536479251457
0.464	1.566023003667004
0.465	1.5578124328551022
0.466	1.5496221328425088
0.467	1.5414522964021373
0.468	1.5333031117835796
0.46900000000000003	1.525174762769458
0.47000000000000003	1.517067428731374
0.47100000000000003	1.5089812846854638
0.47200000000000003	1.5009165013474768
0.47300000000000003	1.4928732451874849
0.47400000000000003	1.4848516784841108
0.47500000000000003	1.4768519593783689
0.47600000000000003	1.4688742419270522
0.47700000000000004	1.460918676155714
0.47800000000000004	1.4529854081111688
0.47900000000000004	1.4450745799136229
0.48	1.4371863298083298
0.481	1.4293207922168234
0.482	1.4214780977877268
0.483	1.41365837344711
0.484	1.4058617424484319
0.485	1.3980883244220261
0.486	1.3903382354241844
0.487	1.3826115879857708
0.488	1.3749084911604315
0.489	1.3672290505723523
0.49	1.3595733684635962
0.491	1.3519415437409998
0.492	1.3443336720226455
0.493	1.3367498456839022
0.494	1.3291901539030242
0.495	1.3216546827063504
0.496	1.314143515013032
0.497	1.3066567306793901
0.498	1.2991944065427874
0.499	1.2917566164651175
0.5	1.2843434313758697
0.5009999999999999	1.276954919314737
0.502	1.2695911454738467
0.5029999999999999	1.2622521722395503
0.504	1.2549380592337998
0.5049999999999999	1.2476488633551026
0.506	1.240384638819081
0.5069999999999999	1.2331454371985908
0.508	1.2259313074634681
0.5089999999999999	1.2187422960198253
0.51	1.2115784467489745
0.5109999999999999	1.2044398010459298
0.512	1.1973263978575004
0.5129999999999999	1.1902382737200132
0.514	1.1831754627965907
0.5149999999999999	1.1761379969140848
0.516	1.1691259055995618
0.5169999999999999	1.162139216116445
0.518	1.155177953500229
0.5189999999999999	1.1482421405938354
0.52	1.1413317980825508
0.5209999999999999	1.134446944528623
0.522	1.1275875964054307
0.5229999999999999	1.120753768131308
0.524	1.1139454721029862
0.5249999999999999	1.1071627187286408
0.526	1.1004055164606004
0.5269999999999999	1.093673871827655
0.528	1.0869677894670169
0.5289999999999999	1.0802872721559171
0.53	1.073632320842825
0.5309999999999999	1.0670029346783252
0.532	1.0603991110456341
0.5329999999999999	1.0538208455907492
0.534	1.0472681322522635
0.5349999999999999	1.0407409632908307
0.536	1.0342393293182612
0.5369999999999999	1.0277632193263098
0.538	1.0213126207150882
0.5389999999999999	1.0148875193211655
0.54	1.0084878994453013
0.5409999999999999	1.002113743879898
0.542	0.9957650339360538
0.5429999999999999	0.9894417494703474
0.544	0.983143868911259
0.5449999999999999	0.976871369285293
0.546	0.9706242262427583
0.5469999999999999	0.9644024140832498
0.548	0.9582059057808048
0.5489999999999999	0.9520346730087536
0.55	0.9458886861642478
0.5509999999999999	0.9397679143924997
0.552	0.9336723256107022
0.5529999999999999	0.9276018865316533
0.554	0.92155656268708
0.5549999999999999	0.9155363184506743
0.556	0.9095411170608123
0.5569999999999999	0.9035709206430165
0.558	0.8976256902320929
0.5589999999999999	0.8917053857940088
0.56	0.885809966247484
0.5609999999999999	0.8799393894852752
0.562	0.874093612395229
0.563	0.8682725908810105
0.5640000000000001	0.8624762798825966
0.565	0.8567046333964742
0.5660000000000001	0.8509576044955824
0.567	0.8452351453489936
0.5680000000000001	0.8395372072413165
0.569	0.8338637405918554
0.5700000000000001	0.8282146949734975
0.571	0.82259001913136
0.5720000000000001	0.8169896610011739
0.573	0.8114135677274165
0.5740000000000001	0.8058616856812068
0.575	0.8003339604779487
0.5760000000000001	0.794830336994728
0.577	0.7893507593874811
0.5779999999999998	0.7838951711079148
0.579	0.7784635149201913
0.5799999999999998	0.7730557329173939
0.581	0.7676717665377422
0.5819999999999999	0.7623115565805942
0.583	0.7569750432222244
0.5839999999999999	0.7516621660313572
0.585	0.7463728639845081
0.5859999999999999	0.7411070754810865
0.587	0.7358647383582899
0.5879999999999999	0.7306457899057849
0.589	0.7254501668801724
0.5899999999999999	0.7202778055192417
0.591	0.715128641556033
0.5919999999999999	0.7100026102326686
0.593	0.7048996463140106
0.5939999999999999	0.6998196841010925
0.595	0.6947626574443743
0.5959999999999999	0.6897284997567827
0.597	0.6847171440265748
0.5979999999999999	0.6797285228299977
0.599	0.6747625683437602
0.5999999999999999	0.669819212357326
0.601	0.6648983862850146
0.6019999999999999	0.6600000211779153
0.603	0.6551240477356315
0.6039999999999999	0.6502703963178338
0.605	0.64543899695565
0.6059999999999999	0.6406297793628642
0.607	0.6358426729469565
0.6079999999999999	0.6310776068199673
0.609	0.6263345098091867
0.6099999999999999	0.6216133104676916
0.611	0.6169139370847001
0.6119999999999999	0.6122363176957786
0.613	0.60758038009288
0.6139999999999999	0.6029460518342202
0.615	0.5983332602540057
0.6159999999999999	0.5937419324720025
0.617	0.5891719954029468
0.6179999999999999	0.5846233757658117
0.619	0.580096000092917
0.6199999999999999	0.5755897947388986
0.621	0.5711046858895239
0.6219999999999999	0.5666405995703698
0.623	0.5621974616553546
0.6239999999999999	0.5577751978751283
0.625	0.553373733825328
0.6259999999999999	0.5489929949746883
0.627	0.5446329066730269
0.6279999999999999	0.5402933941590857
0.629	0.5359743825682446
0.6299999999999999	0.5316757969401081
0.631	0.5273975622259542
0.6319999999999999	0.5231396032960629
0.633	0.51890184494692
0.6339999999999999	0.514684211908289
0.635	0.5104866288501657
0.6359999999999999	0.5063090203896152
0.637	0.5021513110974812
0.6379999999999999	0.49801342550498373
0.639	0.49389528811019895
0.6399999999999999	0.48979682338442393
0.641	0.4857179557784251
0.6419999999999999	0.4816586097285795
0.643	0.47761870966290726
0.6439999999999999	0.47359818000698267
0.645	0.4695969451897553
0.6459999999999999	0.46561492964925005
0.647	0.4616520578381731
0.6479999999999999	0.4577082542294052
0.649	0.4537834433214044
0.6499999999999999	0.44987754964349463
0.651	0.44599049776106586
0.6519999999999999	0.44212221228067283
0.653	0.43827261785503335
0.6539999999999999	0.43444163918794154
0.655	0.4306292010390688
0.6559999999999999	0.42683522822869713
0.657	0.42305964564233767
0.6579999999999999	0.41930237823527183
0.659	0.41556335103700254
0.6599999999999999	0.41184248915561056
0.661	0.408139717782033
0.6619999999999999	0.40445496219425164
0.663	0.4007881477613976
0.6639999999999999	0.397139199947776
0.665	0.39350804431680275
0.6659999999999999	0.38989460653486624
0.667	0.38629881237510777
0.6679999999999999	0.3827205877211216
0.669	0.37915985857058154
0.6699999999999999	0.3756165510387864
0.671	0.37209059136213446
0.6719999999999999	0.36858190590152384
0.673	0.36509042114567436
0.6739999999999999	0.3616160637143851
0.675	0.3581587603617154
0.6759999999999999	0.3547184379790985
0.677	0.3512950235983851
0.6779999999999999	0.34788844439481853
0.679	0.3444986276899466
0.6799999999999999	0.34112550095446476
0.681	0.33776899181098824
0.6819999999999999	0.33442902803677466
0.683	0.3311056761464086
0.6839999999999999	0.32779932491250524
0.685	0.32451034573570453
0.6859999999999999	0.32123909266095046
0.687	0.3179859028571496
0.688	0.314751097085576
0.6890000000000001	0.3115349801572879
0.69	0.30833784137977976
0.6910000000000001	0.30515995499310583
0.692	0.30200158059571297
0.6930000000000001	0.298862963560188
0.694	0.2957443354391527
0.6950000000000001	0.2926459143615154
0.696	0.2895679054192949
0.6970000000000001	0.28651050104520176
0.698	0.28347388138121127
0.6990000000000001	0.28045821463829745
0.7	0.277463657447528
0.7010000000000001	0.27449035520272175
0.702	0.2715384423948327
0.7030000000000001	0.2686080429382623
0.704	0.26569927048925823
0.7049999999999998	0.26281222875659693
0.706	0.2599470118046901
0.7069999999999999	0.25710370434930946
0.708	0.25428238204607895
0.7089999999999999	0.2514831117718922
0.71	0.24870595189942227
0.7109999999999999	0.24595095256486624
0.712	0.24321815592907903
0.7129999999999999	0.24050759643224798
0.714	0.23781930104223942
0.7149999999999999	0.2351532894967728
0.716	0.23250957453954793
0.7169999999999999	0.22988816215046723
0.718	0.22728905177008546
0.7189999999999999	0.22471223651840708
0.72	0.22215770340817467
0.7209999999999999	0.21962543355275138
0.722	0.21711540236873755
0.7229999999999999	0.21462757977342817
0.724	0.21216193037723338
0.7249999999999999	0.20971841367117353
0.726	0.20729698420955822
0.7269999999999999	0.20489759178796496
0.728	0.20252018161661656
0.7289999999999999	0.2001646944892641
0.73	0.1978310669476852
0.7309999999999999	0.19551923144188132
0.732	0.19322911648608826
0.7329999999999999	0.19096064681069125
0.734	0.1887137435101263
0.7349999999999999	0.1864883241868826
0.736	0.1842843030916726
0.7369999999999999	0.18210159125987574
0.738	0.17994009664432672
0.7389999999999999	0.177799724244549
0.74	0.17568037623249658
0.7409999999999999	0.173581952074906
0.742	0.17150434865231745
0.7429999999999999	0.1694474603748583
0.744	0.16741117929485233
0.7449999999999999	0.16539539521633675
0.746	0.16339999580155853
0.7469999999999999	0.16142486667451367
0.748	0.1594698915216088
0.7489999999999999	0.15753495218950453
0.75	0.15561992878021325
0.7509999999999999	0.1537246997435111
0.752	0.15184914196673058
0.7529999999999999	0.14999313086199487
0.754	0.14815654045095542
0.7549999999999999	0.14633924344709054
0.756	0.14454111133562578
0.7569999999999999	0.1427620144511285
0.758	0.14100182205283898
0.7589999999999999	0.13926040239778417
0.76	0.13753762281173654
0.7609999999999999	0.13583334975805986
0.762	0.13414744890450397
0.7629999999999999	0.132479785187987
0.764	0.13083022287742338
0.7649999999999999	0.12919862563463747
0.766	0.12758485657341853
0.7669999999999999	0.12598877831674987
0.768	0.12441025305227062
0.7689999999999999	0.1228491425860021
0.77	0.12130530839438955
0.7709999999999999	0.11977861167469467
0.772	0.11826891339378662
0.7729999999999999	0.11677607433536254
0.774	0.11529995514564452
0.7749999999999999	0.11384041637758649
0.776	0.11239731853363004
0.7769999999999999	0.1109705221070454
0.778	0.10955988762189128
0.7789999999999999	0.10816527567163126
0.78	0.10678654695643945
0.7809999999999999	0.10542356231922745
0.782	0.10407618278042753
0.7829999999999999	0.10274426957156006
0.784	0.10142768416762217
0.7849999999999999	0.10012628831832072
0.786	0.09883994407818462
0.7869999999999999	0.09756851383558514
0.788	0.09631186034068671
0.7889999999999999	0.09506984673236593
0.79	0.09384233656411492
0.7909999999999999	0.09262919382896459
0.792	0.09143028298344706
0.7929999999999999	0.09024546897062659
0.794	0.0890746172422221
0.7949999999999999	0.0879175937798451
0.796	0.08677426511537571
0.7969999999999999	0.08564449835050382
0.798	0.08452816117545277
0.7989999999999999	0.08342512188690998
0.8	0.08233524940518594
0.8009999999999999	0.08125841329062285
0.802	0.08019448375927161
0.8029999999999999	0.07914333169785878
0.804	0.0781048286780631
0.8049999999999999	0.07707884697011833
0.806	0.07606525955576492
0.8069999999999999	0.07506394014056435
0.808	0.07407476316559732
0.8089999999999999	0.07309760381856126
0.81	0.07213233804428407
0.8109999999999999	0.07117884255467326
0.812	0.07023699483811016
0.813	0.06930667316831526
0.8140000000000001	0.06838775661268738
0.815	0.0674801250401443
0.8160000000000001	0.06658365912846909
0.817	0.06569824037118337
0.8180000000000001	0.06482375108395803
0.819	0.06396007441057555
0.8200000000000001	0.0631070943284589
0.821	0.062264695653776826
0.8220000000000001	0.06143276404614174
0.823	0.060611186012908956
0.8240000000000001	0.059799848913093784
0.825	0.05899864096091291
0.8260000000000001	0.058207451228965625
0.827	0.05742616965106469
0.8280000000000001	0.056654687024727764
0.829	0.055892895013339175
0.8300000000000001	0.055140686147994625
0.831	0.05439795382903679
0.8320000000000001	0.05366459232729217
0.833	0.05294049678501997
0.8339999999999999	0.052225563216581374
0.835	0.05151968850883747
0.8359999999999999	0.05082277042128788
0.837	0.05013470758595502
0.8379999999999999	0.049455399507024614
0.839	0.048784746560250725
0.8399999999999999	0.04812264999213267
0.841	0.04746901191887214
0.8419999999999999	0.04682373532511731
0.843	0.04618672406250324
0.8439999999999999	0.045557882847993336
0.845	0.04493711726203171
0.8459999999999999	0.04432433374651042
0.847	0.04371943960256095
0.8479999999999999	0.043122342988174384
0.849	0.04253295291565906
0.8499999999999999	0.041951179248938195
0.851	0.041376932700697276
0.8519999999999999	0.040810124829386625
0.853	0.04025066803608014
0.8539999999999999	0.039698475561203934
0.855	0.03915346148113255
0.8559999999999999	0.03861554070466271
0.857	0.038084628969368386
0.8579999999999999	0.03756064283784183
0.859	0.037043499693825754
0.8599999999999999	0.03653311773824161
0.861	0.03602941598511843
0.8619999999999999	0.035532314257426215
0.863	0.035041733182819716
0.8639999999999999	0.03455759418929419
0.865	0.034079819500760555
0.8659999999999999	0.033608332132541004
0.867	0.03314305588679151
0.8679999999999999	0.03268391534785209
0.869	0.03223083587753182
0.8699999999999999	0.031783743610329596
0.871	0.03134256544859508
0.8719999999999999	0.03090722905763355
0.873	0.03047766286075744
0.8739999999999999	0.03005379603428742
0.875	0.029635558502507445
0.8759999999999999	0.02922288093257488
0.877	0.02881569472939077
0.8779999999999999	0.028413932030430446
0.879	0.02801752570054045
0.8799999999999999	0.027626409326701094
0.881	0.027240517212760298
0.8819999999999999	0.026859784374138353
0.883	0.02648414653250853
0.8839999999999999	0.026113540110454237
0.885	0.02574790222610594
0.8859999999999999	0.02538717068775929
0.887	0.025031283988477197
0.8879999999999999	0.02468018130067818
0.889	0.02433380247071145
0.8899999999999999	0.023992088013423157
0.891	0.023654979106713398
0.8919999999999999	0.02332241758608677
0.893	0.022994345939198812
0.8939999999999999	0.022670707300398753
0.895	0.02235144544527116
0.8959999999999999	0.02203650478517806
0.897	0.021725830361802364
0.8979999999999999	0.02141936784169495
0.899	0.02111706351082617
0.8999999999999999	0.020818864269143793
0.901	0.020524717625137894
0.9019999999999999	0.020234571690414944
0.903	0.019948375174281798
0.9039999999999999	0.019666077378340502
0.905	0.019387628191096108
0.9059999999999999	0.019112978082577246
0.907	0.018842078098971853
0.9079999999999999	0.01857487985727815
0.909	0.01831133553997225
0.9099999999999999	0.01805139788969345
0.911	0.017795020203947937
0.9119999999999999	0.017542156329831728
0.913	0.017292760658774033
0.9139999999999999	0.017046788121301518
0.915	0.01680419418182447
0.9159999999999999	0.016564934833445413
0.917	0.016328966592791094
0.9179999999999999	0.016096246494868655
0.919	0.015866732087945774
0.9199999999999999	0.015640381428457126
0.921	0.015417153075935705
0.9219999999999999	0.015197006087971327
0.923	0.014979900015195575
0.9239999999999999	0.014765794896294746
0.925	0.01455465125305053
0.9259999999999999	0.014346430085409385
0.927	0.014141092866580466
0.9279999999999999	0.01393860153816334
0.929	0.01373891850530554
0.9299999999999999	0.013542006631889644
0.931	0.013347829235751582
0.9319999999999999	0.013156350083929343
0.933	0.01296753338794311
0.9339999999999999	0.01278134379910659
0.935	0.012597746403870454
0.9359999999999999	0.012416706719197479
0.937	0.012238190687969962
0.938	0.012062164674430017
0.9390000000000001	0.011888595459651994
0.94	0.011717450237048075
0.9410000000000001	0.011548696607907149
0.942	0.01138230257696638
0.9430000000000001	0.011218236548016673
0.944	0.011056467319541356
0.9450000000000001	0.010896964080388528
0.946	0.01073969640547722
0.9470000000000001	0.010584634251537385
0.948	0.010431747952883638
0.9490000000000001	0.010281008217223189
0.95	0.010132386121497541
0.9510000000000001	0.009985853107758704
0.952	0.009841380979078928
0.9530000000000001	0.009698941895495031
0.954	0.009558508369986703
0.9550000000000001	0.009420053264488904
0.956	0.009283549785938417
0.9570000000000001	0.009148971482354698
0.958	0.00901629223895446
0.9590000000000001	0.008885486274300738
0.96	0.008756528136485545
0.9609999999999999	0.008629392699346775
0.962	0.008504055158719007
0.9629999999999999	0.008380491028717874
0.964	0.008258676138058491
0.9649999999999999	0.00813858662640735
0.966	0.008020198940767918
0.9669999999999999	0.00790348983189975
0.968	0.007788436350770762
0.9689999999999999	0.007675015845043124
0.97	0.007563205955592023
0.9709999999999999	0.007452984613057632
0.972	0.007344330034429964
0.9729999999999999	0.007237220719666481
0.974	0.007131635448342442
0.9749999999999999	0.007027553276333691
0.976	0.006924953532531838
0.9769999999999999	0.006823815815591644
0.978	0.006724119990710599
0.9789999999999999	0.0066258461864401935
0.98	0.006528974791529174
0.9809999999999999	0.006433486451798206
0.982	0.006339362067046084
0.9829999999999999	0.006246582787987123
0.984	0.006155130013219631
0.9849999999999999	0.006064985386225307
0.986	0.00597613079239936
0.9869999999999999	0.005888548356111131
0.988	0.00580222043779505
0.9889999999999999	0.00571712963107186
0.99	0.005633258759899671
0.9909999999999999	0.005550590875754905
0.992	0.005469109254842758
0.9929999999999999	0.005388797395337069
0.994	0.005309639014649424
0.9949999999999999	0.005231618046727173
0.996	0.00515471863938034
0.9969999999999999	0.005078925151636967
0.998	0.005004222151126988
0.9989999999999999	0.004930594411494251
1.	0.004858026909836414