0	0.
0.001	0.
0.002	6.326832778098371
0.003	15.878693597308839
0.004	23.139804591462056
0.005	27.019087841869997
0.006	28.337274191765946
0.007	28.12717153330092
0.008	27.136850838192238
0.009000000000000001	25.813039881103013
0.010000000000000002	24.39505414481928
0.011	23.000532009288154
0.012	21.681621021051697
0.013000000000000001	20.457219133926813
0.014000000000000002	19.33020622339142
0.015	18.296252772595412
0.016	17.34817542216627
0.017	16.478020384730588
0.018000000000000002	15.678014219880511
0.019000000000000003	14.940960294226675
0.02	14.260369493634517
0.021	13.630467668055058
0.022	13.046149557662805
0.023	12.50291294197844
0.024	11.996788963930367
0.025	11.5242758068618
0.026000000000000002	11.082278599335831
0.027000000000000003	10.668056344966686
0.028	10.279175708122537
0.029	9.913471074105859
0.03	9.569010163718813
0.031	9.244064474564196
0.032	8.937083872865552
0.033	8.646674733477811
0.034	8.371581104135219
0.035	8.110668444455785
0.036000000000000004	7.862909557194779
0.037000000000000005	7.6273723877297375
0.038	7.403209417982034
0.039	7.189648423554242
0.04	6.9859843988268855
0.041	6.79157248495457
0.042	6.60582176103839
0.043000000000000003	6.428189779989774
0.044	6.258177748434035
0.045	6.095326264937235
0.046	5.939211543408133
0.047	5.78944205913493
0.048	5.645655563802479
0.049	5.50751642342052
0.05	5.374713239454783
0.051000000000000004	5.24695671889488
0.052000000000000005	5.123977763597749
0.053000000000000005	5.005525753195782
0.054	4.891366999203125
0.055	4.781283350854438
0.056	4.675070935677355
0.057	4.572539019921678
0.058	4.47350897581871
0.059000000000000004	4.377813344215974
0.06	4.285294982522521
0.061	4.1958062890691386
0.062	4.1092084960517345
0.063	4.025371024111275
0.064	3.9441708923932337
0.065	3.8654921786239003
0.066	3.7892255243499644
0.067	3.715267681003549
0.068	3.643521092931936
0.069	3.5738935139484225
0.07	3.5062976542930486
0.07100000000000001	3.4406508552633905
0.07200000000000001	3.376874789001751
0.07300000000000001	3.3148951812213117
0.074	3.2546415548524776
0.075	3.1960469928037494
0.076	3.139047918188115
0.077	3.083583890553068
0.078	3.0295974167645565
0.079	2.977033775337776
0.08	2.9258408531169793
0.081	2.875968993309111
0.082	2.8273708539541946
0.083	2.780001276019127
0.084	2.7338171603620536
0.085	2.688777352867745
0.08600000000000001	2.6448425371561646
0.08700000000000001	2.6019751342571276
0.088	2.5601392087630375
0.089	2.519300380950506
0.09	2.479425744459558
0.091	2.440483789103669
0.092	2.4024443284588703
0.093	2.3652784318839952
0.094	2.3289583606591555
0.095	2.29345750796346
0.096	2.258750342413067
0.097	2.224812354931869
0.098	2.1916200087123356
0.099	2.1591506920773402
0.1	2.1273826740314163
0.101	2.096295062339912
0.10200000000000001	2.0658677639580674
0.10300000000000001	2.0360814476708966
0.10400000000000001	2.006917508789629
0.10500000000000001	1.9783580357809223
0.106	1.950385778710715
0.107	1.9229841193763066
0.108	1.8961370430366145
0.109	1.8698291116344414
0.11	1.8440454384229603
0.111	1.8187716639037086
0.112	1.7939939330185093
0.113	1.7696988734919679
0.114	1.7458735752805616
0.115	1.7225055710521062
0.116	1.6995828176387713
0.117	1.6770936784070314
0.11800000000000001	1.6550269064955487
0.11900000000000001	1.6333716288654652
0.12	1.6121173311250436
0.121	1.5912538430783825
0.122	1.5707713249648465
0.123	1.5506602543465198
0.124	1.5309114136077995
0.125	1.5115158780420639
0.126	1.4924650044860148
0.127	1.473750420469846
0.128	1.4553640138670811
0.129	1.4372979230117984
0.13	1.4195445272527434
0.131	1.4020964379369005
0.132	1.3849464897830004
0.133	1.3680877326384515
0.134	1.3515134235967923
0.135	1.3352170194511808
0.136	1.3191921694753845
0.137	1.30343270851297
0.138	1.287932650359792
0.139	1.2726861814247927
0.14	1.2576876546542703
0.14100000000000001	1.2429315837094979
0.14200000000000002	1.228412637385618
0.14300000000000002	1.2141256342603302
0.14400000000000002	1.200065537558719
0.14500000000000002	1.186227450225702
0.146	1.172606610195447
0.147	1.1591983858538262
0.148	1.1459982716805075
0.149	1.1330018840562455
0.15	1.1202049572455415
0.151	1.1076033395256772
0.152	1.0951929894710712
0.153	1.0829699723804946
0.154	1.0709304568376439
0.155	1.0590707114079863
0.156	1.0473871014545517
0.157	1.0358760860746252
0.158	1.0245342151573864
0.159	1.0133581265406764
0.16	1.002344543280985
0.161	0.9914902710154938
0.162	0.9807921954303515
0.163	0.9702472798114465
0.164	0.9598525626899553
0.165	0.9496051555681035
0.166	0.9395022407293301
0.167	0.9295410691221442
0.168	0.9197189583222871
0.169	0.9100332905647656
0.17	0.9004815108444061
0.171	0.8910611250821004
0.17200000000000001	0.8817696983560843
0.17300000000000001	0.8726048531891524
0.17400000000000002	0.8635642679004562
0.17500000000000002	0.85464567501089
0.176	0.8458468596971948
0.177	0.8371656583064606
0.178	0.82859995691702
0.179	0.8201476899382798
0.18	0.8118068387776851
0.181	0.8035754305264344
0.182	0.7954515367063799
0.183	0.7874332720516474
0.184	0.7795187933273124
0.185	0.7717062981885819
0.186	0.763994024080104
0.187	0.7563802471600412
0.188	0.7488632812712136
0.189	0.7414414769342291
0.19	0.7341132203775236
0.191	0.7268769325963784
0.192	0.7197310684411867
0.193	0.7126741157349452
0.194	0.7057045944137625
0.195	0.6988210557018231
0.196	0.6920220813027228
0.197	0.6853062826198659
0.198	0.67867230000037
0.199	0.6721188020013561
0.2	0.665644484675945
0.201	0.6592480708850247
0.202	0.6529283096269541
0.203	0.6466839753809305
0.20400000000000001	0.640513867482917
0.20500000000000002	0.6344168095118388
0.20600000000000002	0.6283916486873049
0.20700000000000002	0.6224372552998946
0.20800000000000002	0.6165525221462186
0.20900000000000002	0.6107363639826605
0.21	0.6049877169957926
0.211	0.5993055382907181
0.212	0.5936888053891541
0.213	0.5881365157412884
0.214	0.5826476862589907
0.215	0.5772213528491823
0.216	0.5718565699758672
0.217	0.5665524102194871
0.218	0.5613079638565001
0.219	0.5561223384511852
0.22	0.5509946584562361
0.221	0.5459240648198834
0.222	0.5409097146125702
0.223	0.5359507806610366
0.224	0.5310464511834495
0.225	0.526195929449031
0.226	0.5213984334305726
0.227	0.5166531954869101
0.228	0.5119594620268858
0.229	0.5073164932091739
0.23	0.5027235626312452
0.231	0.4981799570336125
0.232	0.49368497601237
0.233	0.48923793173659597
0.234	0.4848381486755123
0.23500000000000001	0.4804849633312662
0.23600000000000002	0.4761777239736046
0.23700000000000002	0.4719157903962074
0.23800000000000002	0.46769853366215847
0.23900000000000002	0.46352533586247835
0.24	0.45939558988642526
0.241	0.4553086991905159
0.242	0.4512640775714345
0.243	0.4472611489526516
0.244	0.4432993471699273
0.245	0.43937811576938685
0.246	0.4354969077953209
0.247	0.4316551856034271
0.248	0.4278524206645552
0.249	0.4240880933742761
0.25	0.4203616928744924
0.251	0.4166727168721481
0.252	0.41302067146723953
0.253	0.40940507097994794
0.254	0.405825437788984
0.255	0.402281302160851
0.256	0.39877220210320447
0.257	0.3952976832013011
0.258	0.3918572984704928
0.259	0.38845060820923194
0.26	0.38507717985484086
0.261	0.3817365878411992
0.262	0.3784284134654391
0.263	0.3751522447492054
0.264	0.37190767631228455
0.265	0.3686943092385632
0.266	0.36551175095676214
0.267	0.36235961511551223
0.268	0.35923752146446
0.269	0.35614509573557723
0.27	0.35308196953362603
0.271	0.3500477802192561
0.272	0.34704217080336697
0.273	0.34406478983874567
0.274	0.34111529131683194
0.275	0.33819333456568706
0.276	0.3352985841493597
0.277	0.33243070977051226
0.278	0.3295893861756106
0.279	0.3267742930627494
0.28	0.3239851149892821
0.281	0.3212215412794638
0.28200000000000003	0.31848326594103515
0.28300000000000003	0.31576998758010605
0.28400000000000003	0.3130814093161637
0.28500000000000003	0.3104172386978343
0.28600000000000003	0.30777718762595774
0.28700000000000003	0.30516097227508093
0.28800000000000003	0.3025683130156878
0.28900000000000003	0.2999989343382633
0.29	0.2974525647815904
0.291	0.29492893686125554
0.292	0.29242778699506544
0.293	0.2899488554364804
0.294	0.2874918862119926
0.295	0.2850566270468513
0.296	0.28264282930246315
0.297	0.28025024791771863
0.298	0.2778786413401428
0.299	0.2755277714691354
0.3	0.2731974035976481
0.301	0.2708873063468202
0.302	0.2685972516170034
0.303	0.2663270145257634
0.304	0.2640763733570112
0.305	0.261845109502453
0.306	0.25963300741463013
0.307	0.2574398545504712
0.308	0.2552654413192496
0.309	0.25310956104213755
0.31	0.2509720098937678
0.311	0.24885258685491493
0.312	0.2467510936735445
0.313	0.24466733481115957
0.314	0.24260111740311877
0.315	0.24055225120823617
0.316	0.2385205485719358
0.317	0.23650582438037843
0.318	0.2345078960199247
0.319	0.23252658333554854
0.32	0.23056170859340397
0.321	0.22861309643399216
0.322	0.2266805738447608
0.323	0.2247639701145623
0.324	0.22286311679752896
0.325	0.22097784768064074
0.326	0.21910799874156334
0.327	0.2172534081200579
0.328	0.21541391607990054
0.329	0.21358936497549727
0.33	0.21177959922113118
0.331	0.20998446525675968
0.332	0.20820381151392603
0.333	0.20643748838822015
0.334	0.204685348207589
0.335	0.20294724520111146
0.336	0.20122303546992512
0.337	0.19951257695972743
0.338	0.1978157294284393
0.339	0.1961323544217168
0.34	0.19446231524492402
0.341	0.19280547693490216
0.342	0.19116170623527803
0.343	0.1895308715671688
0.34400000000000003	0.18791284300660233
0.34500000000000003	0.18630749226079868
0.34600000000000003	0.18471469263742848
0.34700000000000003	0.18313431902716337
0.34800000000000003	0.18156624787413547
0.34900000000000003	0.18001035716036146
0.35000000000000003	0.17846652637250424
0.35100000000000003	0.1769346364871855
0.352	0.17541456994526028
0.353	0.17390621063354364
0.354	0.17240944385750032
0.355	0.170924156325563
0.356	0.169450236126164
0.357	0.16798757270802017
0.358	0.1665360568612228
0.359	0.16509558069329802
0.36	0.16366603761646253
0.361	0.16224732232211805
0.362	0.16083933076930906
0.363	0.15944196015910497
0.364	0.15805510892226077
0.365	0.15667867669845784
0.366	0.15531256431826465
0.367	0.15395667379094832
0.368	0.15261090828191187
0.369	0.1512751720990916
0.37	0.1499493706779275
0.371	0.14863341056035784
0.372	0.14732719938527153
0.373	0.14603064586808973
0.374	0.1447436597886135
0.375	0.14346615197823806
0.376	0.14219803429714897
0.377	0.1409392196273897
0.378	0.13968962185798767
0.379	0.13844915586414927
0.38	0.137217737503658
0.381	0.13599528359634036
0.382	0.13478171191280366
0.383	0.13357694115891866
0.384	0.13238089097031575
0.385	0.13119348189133714
0.386	0.13001463536457267
0.387	0.12884427372257323
0.388	0.12768232017111392
0.389	0.12652869878054626
0.39	0.12538333447354127
0.391	0.12424615301138975
0.392	0.12311708098439507
0.393	0.12199604580055236
0.394	0.12088297567660851
0.395	0.11977779962016079
0.396	0.11868044743014944
0.397	0.11759084967545938
0.398	0.11650893769256565
0.399	0.11543464357232788
0.4	0.11436790014681672
0.401	0.11330864098684083
0.402	0.11225680038402175
0.403	0.1112123133501685
0.404	0.11017511559636586
0.405	0.10914514353858205
0.406	0.10812233427425955
0.40700000000000003	0.10710662558229064
0.40800000000000003	0.10609795591053026
0.40900000000000003	0.10509626436831532
0.41000000000000003	0.10410149071973682
0.41100000000000003	0.10311357536903906
0.41200000000000003	0.10213245935896892
0.41300000000000003	0.10115808436201212
0.41400000000000003	0.10019039266497903
0.41500000000000004	0.09922932717209082
0.41600000000000004	0.0982748313891224
0.41700000000000004	0.09732684941733671
0.418	0.09638532594939933
0.419	0.09545020625800466
0.42	0.09452143618883768
0.421	0.09359896215398383
0.422	0.09268273112798477
0.423	0.09177269063635644
0.424	0.09086878875008163
0.425	0.08997097407915883
0.426	0.08907919576550435
0.427	0.08819340347778955
0.428	0.08731354740101592
0.429	0.08643957823466974
0.43	0.08557144718619142
0.431	0.08470910595824885
0.432	0.0838525067515209
0.433	0.08300160225286546
0.434	0.08215634563140613
0.435	0.08131669052914592
0.436	0.08048259106400125
0.437	0.07965400181342719
0.438	0.07883087781334938
0.439	0.07801317455655261
0.44	0.07720084798144884
0.441	0.07639385446651187
0.442	0.07559215083083186
0.443	0.07479569432394935
0.444	0.07400444262021905
0.445	0.07321835381673895
0.446	0.07243738642579152
0.447	0.0716614993734833
0.448	0.07089065198909443
0.449	0.07012480400687021
0.45	0.06936391555487047
0.451	0.06860794715449721
0.452	0.06785685971592605
0.453	0.06711061453121879
0.454	0.06636917326887948
0.455	0.065632497974585
0.456	0.06490055106391893
0.457	0.06417329531423832
0.458	0.06345069386691136
0.459	0.06273271021780732
0.46	0.06201930821843973
0.461	0.06131045206787786
0.462	0.06060610630718533
0.463	0.05990623582191975
0.464	0.0592108058322437
0.465	0.058519781890992294
0.466	0.05783312988117441
0.467	0.057150816008033976
0.468	0.05647280680292495
0.46900000000000003	0.05579906911235773
0.47000000000000003	0.05512957009538017
0.47100000000000003	0.05446427722582514
0.47200000000000003	0.0538031582808097
0.47300000000000003	0.053146181342213106
0.47400000000000003	0.05249331479536409
0.47500000000000003	0.05184452731766288
0.47600000000000003	0.051199787881157775
0.47700000000000004	0.05055906574969449
0.47800000000000004	0.04992233047190254
0.47900000000000004	0.04928955188429336
0.48	0.048660700099746504
0.481	0.04803574550864862
0.482	0.047414658778022825
0.483	0.04679741084329814
0.484	0.04618397291267659
0.485	0.04557431645436069
0.486	0.044968413203096864
0.487	0.0443662351511629
0.488	0.0437677545480695
0.489	0.04317294389478063
0.49	0.04258177594875257
0.491	0.04199422370999854
0.492	0.041410260426488925
0.493	0.040829859590844765
0.494	0.04025299493183627
0.495	0.039679640420498805
0.496	0.03910977025896986
0.497	0.03854335888443763
0.498	0.037980380961896265
0.499	0.03742081138663006
0.5	0.03686462527912643
0.5009999999999999	0.03631179797761482
0.502	0.035762305045834
0.5029999999999999	0.03521612226424084
0.504	0.03467322562850976
0.5049999999999999	0.034133591346094734
0.506	0.03359719583804791
0.5069999999999999	0.03306401573125561
0.508	0.03253402786357773
0.5089999999999999	0.032007209272463734
0.51	0.031483537200787816
0.5109999999999999	0.030962989091403853
0.512	0.030445542584654397
0.5129999999999999	0.029931175513655425
0.514	0.029419865910067185
0.5149999999999999	0.02891159199450451
0.516	0.028406332181315355
0.5169999999999999	0.027904065067919075
0.518	0.027404769438385188
0.5189999999999999	0.02690842426385064
0.52	0.026415008695060627
0.5209999999999999	0.02592450206393696
0.522	0.025436883878588282
0.5229999999999999	0.024952133827025054
0.524	0.024470231769791045
0.5249999999999999	0.02399115774104187
0.526	0.023514891943275558
0.5269999999999999	0.02304141475376037
0.528	0.022570706714596524
0.5289999999999999	0.022102748529876814
0.53	0.02163752107392216
0.5309999999999999	0.021175005381237698
0.532	0.020715182645915643
0.5329999999999999	0.020258034224859004
0.534	0.019803541627830035
0.5349999999999999	0.019351686524444925
0.536	0.018902450735574297
0.5369999999999999	0.018455816238910978
0.538	0.018011765160829085
0.5389999999999999	0.017570279777520816
0.54	0.01713134251585617
0.5409999999999999	0.016694935945959822
0.542	0.01626104278583194
0.5429999999999999	0.015829645897108564
0.544	0.015400728283777225
0.5449999999999999	0.01497427309050939
0.546	0.014550263603303727
0.5469999999999999	0.014128683243321281
0.548	0.013709515572561611
0.5489999999999999	0.013292744285132425
0.55	0.012878353212080381
0.5509999999999999	0.012466326314173186
0.552	0.012056647687559091
0.5529999999999999	0.011649301558317138
0.554	0.011244272277767208
0.5549999999999999	0.010841544329641828
0.556	0.010441102321879241
0.5569999999999999	0.010042930986965416
0.558	0.00964701518341905
0.5589999999999999	0.009253339891898237
0.56	0.008861890215482978
0.5609999999999999	0.008472651375668432
0.562	0.008085608715228156
0.563	0.007700747695133898
0.5640000000000001	0.007318053894524304
0.565	0.006937513004616371
0.5660000000000001	0.006559110835226485
0.567	0.006182833306749851
0.5680000000000001	0.005808666456863718
0.569	0.005436596429526687
0.5700000000000001	0.005066609483360734
0.571	0.004698691984541015
0.5720000000000001	0.0043328304080029805
0.573	0.003969011336052222
0.5740000000000001	0.003607221455707847
0.575	0.00324744756382271
0.5760000000000001	0.0028896765584125886
0.577	0.002533895439752917
0.5779999999999998	0.002180091313013255
0.579	0.0018282513840774336
0.5799999999999998	0.0014783629591760348
0.581	0.0011304134435455567
0.5819999999999999	0.0007843903438163691
0.583	0.00044028126009957767
0.5839999999999999	0.00021630101024333563
0.585	0.00009883282697993518
0.5859999999999999	0.000043183701943168016
0.587	0.000018304050363300146
0.5879999999999999	7.58973722756207e-6
0.589	3.0950953371337365e-6
0.5899999999999999	1.2458123724761034e-6
0.591	4.962130539220356e-7
0.5919999999999999	1.9594373175814057e-7
0.593	7.68164760010091e-8
0.5939999999999999	2.993028113206279e-8
0.595	1.1600442409175043e-8
0.5959999999999999	4.475546269814346e-9
0.597	1.7197695977843492e-9
0.5979999999999999	6.584906227959573e-10
0.599	2.513351207753011e-10
0.5999999999999999	9.565855680808671e-11
0.601	3.631476095867592e-11
0.6019999999999999	1.3754213836872088e-11
0.603	5.1984274681441815e-12
0.6039999999999999	1.96096839197896e-12
0.605	7.384151968376062e-13
0.6059999999999999	2.776021867027199e-13
0.607	1.0420562010377883e-13
0.6079999999999999	3.906193683784656e-14
0.609	1.4623554934037283e-14
0.6099999999999999	5.46798715616076e-15
0.611	2.042263573886307e-15
0.6119999999999999	7.6199099147173e-16
0.613	2.8402276198853545e-16
0.6139999999999999	1.0579924704592904e-16
0.615	3.9423103935019687e-17
0.6159999999999999	1.469948210538839e-17
0.617	5.4858748495139125e-18
0.6179999999999999	2.096026392321666e-18
0.619	8.0058392989889285e-19
0.6199999999999999	3.012275607330702e-19
0.621	1.0356677478948454e-19
0.6219999999999999	9.937776629164556e-21
0.623	0.
0.6239999999999999	0.
0.625	0.
0.6259999999999999	0.
0.627	0.
0.6279999999999999	0.
0.629	0.
0.6299999999999999	0.
0.631	0.
0.6319999999999999	0.
0.633	0.
0.6339999999999999	0.
0.635	0.
0.6359999999999999	0.
0.637	0.
0.6379999999999999	0.
0.639	0.
0.6399999999999999	0.
0.641	0.
0.6419999999999999	0.
0.643	0.
0.6439999999999999	0.
0.645	0.
0.6459999999999999	0.
0.647	0.
0.6479999999999999	0.
0.649	0.
0.6499999999999999	0.
0.651	0.
0.6519999999999999	0.
0.653	0.
0.6539999999999999	0.
0.655	0.
0.6559999999999999	0.
0.657	0.
0.6579999999999999	0.
0.659	0.
0.6599999999999999	0.
0.661	0.
0.6619999999999999	0.
0.663	0.
0.6639999999999999	0.
0.665	0.
0.6659999999999999	0.
0.667	0.
0.6679999999999999	0.
0.669	0.
0.6699999999999999	0.
0.671	0.
0.6719999999999999	0.
0.673	0.
0.6739999999999999	0.
0.675	0.
0.6759999999999999	0.
0.677	0.
0.6779999999999999	0.
0.679	0.
0.6799999999999999	0.
0.681	0.
0.6819999999999999	0.
0.683	0.
0.6839999999999999	0.
0.685	0.
0.6859999999999999	0.
0.687	0.
0.688	0.
0.6890000000000001	0.
0.69	0.
0.6910000000000001	0.
0.692	0.
0.6930000000000001	0.
0.694	0.
0.6950000000000001	0.
0.696	0.
0.6970000000000001	0.
0.698	0.
0.6990000000000001	0.
0.7	0.
0.7010000000000001	0.
0.702	0.
0.7030000000000001	0.
0.704	0.
0.7049999999999998	0.
0.706	0.
0.7069999999999999	0.
0.708	0.
0.7089999999999999	0.
0.71	0.
0.7109999999999999	0.
0.712	0.
0.7129999999999999	0.
0.714	0.
0.7149999999999999	0.
0.716	0.
0.7169999999999999	0.
0.718	0.
0.7189999999999999	0.
0.72	0.
0.7209999999999999	0.
0.722	0.
0.7229999999999999	0.
0.724	0.
0.7249999999999999	0.
0.726	0.
0.7269999999999999	0.
0.728	0.
0.7289999999999999	0.
0.73	0.
0.7309999999999999	0.
0.732	0.
0.7329999999999999	0.
0.734	0.
0.7349999999999999	0.
0.736	0.
0.7369999999999999	0.
0.738	0.
0.7389999999999999	0.
0.74	0.
0.7409999999999999	0.
0.742	0.
0.7429999999999999	0.
0.744	0.
0.7449999999999999	0.
0.746	0.
0.7469999999999999	0.
0.748	0.
0.7489999999999999	0.
0.75	0.
0.7509999999999999	0.
0.752	0.
0.7529999999999999	0.
0.754	0.
0.7549999999999999	0.
0.756	0.
0.7569999999999999	0.
0.758	0.
0.7589999999999999	0.
0.76	0.
0.7609999999999999	0.
0.762	0.
0.7629999999999999	0.
0.764	0.
0.7649999999999999	0.
0.766	0.
0.7669999999999999	0.
0.768	0.
0.7689999999999999	0.
0.77	0.
0.7709999999999999	0.
0.772	0.
0.7729999999999999	0.
0.774	0.
0.7749999999999999	0.
0.776	0.
0.7769999999999999	0.
0.778	0.
0.7789999999999999	0.
0.78	0.
0.7809999999999999	0.
0.782	0.
0.7829999999999999	0.
0.784	0.
0.7849999999999999	0.
0.786	0.
0.7869999999999999	0.
0.788	0.
0.7889999999999999	0.
0.79	0.
0.7909999999999999	0.
0.792	0.
0.7929999999999999	0.
0.794	0.
0.7949999999999999	0.
0.796	0.
0.7969999999999999	0.
0.798	0.
0.7989999999999999	0.
0.8	0.
0.8009999999999999	0.
0.802	0.
0.8029999999999999	0.
0.804	0.
0.8049999999999999	0.
0.806	0.
0.8069999999999999	0.
0.808	0.
0.8089999999999999	0.
0.81	0.
0.8109999999999999	0.
0.812	0.
0.813	0.
0.8140000000000001	0.
0.815	0.
0.8160000000000001	0.
0.817	0.
0.8180000000000001	0.
0.819	0.
0.8200000000000001	0.
0.821	0.
0.8220000000000001	0.
0.823	0.
0.8240000000000001	0.
0.825	0.
0.8260000000000001	0.
0.827	0.
0.8280000000000001	0.
0.829	0.
0.8300000000000001	0.
0.831	0.
0.8320000000000001	0.
0.833	0.
0.8339999999999999	0.
0.835	0.
0.8359999999999999	0.
0.837	0.
0.8379999999999999	0.
0.839	0.
0.8399999999999999	0.
0.841	0.
0.8419999999999999	0.
0.843	0.
0.8439999999999999	0.
0.845	0.
0.8459999999999999	0.
0.847	0.
0.8479999999999999	0.
0.849	0.
0.8499999999999999	0.
0.851	0.
0.8519999999999999	0.
0.853	0.
0.8539999999999999	0.
0.855	0.
0.8559999999999999	0.
0.857	0.
0.8579999999999999	0.
0.859	0.
0.8599999999999999	0.
0.861	0.
0.8619999999999999	0.
0.863	0.
0.8639999999999999	0.
0.865	0.
0.8659999999999999	0.
0.867	0.
0.8679999999999999	0.
0.869	0.
0.8699999999999999	0.
0.871	0.
0.8719999999999999	0.
0.873	0.
0.8739999999999999	0.
0.875	0.
0.8759999999999999	0.
0.877	0.
0.8779999999999999	0.
0.879	0.
0.8799999999999999	0.
0.881	0.
0.8819999999999999	0.
0.883	0.
0.8839999999999999	0.
0.885	0.
0.8859999999999999	0.
0.887	0.
0.8879999999999999	0.
0.889	0.
0.8899999999999999	0.
0.891	0.
0.8919999999999999	0.
0.893	0.
0.8939999999999999	0.
0.895	0.
0.8959999999999999	0.
0.897	0.
0.8979999999999999	0.
0.899	0.
0.8999999999999999	0.
0.901	0.
0.9019999999999999	0.
0.903	0.
0.9039999999999999	0.
0.905	0.
0.9059999999999999	0.
0.907	0.
0.9079999999999999	0.
0.909	0.
0.9099999999999999	0.
0.911	0.
0.9119999999999999	0.
0.913	0.
0.9139999999999999	0.
0.915	0.
0.9159999999999999	0.
0.917	0.
0.9179999999999999	0.
0.919	0.
0.9199999999999999	0.
0.921	0.
0.9219999999999999	0.
0.923	0.
0.9239999999999999	0.
0.925	0.
0.9259999999999999	0.
0.927	0.
0.9279999999999999	0.
0.929	0.
0.9299999999999999	0.
0.931	0.
0.9319999999999999	0.
0.933	0.
0.9339999999999999	0.
0.935	0.
0.9359999999999999	0.
0.937	0.
0.938	0.
0.9390000000000001	0.
0.94	0.
0.9410000000000001	0.
0.942	0.
0.9430000000000001	0.
0.944	0.
0.9450000000000001	0.
0.946	0.
0.9470000000000001	0.
0.948	0.
0.9490000000000001	0.
0.95	0.
0.9510000000000001	0.
0.952	0.
0.9530000000000001	0.
0.954	0.
0.9550000000000001	0.
0.956	0.
0.9570000000000001	0.
0.958	0.
0.9590000000000001	0.
0.96	0.
0.9609999999999999	0.
0.962	0.
0.9629999999999999	0.
0.964	0.
0.9649999999999999	0.
0.966	0.
0.9669999999999999	0.
0.968	0.
0.9689999999999999	0.
0.97	0.
0.9709999999999999	0.
0.972	0.
0.9729999999999999	0.
0.974	0.
0.9749999999999999	0.
0.976	0.
0.9769999999999999	0.
0.978	0.
0.9789999999999999	0.
0.98	0.
0.9809999999999999	0.
0.982	0.
0.9829999999999999	0.
0.984	0.
0.9849999999999999	0.
0.986	0.
0.9869999999999999	0.
0.988	0.
0.9889999999999999	0.
0.99	0.
0.9909999999999999	0.
0.992	0.
0.9929999999999999	0.
0.994	0.
0.9949999999999999	0.
0.996	0.
0.9969999999999999	0.
0.998	0.
0.9989999999999999	0.
1.	0.