0.	0.001	0.
0.001	0.002	0.
0.002	0.003	0.
0.003	0.004	0.
0.004	0.005	0.
0.005	0.006	0.
0.006	0.007	0.
0.007	0.008	0.
0.008	0.009	0.
0.009	0.01	0.00001
0.01	0.011	0.00009
0.011	0.012	0.00047
0.012	0.013	0.00165
0.013	0.014	0.0045
0.014	0.015	0.01023
0.015	0.016	0.02028
0.016	0.017	0.03623
0.017	0.018	0.05963
0.018	0.019	0.09189
0.019	0.02	0.13425
0.02	0.021	0.18768
0.021	0.022	0.2529
0.022	0.023	0.33034
0.023	0.024	0.4202
0.024	0.025	0.5224
0.025	0.026	0.63668
0.026	0.027	0.76261
0.027	0.028	0.89956
0.028	0.029	1.04683
0.029	0.03	1.20359
0.03	0.031	1.36895
0.031	0.032	1.54197
0.032	0.033	1.72169
0.033	0.034	1.90713
0.034	0.035	2.0973
0.035	0.036	2.29125
0.036	0.037	2.48803
0.037	0.038	2.68673
0.038	0.039	2.88649
0.039	0.04	3.08649
0.04	0.041	3.28594
0.041	0.042	3.48411
0.042	0.043	3.68033
0.043	0.044	3.87398
0.044	0.045	4.06448
0.045	0.046	4.2513
0.046	0.047	4.43399
0.047	0.048	4.61211
0.048	0.049	4.78529
0.049	0.05	4.9532
0.05	0.051	5.11556
0.051	0.052	5.27213
0.052	0.053	5.42269
0.053	0.054	5.56708
0.054	0.055	5.70517
0.055	0.056	5.83686
0.056	0.057	5.96208
0.057	0.058	6.08077
0.058	0.059	6.19293
0.059	0.06	6.29856
0.06	0.061	6.39769
0.061	0.062	6.49036
0.062	0.063	6.57664
0.063	0.064	6.6566
0.064	0.065	6.73035
0.065	0.066	6.79799
0.066	0.067	6.85964
0.067	0.068	6.91542
0.068	0.069	6.96547
0.069	0.07	7.00994
0.07	0.071	7.04897
0.071	0.072	7.08273
0.072	0.073	7.11136
0.073	0.074	7.13504
0.074	0.075	7.15392
0.075	0.076	7.16817
0.076	0.077	7.17797
0.077	0.078	7.18347
0.078	0.079	7.18484
0.079	0.08	7.18226
0.08	0.081	7.17589
0.081	0.082	7.16588
0.082	0.083	7.15241
0.083	0.084	7.13563
0.084	0.085	7.1157
0.085	0.086	7.09278
0.086	0.087	7.067
0.087	0.088	7.03853
0.088	0.089	7.0075
0.089	0.09	6.97406
0.09	0.091	6.93834
0.091	0.092	6.90048
0.092	0.093	6.86061
0.093	0.094	6.81884
0.094	0.095	6.77531
0.095	0.096	6.73012
0.096	0.097	6.6834
0.097	0.098	6.63525
0.098	0.099	6.58577
0.099	0.1	6.53508
0.1	0.101	6.48327
0.101	0.102	6.43042
0.102	0.103	6.37664
0.103	0.104	6.32201
0.104	0.105	6.26661
0.105	0.106	6.21052
0.106	0.107	6.15381
0.107	0.108	6.09657
0.108	0.109	6.03886
0.109	0.11	5.98074
0.11	0.111	5.92228
0.111	0.112	5.86354
0.112	0.113	5.80457
0.113	0.114	5.74544
0.114	0.115	5.68618
0.115	0.116	5.62686
0.116	0.117	5.56751
0.117	0.118	5.50819
0.118	0.119	5.44892
0.119	0.12	5.38975
0.12	0.121	5.33072
0.121	0.122	5.27186
0.122	0.123	5.21321
0.123	0.124	5.15479
0.124	0.125	5.09663
0.125	0.126	5.03876
0.126	0.127	4.98121
0.127	0.128	4.92399
0.128	0.129	4.86713
0.129	0.13	4.81065
0.13	0.131	4.75457
0.131	0.132	4.69891
0.132	0.133	4.64367
0.133	0.134	4.58888
0.134	0.135	4.53455
0.135	0.136	4.48069
0.136	0.137	4.42731
0.137	0.138	4.37442
0.138	0.139	4.32203
0.139	0.14	4.27015
0.14	0.141	4.21879
0.141	0.142	4.16795
0.142	0.143	4.11763
0.143	0.144	4.06785
0.144	0.145	4.0186
0.145	0.146	3.9699
0.146	0.147	3.92173
0.147	0.148	3.87411
0.148	0.149	3.82703
0.149	0.15	3.7805
0.15	0.151	3.73451
0.151	0.152	3.68907
0.152	0.153	3.64418
0.153	0.154	3.59983
0.154	0.155	3.55602
0.155	0.156	3.51276
0.156	0.157	3.47003
0.157	0.158	3.42784
0.158	0.159	3.38618
0.159	0.16	3.34505
0.16	0.161	3.30445
0.161	0.162	3.26438
0.162	0.163	3.22482
0.163	0.164	3.18578
0.164	0.165	3.14725
0.165	0.166	3.10923
0.166	0.167	3.07171
0.167	0.168	3.03469
0.168	0.169	2.99816
0.169	0.17	2.96213
0.17	0.171	2.92657
0.171	0.172	2.8915
0.172	0.173	2.8569
0.173	0.174	2.82276
0.174	0.175	2.78909
0.175	0.176	2.75588
0.176	0.177	2.72312
0.177	0.178	2.6908
0.178	0.179	2.65893
0.179	0.18	2.6275
0.18	0.181	2.59649
0.181	0.182	2.56591
0.182	0.183	2.53575
0.183	0.184	2.506
0.184	0.185	2.47666
0.185	0.186	2.44772
0.186	0.187	2.41918
0.187	0.188	2.39104
0.188	0.189	2.36328
0.189	0.19	2.3359
0.19	0.191	2.3089
0.191	0.192	2.28226
0.192	0.193	2.256
0.193	0.194	2.23009
0.194	0.195	2.20454
0.195	0.196	2.17934
0.196	0.197	2.15448
0.197	0.198	2.12996
0.198	0.199	2.10578
0.199	0.2	2.08193
0.2	0.201	2.0584
0.201	0.202	2.03519
0.202	0.203	2.0123
0.203	0.204	1.98971
0.204	0.205	1.96743
0.205	0.206	1.94546
0.206	0.207	1.92378
0.207	0.208	1.90239
0.208	0.209	1.88129
0.209	0.21	1.86047
0.21	0.211	1.83993
0.211	0.212	1.81967
0.212	0.213	1.79967
0.213	0.214	1.77994
0.214	0.215	1.76048
0.215	0.216	1.74127
0.216	0.217	1.72231
0.217	0.218	1.70361
0.218	0.219	1.68515
0.219	0.22	1.66693
0.22	0.221	1.64895
0.221	0.222	1.63121
0.222	0.223	1.6137
0.223	0.224	1.59642
0.224	0.225	1.57936
0.225	0.226	1.56252
0.226	0.227	1.54589
0.227	0.228	1.52949
0.228	0.229	1.51329
0.229	0.23	1.4973
0.23	0.231	1.48151
0.231	0.232	1.46593
0.232	0.233	1.45054
0.233	0.234	1.43535
0.234	0.235	1.42035
0.235	0.236	1.40553
0.236	0.237	1.39091
0.237	0.238	1.37647
0.238	0.239	1.3622
0.239	0.24	1.34812
0.24	0.241	1.33421
0.241	0.242	1.32047
0.242	0.243	1.3069
0.243	0.244	1.2935
0.244	0.245	1.28026
0.245	0.246	1.26719
0.246	0.247	1.25427
0.247	0.248	1.24151
0.248	0.249	1.22891
0.249	0.25	1.21646
0.25	0.251	1.20416
0.251	0.252	1.192
0.252	0.253	1.17999
0.253	0.254	1.16813
0.254	0.255	1.15641
0.255	0.256	1.14482
0.256	0.257	1.13338
0.257	0.258	1.12206
0.258	0.259	1.11089
0.259	0.26	1.09984
0.26	0.261	1.08892
0.261	0.262	1.07813
0.262	0.263	1.06747
0.263	0.264	1.05692
0.264	0.265	1.0465
0.265	0.266	1.0362
0.266	0.267	1.02602
0.267	0.268	1.01596
0.268	0.269	1.00601
0.269	0.27	0.99617
0.27	0.271	0.98645
0.271	0.272	0.97683
0.272	0.273	0.96733
0.273	0.274	0.95793
0.274	0.275	0.94864
0.275	0.276	0.93945
0.276	0.277	0.93036
0.277	0.278	0.92138
0.278	0.279	0.91249
0.279	0.28	0.9037
0.28	0.281	0.89501
0.281	0.282	0.88642
0.282	0.283	0.87791
0.283	0.284	0.86951
0.284	0.285	0.86119
0.285	0.286	0.85296
0.286	0.287	0.84483
0.287	0.288	0.83678
0.288	0.289	0.82881
0.289	0.29	0.82094
0.29	0.291	0.81314
0.291	0.292	0.80544
0.292	0.293	0.79781
0.293	0.294	0.79026
0.294	0.295	0.7828
0.295	0.296	0.77541
0.296	0.297	0.7681
0.297	0.298	0.76087
0.298	0.299	0.75371
0.299	0.3	0.74663
0.3	0.301	0.73962
0.301	0.302	0.73268
0.302	0.303	0.72582
0.303	0.304	0.71902
0.304	0.305	0.7123
0.305	0.306	0.70565
0.306	0.307	0.69906
0.307	0.308	0.69254
0.308	0.309	0.68609
0.309	0.31	0.6797
0.31	0.311	0.67338
0.311	0.312	0.66712
0.312	0.313	0.66093
0.313	0.314	0.6548
0.314	0.315	0.64872
0.315	0.316	0.64271
0.316	0.317	0.63676
0.317	0.318	0.63087
0.318	0.319	0.62504
0.319	0.32	0.61926
0.32	0.321	0.61354
0.321	0.322	0.60788
0.322	0.323	0.60228
0.323	0.324	0.59672
0.324	0.325	0.59123
0.325	0.326	0.58578
0.326	0.327	0.58039
0.327	0.328	0.57505
0.328	0.329	0.56977
0.329	0.33	0.56453
0.33	0.331	0.55934
0.331	0.332	0.55421
0.332	0.333	0.54912
0.333	0.334	0.54408
0.334	0.335	0.53909
0.335	0.336	0.53415
0.336	0.337	0.52925
0.337	0.338	0.5244
0.338	0.339	0.5196
0.339	0.34	0.51484
0.34	0.341	0.51013
0.341	0.342	0.50546
0.342	0.343	0.50083
0.343	0.344	0.49625
0.344	0.345	0.49171
0.345	0.346	0.48721
0.346	0.347	0.48275
0.347	0.348	0.47833
0.348	0.349	0.47396
0.349	0.35	0.46962
0.35	0.351	0.46533
0.351	0.352	0.46107
0.352	0.353	0.45685
0.353	0.354	0.45268
0.354	0.355	0.44853
0.355	0.356	0.44443
0.356	0.357	0.44036
0.357	0.358	0.43634
0.358	0.359	0.43234
0.359	0.36	0.42838
0.36	0.361	0.42446
0.361	0.362	0.42057
0.362	0.363	0.41672
0.363	0.364	0.4129
0.364	0.365	0.40912
0.365	0.366	0.40537
0.366	0.367	0.40165
0.367	0.368	0.39797
0.368	0.369	0.39431
0.369	0.37	0.39069
0.37	0.371	0.3871
0.371	0.372	0.38355
0.372	0.373	0.38002
0.373	0.374	0.37653
0.374	0.375	0.37306
0.375	0.376	0.36963
0.376	0.377	0.36622
0.377	0.378	0.36284
0.378	0.379	0.3595
0.379	0.38	0.35618
0.38	0.381	0.35289
0.381	0.382	0.34963
0.382	0.383	0.34639
0.383	0.384	0.34319
0.384	0.385	0.34001
0.385	0.386	0.33686
0.386	0.387	0.33373
0.387	0.388	0.33063
0.388	0.389	0.32756
0.389	0.39	0.32451
0.39	0.391	0.32149
0.391	0.392	0.3185
0.392	0.393	0.31553
0.393	0.394	0.31258
0.394	0.395	0.30966
0.395	0.396	0.30676
0.396	0.397	0.30389
0.397	0.398	0.30104
0.398	0.399	0.29821
0.399	0.4	0.29541
0.4	0.401	0.29263
0.401	0.402	0.28988
0.402	0.403	0.28714
0.403	0.404	0.28443
0.404	0.405	0.28174
0.405	0.406	0.27908
0.406	0.407	0.27643
0.407	0.408	0.27381
0.408	0.409	0.2712
0.409	0.41	0.26862
0.41	0.411	0.26606
0.411	0.412	0.26352
0.412	0.413	0.261
0.413	0.414	0.2585
0.414	0.415	0.25602
0.415	0.416	0.25356
0.416	0.417	0.25112
0.417	0.418	0.2487
0.418	0.419	0.2463
0.419	0.42	0.24392
0.42	0.421	0.24156
0.421	0.422	0.23921
0.422	0.423	0.23689
0.423	0.424	0.23458
0.424	0.425	0.23229
0.425	0.426	0.23002
0.426	0.427	0.22777
0.427	0.428	0.22553
0.428	0.429	0.22332
0.429	0.43	0.22111
0.43	0.431	0.21893
0.431	0.432	0.21676
0.432	0.433	0.21462
0.433	0.434	0.21248
0.434	0.435	0.21037
0.435	0.436	0.20827
0.436	0.437	0.20618
0.437	0.438	0.20411
0.438	0.439	0.20206
0.439	0.44	0.20003
0.44	0.441	0.19801
0.441	0.442	0.196
0.442	0.443	0.19401
0.443	0.444	0.19204
0.444	0.445	0.19008
0.445	0.446	0.18813
0.446	0.447	0.1862
0.447	0.448	0.18429
0.448	0.449	0.18239
0.449	0.45	0.1805
0.45	0.451	0.17863
0.451	0.452	0.17677
0.452	0.453	0.17493
0.453	0.454	0.1731
0.454	0.455	0.17128
0.455	0.456	0.16948
0.456	0.457	0.16769
0.457	0.458	0.16591
0.458	0.459	0.16415
0.459	0.46	0.1624
0.46	0.461	0.16067
0.461	0.462	0.15894
0.462	0.463	0.15723
0.463	0.464	0.15553
0.464	0.465	0.15385
0.465	0.466	0.15217
0.466	0.467	0.15051
0.467	0.468	0.14887
0.468	0.469	0.14723
0.469	0.47	0.1456
0.47	0.471	0.14399
0.471	0.472	0.14239
0.472	0.473	0.1408
0.473	0.474	0.13922
0.474	0.475	0.13766
0.475	0.476	0.1361
0.476	0.477	0.13456
0.477	0.478	0.13303
0.478	0.479	0.13151
0.479	0.48	0.13
0.48	0.481	0.1285
0.481	0.482	0.12701
0.482	0.483	0.12553
0.483	0.484	0.12406
0.484	0.485	0.12261
0.485	0.486	0.12116
0.486	0.487	0.11973
0.487	0.488	0.1183
0.488	0.489	0.11689
0.489	0.49	0.11548
0.49	0.491	0.11409
0.491	0.492	0.1127
0.492	0.493	0.11132
0.493	0.494	0.10996
0.494	0.495	0.1086
0.495	0.496	0.10726
0.496	0.497	0.10592
0.497	0.498	0.10459
0.498	0.499	0.10327
0.499	0.5	0.10197
0.5	0.501	0.10067
0.501	0.502	0.09937
0.502	0.503	0.09809
0.503	0.504	0.09682
0.504	0.505	0.09556
0.505	0.506	0.0943
0.506	0.507	0.09306
0.507	0.508	0.09182
0.508	0.509	0.09059
0.509	0.51	0.08937
0.51	0.511	0.08816
0.511	0.512	0.08695
0.512	0.513	0.08576
0.513	0.514	0.08457
0.514	0.515	0.08339
0.515	0.516	0.08222
0.516	0.517	0.08106
0.517	0.518	0.07991
0.518	0.519	0.07876
0.519	0.52	0.07762
0.52	0.521	0.07649
0.521	0.522	0.07537
0.522	0.523	0.07425
0.523	0.524	0.07314
0.524	0.525	0.07204
0.525	0.526	0.07095
0.526	0.527	0.06987
0.527	0.528	0.06879
0.528	0.529	0.06772
0.529	0.53	0.06665
0.53	0.531	0.0656
0.531	0.532	0.06455
0.532	0.533	0.06351
0.533	0.534	0.06247
0.534	0.535	0.06144
0.535	0.536	0.06042
0.536	0.537	0.05941
0.537	0.538	0.0584
0.538	0.539	0.0574
0.539	0.54	0.05641
0.54	0.541	0.05542
0.541	0.542	0.05444
0.542	0.543	0.05346
0.543	0.544	0.0525
0.544	0.545	0.05153
0.545	0.546	0.05058
0.546	0.547	0.04963
0.547	0.548	0.04869
0.548	0.549	0.04775
0.549	0.55	0.04682
0.55	0.551	0.0459
0.551	0.552	0.04498
0.552	0.553	0.04407
0.553	0.554	0.04317
0.554	0.555	0.04227
0.555	0.556	0.04137
0.556	0.557	0.04049
0.557	0.558	0.0396
0.558	0.559	0.03873
0.559	0.56	0.03786
0.56	0.561	0.03699
0.561	0.562	0.03614
0.562	0.563	0.03528
0.563	0.564	0.03444
0.564	0.565	0.03359
0.565	0.566	0.03276
0.566	0.567	0.03193
0.567	0.568	0.0311
0.568	0.569	0.03028
0.569	0.57	0.02946
0.57	0.571	0.02865
0.571	0.572	0.02785
0.572	0.573	0.02705
0.573	0.574	0.02626
0.574	0.575	0.02547
0.575	0.576	0.02469
0.576	0.577	0.02391
0.577	0.578	0.02314
0.578	0.579	0.02239
0.579	0.58	0.02165
0.58	0.581	0.02092
0.581	0.582	0.0202
0.582	0.583	0.0195
0.583	0.584	0.01881
0.584	0.585	0.01814
0.585	0.586	0.01749
0.586	0.587	0.01685
0.587	0.588	0.01623
0.588	0.589	0.01563
0.589	0.59	0.01504
0.59	0.591	0.01447
0.591	0.592	0.01391
0.592	0.593	0.01338
0.593	0.594	0.01286
0.594	0.595	0.01235
0.595	0.596	0.01186
0.596	0.597	0.01139
0.597	0.598	0.01093
0.598	0.599	0.01049
0.599	0.6	0.01007
0.6	0.601	0.00966
0.601	0.602	0.00926
0.602	0.603	0.00888
0.603	0.604	0.00851
0.604	0.605	0.00815
0.605	0.606	0.00781
0.606	0.607	0.00748
0.607	0.608	0.00716
0.608	0.609	0.00686
0.609	0.61	0.00657
0.61	0.611	0.00628
0.611	0.612	0.00601
0.612	0.613	0.00575
0.613	0.614	0.0055
0.614	0.615	0.00526
0.615	0.616	0.00503
0.616	0.617	0.00481
0.617	0.618	0.0046
0.618	0.619	0.0044
0.619	0.62	0.0042
0.62	0.621	0.00401
0.621	0.622	0.00383
0.622	0.623	0.00366
0.623	0.624	0.0035
0.624	0.625	0.00334
0.625	0.626	0.00319
0.626	0.627	0.00305
0.627	0.628	0.00291
0.628	0.629	0.00277
0.629	0.63	0.00265
0.63	0.631	0.00253
0.631	0.632	0.00241
0.632	0.633	0.0023
0.633	0.634	0.00219
0.634	0.635	0.00209
0.635	0.636	0.002
0.636	0.637	0.0019
0.637	0.638	0.00182
0.638	0.639	0.00173
0.639	0.64	0.00165
0.64	0.641	0.00157
0.641	0.642	0.0015
0.642	0.643	0.00143
0.643	0.644	0.00136
0.644	0.645	0.0013
0.645	0.646	0.00124
0.646	0.647	0.00118
0.647	0.648	0.00112
0.648	0.649	0.00107
0.649	0.65	0.00102
0.65	0.651	0.00097
0.651	0.652	0.00092
0.652	0.653	0.00088
0.653	0.654	0.00084
0.654	0.655	0.0008
0.655	0.656	0.00076
0.656	0.657	0.00072
0.657	0.658	0.00069
0.658	0.659	0.00065
0.659	0.66	0.00062
0.66	0.661	0.00059
0.661	0.662	0.00056
0.662	0.663	0.00054
0.663	0.664	0.00051
0.664	0.665	0.00049
0.665	0.666	0.00046
0.666	0.667	0.00044
0.667	0.668	0.00042
0.668	0.669	0.0004
0.669	0.67	0.00038
0.67	0.671	0.00036
0.671	0.672	0.00034
0.672	0.673	0.00033
0.673	0.674	0.00031
0.674	0.675	0.00029
0.675	0.676	0.00028
0.676	0.677	0.00027
0.677	0.678	0.00025
0.678	0.679	0.00024
0.679	0.68	0.00023
0.68	0.681	0.00022
0.681	0.682	0.00021
0.682	0.683	0.0002
0.683	0.684	0.00019
0.684	0.685	0.00018
0.685	0.686	0.00017
0.686	0.687	0.00016
0.687	0.688	0.00015
0.688	0.689	0.00015
0.689	0.69	0.00014
0.69	0.691	0.00013
0.691	0.692	0.00012
0.692	0.693	0.00012
0.693	0.694	0.00011
0.694	0.695	0.00011
0.695	0.696	0.0001
0.696	0.697	0.0001
0.697	0.698	0.00009
0.698	0.699	0.00009
0.699	0.7	0.00008
0.7	0.701	0.00008
0.701	0.702	0.00007
0.702	0.703	0.00007
0.703	0.704	0.00007
0.704	0.705	0.00006
0.705	0.706	0.00006
0.706	0.707	0.00006
0.707	0.708	0.00005
0.708	0.709	0.00005
0.709	0.71	0.00005
0.71	0.711	0.00005
0.711	0.712	0.00004
0.712	0.713	0.00004
0.713	0.714	0.00004
0.714	0.715	0.00004
0.715	0.716	0.00004
0.716	0.717	0.00003
0.717	0.718	0.00003
0.718	0.719	0.00003
0.719	0.72	0.00003
0.72	0.721	0.00003
0.721	0.722	0.00003
0.722	0.723	0.00003
0.723	0.724	0.00002
0.724	0.725	0.00002
0.725	0.726	0.00002
0.726	0.727	0.00002
0.727	0.728	0.00002
0.728	0.729	0.00002
0.729	0.73	0.00002
0.73	0.731	0.00002
0.731	0.732	0.00002
0.732	0.733	0.00001
0.733	0.734	0.00001
0.734	0.735	0.00001
0.735	0.736	0.00001
0.736	0.737	0.00001
0.737	0.738	0.00001
0.738	0.739	0.00001
0.739	0.74	0.00001
0.74	0.741	0.00001
0.741	0.742	0.00001
0.742	0.743	0.00001
0.743	0.744	0.00001
0.744	0.745	0.00001
0.745	0.746	0.00001
0.746	0.747	0.00001
0.747	0.748	0.00001
0.748	0.749	0.00001
0.749	0.75	0.00001
0.75	0.751	0.00001
0.751	0.752	0.00001
0.752	0.753	0.00001
0.753	0.754	0.
0.754	0.755	0.
0.755	0.756	0.
0.756	0.757	0.
0.757	0.758	0.
0.758	0.759	0.
0.759	0.76	0.
0.76	0.761	0.
0.761	0.762	0.
0.762	0.763	0.
0.763	0.764	0.
0.764	0.765	0.
0.765	0.766	0.
0.766	0.767	0.
0.767	0.768	0.
0.768	0.769	0.
0.769	0.77	0.
0.77	0.771	0.
0.771	0.772	0.
0.772	0.773	0.
0.773	0.774	0.
0.774	0.775	0.
0.775	0.776	0.
0.776	0.777	0.
0.777	0.778	0.
0.778	0.779	0.
0.779	0.78	0.
0.78	0.781	0.
0.781	0.782	0.
0.782	0.783	0.
0.783	0.784	0.
0.784	0.785	0.
0.785	0.786	0.
0.786	0.787	0.
0.787	0.788	0.
0.788	0.789	0.
0.789	0.79	0.
0.79	0.791	0.
0.791	0.792	0.
0.792	0.793	0.
0.793	0.794	0.
0.794	0.795	0.
0.795	0.796	0.
0.796	0.797	0.
0.797	0.798	0.
0.798	0.799	0.
0.799	0.8	0.
0.8	0.801	0.
0.801	0.802	0.
0.802	0.803	0.
0.803	0.804	0.
0.804	0.805	0.
0.805	0.806	0.
0.806	0.807	0.
0.807	0.808	0.
0.808	0.809	0.
0.809	0.81	0.
0.81	0.811	0.
0.811	0.812	0.
0.812	0.813	0.
0.813	0.814	0.
0.814	0.815	0.
0.815	0.816	0.
0.816	0.817	0.
0.817	0.818	0.
0.818	0.819	0.
0.819	0.82	0.
0.82	0.821	0.
0.821	0.822	0.
0.822	0.823	0.
0.823	0.824	0.
0.824	0.825	0.
0.825	0.826	0.
0.826	0.827	0.
0.827	0.828	0.
0.828	0.829	0.
0.829	0.83	0.
0.83	0.831	0.
0.831	0.832	0.
0.832	0.833	0.
0.833	0.834	0.
0.834	0.835	0.
0.835	0.836	0.
0.836	0.837	0.
0.837	0.838	0.
0.838	0.839	0.
0.839	0.84	0.
0.84	0.841	0.
0.841	0.842	0.
0.842	0.843	0.
0.843	0.844	0.
0.844	0.845	0.
0.845	0.846	0.
0.846	0.847	0.
0.847	0.848	0.
0.848	0.849	0.
0.849	0.85	0.
0.85	0.851	0.
0.851	0.852	0.
0.852	0.853	0.
0.853	0.854	0.
0.854	0.855	0.
0.855	0.856	0.
0.856	0.857	0.
0.857	0.858	0.
0.858	0.859	0.
0.859	0.86	0.
0.86	0.861	0.
0.861	0.862	0.
0.862	0.863	0.
0.863	0.864	0.
0.864	0.865	0.
0.865	0.866	0.
0.866	0.867	0.
0.867	0.868	0.
0.868	0.869	0.
0.869	0.87	0.
0.87	0.871	0.
0.871	0.872	0.
0.872	0.873	0.
0.873	0.874	0.
0.874	0.875	0.
0.875	0.876	0.
0.876	0.877	0.
0.877	0.878	0.
0.878	0.879	0.
0.879	0.88	0.
0.88	0.881	0.
0.881	0.882	0.
0.882	0.883	0.
0.883	0.884	0.
0.884	0.885	0.
0.885	0.886	0.
0.886	0.887	0.
0.887	0.888	0.
0.888	0.889	0.
0.889	0.89	0.
0.89	0.891	0.
0.891	0.892	0.
0.892	0.893	0.
0.893	0.894	0.
0.894	0.895	0.
0.895	0.896	0.
0.896	0.897	0.
0.897	0.898	0.
0.898	0.899	0.
0.899	0.9	0.
0.9	0.901	0.
0.901	0.902	0.
0.902	0.903	0.
0.903	0.904	0.
0.904	0.905	0.
0.905	0.906	0.
0.906	0.907	0.
0.907	0.908	0.
0.908	0.909	0.
0.909	0.91	0.
0.91	0.911	0.
0.911	0.912	0.
0.912	0.913	0.
0.913	0.914	0.
0.914	0.915	0.
0.915	0.916	0.
0.916	0.917	0.
0.917	0.918	0.
0.918	0.919	0.
0.919	0.92	0.
0.92	0.921	0.
0.921	0.922	0.
0.922	0.923	0.
0.923	0.924	0.
0.924	0.925	0.
0.925	0.926	0.
0.926	0.927	0.
0.927	0.928	0.
0.928	0.929	0.
0.929	0.93	0.
0.93	0.931	0.
0.931	0.932	0.
0.932	0.933	0.
0.933	0.934	0.
0.934	0.935	0.
0.935	0.936	0.
0.936	0.937	0.
0.937	0.938	0.
0.938	0.939	0.
0.939	0.94	0.
0.94	0.941	0.
0.941	0.942	0.
0.942	0.943	0.
0.943	0.944	0.
0.944	0.945	0.
0.945	0.946	0.
0.946	0.947	0.
0.947	0.948	0.
0.948	0.949	0.
0.949	0.95	0.
0.95	0.951	0.
0.951	0.952	0.
0.952	0.953	0.
0.953	0.954	0.
0.954	0.955	0.
0.955	0.956	0.
0.956	0.957	0.
0.957	0.958	0.
0.958	0.959	0.
0.959	0.96	0.
0.96	0.961	0.
0.961	0.962	0.
0.962	0.963	0.
0.963	0.964	0.
0.964	0.965	0.
0.965	0.966	0.
0.966	0.967	0.
0.967	0.968	0.
0.968	0.969	0.
0.969	0.97	0.
0.97	0.971	0.
0.971	0.972	0.
0.972	0.973	0.
0.973	0.974	0.
0.974	0.975	0.
0.975	0.976	0.
0.976	0.977	0.
0.977	0.978	0.
0.978	0.979	0.
0.979	0.98	0.
0.98	0.981	0.
0.981	0.982	0.
0.982	0.983	0.
0.983	0.984	0.
0.984	0.985	0.
0.985	0.986	0.
0.986	0.987	0.
0.987	0.988	0.
0.988	0.989	0.
0.989	0.99	0.
0.99	0.991	0.
0.991	0.992	0.
0.992	0.993	0.
0.993	0.994	0.
0.994	0.995	0.
0.995	0.996	0.
0.996	0.997	0.
0.997	0.998	0.
0.998	0.999	0.
0.999	1.	0.