0.	0.001	0.
0.001	0.002	0.
0.002	0.003	0.
0.003	0.004	0.
0.004	0.005	0.
0.005	0.006	0.
0.006	0.007	0.
0.007	0.008	0.
0.008	0.009	0.
0.009	0.01	0.
0.01	0.011	0.
0.011	0.012	0.
0.012	0.013	0.
0.013	0.014	0.
0.014	0.015	0.
0.015	0.016	0.
0.016	0.017	0.
0.017	0.018	0.
0.018	0.019	0.
0.019	0.02	0.
0.02	0.021	0.
0.021	0.022	0.
0.022	0.023	0.
0.023	0.024	0.
0.024	0.025	0.
0.025	0.026	0.
0.026	0.027	0.
0.027	0.028	0.
0.028	0.029	0.
0.029	0.03	0.
0.03	0.031	0.
0.031	0.032	0.
0.032	0.033	0.
0.033	0.034	0.
0.034	0.035	0.
0.035	0.036	0.
0.036	0.037	0.
0.037	0.038	0.
0.038	0.039	0.
0.039	0.04	0.
0.04	0.041	0.
0.041	0.042	0.
0.042	0.043	0.
0.043	0.044	0.
0.044	0.045	0.
0.045	0.046	0.
0.046	0.047	0.
0.047	0.048	0.
0.048	0.049	0.
0.049	0.05	0.
0.05	0.051	0.
0.051	0.052	0.
0.052	0.053	0.
0.053	0.054	0.
0.054	0.055	0.
0.055	0.056	0.
0.056	0.057	0.
0.057	0.058	0.
0.058	0.059	0.
0.059	0.06	0.
0.06	0.061	0.
0.061	0.062	0.
0.062	0.063	0.
0.063	0.064	0.
0.064	0.065	0.
0.065	0.066	0.
0.066	0.067	0.
0.067	0.068	0.
0.068	0.069	0.
0.069	0.07	0.
0.07	0.071	0.
0.071	0.072	0.00001
0.072	0.073	0.00003
0.073	0.074	0.00008
0.074	0.075	0.00019
0.075	0.076	0.00036
0.076	0.077	0.00063
0.077	0.078	0.00103
0.078	0.079	0.00159
0.079	0.08	0.00233
0.08	0.081	0.00329
0.081	0.082	0.0045
0.082	0.083	0.00598
0.083	0.084	0.00778
0.084	0.085	0.0099
0.085	0.086	0.01239
0.086	0.087	0.01526
0.087	0.088	0.01854
0.088	0.089	0.02225
0.089	0.09	0.02642
0.09	0.091	0.03105
0.091	0.092	0.03617
0.092	0.093	0.04179
0.093	0.094	0.04792
0.094	0.095	0.05458
0.095	0.096	0.06177
0.096	0.097	0.06951
0.097	0.098	0.0778
0.098	0.099	0.08665
0.099	0.1	0.09605
0.1	0.101	0.10602
0.101	0.102	0.11655
0.102	0.103	0.12764
0.103	0.104	0.1393
0.104	0.105	0.15152
0.105	0.106	0.16429
0.106	0.107	0.17762
0.107	0.108	0.19149
0.108	0.109	0.20591
0.109	0.11	0.22086
0.11	0.111	0.23634
0.111	0.112	0.25234
0.112	0.113	0.26885
0.113	0.114	0.28586
0.114	0.115	0.30336
0.115	0.116	0.32134
0.116	0.117	0.33979
0.117	0.118	0.3587
0.118	0.119	0.37805
0.119	0.12	0.39784
0.12	0.121	0.41805
0.121	0.122	0.43868
0.122	0.123	0.4597
0.123	0.124	0.4811
0.124	0.125	0.50288
0.125	0.126	0.52501
0.126	0.127	0.54749
0.127	0.128	0.5703
0.128	0.129	0.59342
0.129	0.13	0.61685
0.13	0.131	0.64058
0.131	0.132	0.66457
0.132	0.133	0.68884
0.133	0.134	0.71335
0.134	0.135	0.7381
0.135	0.136	0.76307
0.136	0.137	0.78826
0.137	0.138	0.81364
0.138	0.139	0.8392
0.139	0.14	0.86494
0.14	0.141	0.89083
0.141	0.142	0.91687
0.142	0.143	0.94304
0.143	0.144	0.96934
0.144	0.145	0.99574
0.145	0.146	1.02224
0.146	0.147	1.04882
0.147	0.148	1.07548
0.148	0.149	1.10219
0.149	0.15	1.12896
0.15	0.151	1.15577
0.151	0.152	1.18261
0.152	0.153	1.20946
0.153	0.154	1.23632
0.154	0.155	1.26318
0.155	0.156	1.29002
0.156	0.157	1.31685
0.157	0.158	1.34363
0.158	0.159	1.37038
0.159	0.16	1.39708
0.16	0.161	1.42371
0.161	0.162	1.45028
0.162	0.163	1.47677
0.163	0.164	1.50317
0.164	0.165	1.52948
0.165	0.166	1.55568
0.166	0.167	1.58178
0.167	0.168	1.60776
0.168	0.169	1.63361
0.169	0.17	1.65933
0.17	0.171	1.68492
0.171	0.172	1.71035
0.172	0.173	1.73564
0.173	0.174	1.76077
0.174	0.175	1.78573
0.175	0.176	1.81052
0.176	0.177	1.83514
0.177	0.178	1.85958
0.178	0.179	1.88382
0.179	0.18	1.90788
0.18	0.181	1.93174
0.181	0.182	1.9554
0.182	0.183	1.97885
0.183	0.184	2.00209
0.184	0.185	2.02511
0.185	0.186	2.04792
0.186	0.187	2.0705
0.187	0.188	2.09286
0.188	0.189	2.11498
0.189	0.19	2.13687
0.19	0.191	2.15853
0.191	0.192	2.17994
0.192	0.193	2.20111
0.193	0.194	2.22204
0.194	0.195	2.24271
0.195	0.196	2.26314
0.196	0.197	2.28331
0.197	0.198	2.30322
0.198	0.199	2.32288
0.199	0.2	2.34228
0.2	0.201	2.36141
0.201	0.202	2.38028
0.202	0.203	2.39889
0.203	0.204	2.41723
0.204	0.205	2.4353
0.205	0.206	2.4531
0.206	0.207	2.47063
0.207	0.208	2.48789
0.208	0.209	2.50487
0.209	0.21	2.52159
0.21	0.211	2.53803
0.211	0.212	2.55419
0.212	0.213	2.57008
0.213	0.214	2.58569
0.214	0.215	2.60103
0.215	0.216	2.61609
0.216	0.217	2.63088
0.217	0.218	2.64538
0.218	0.219	2.65962
0.219	0.22	2.67357
0.22	0.221	2.68725
0.221	0.222	2.70066
0.222	0.223	2.71378
0.223	0.224	2.72664
0.224	0.225	2.73922
0.225	0.226	2.75152
0.226	0.227	2.76355
0.227	0.228	2.77531
0.228	0.229	2.7868
0.229	0.23	2.79801
0.23	0.231	2.80896
0.231	0.232	2.81964
0.232	0.233	2.83004
0.233	0.234	2.84018
0.234	0.235	2.85006
0.235	0.236	2.85967
0.236	0.237	2.86901
0.237	0.238	2.87809
0.238	0.239	2.88691
0.239	0.24	2.89547
0.24	0.241	2.90378
0.241	0.242	2.91182
0.242	0.243	2.91961
0.243	0.244	2.92714
0.244	0.245	2.93443
0.245	0.246	2.94146
0.246	0.247	2.94824
0.247	0.248	2.95477
0.248	0.249	2.96106
0.249	0.25	2.9671
0.25	0.251	2.9729
0.251	0.252	2.97845
0.252	0.253	2.98377
0.253	0.254	2.98885
0.254	0.255	2.9937
0.255	0.256	2.99831
0.256	0.257	3.00268
0.257	0.258	3.00683
0.258	0.259	3.01075
0.259	0.26	3.01444
0.26	0.261	3.01791
0.261	0.262	3.02116
0.262	0.263	3.02418
0.263	0.264	3.02699
0.264	0.265	3.02958
0.265	0.266	3.03195
0.266	0.267	3.03411
0.267	0.268	3.03607
0.268	0.269	3.03781
0.269	0.27	3.03935
0.27	0.271	3.04068
0.271	0.272	3.04181
0.272	0.273	3.04274
0.273	0.274	3.04347
0.274	0.275	3.044
0.275	0.276	3.04435
0.276	0.277	3.0445
0.277	0.278	3.04445
0.278	0.279	3.04423
0.279	0.28	3.04381
0.28	0.281	3.04321
0.281	0.282	3.04243
0.282	0.283	3.04148
0.283	0.284	3.04034
0.284	0.285	3.03903
0.285	0.286	3.03754
0.286	0.287	3.03589
0.287	0.288	3.03406
0.288	0.289	3.03207
0.289	0.29	3.02992
0.29	0.291	3.0276
0.291	0.292	3.02512
0.292	0.293	3.02248
0.293	0.294	3.01969
0.294	0.295	3.01674
0.295	0.296	3.01364
0.296	0.297	3.01039
0.297	0.298	3.00699
0.298	0.299	3.00344
0.299	0.3	2.99975
0.3	0.301	2.99592
0.301	0.302	2.99195
0.302	0.303	2.98784
0.303	0.304	2.98359
0.304	0.305	2.97921
0.305	0.306	2.9747
0.306	0.307	2.97005
0.307	0.308	2.96528
0.308	0.309	2.96038
0.309	0.31	2.95536
0.31	0.311	2.95021
0.311	0.312	2.94495
0.312	0.313	2.93956
0.313	0.314	2.93406
0.314	0.315	2.92845
0.315	0.316	2.92272
0.316	0.317	2.91688
0.317	0.318	2.91093
0.318	0.319	2.90487
0.319	0.32	2.89871
0.32	0.321	2.89244
0.321	0.322	2.88607
0.322	0.323	2.8796
0.323	0.324	2.87303
0.324	0.325	2.86637
0.325	0.326	2.85961
0.326	0.327	2.85276
0.327	0.328	2.84581
0.328	0.329	2.83878
0.329	0.33	2.83165
0.33	0.331	2.82444
0.331	0.332	2.81715
0.332	0.333	2.80977
0.333	0.334	2.80231
0.334	0.335	2.79477
0.335	0.336	2.78715
0.336	0.337	2.77946
0.337	0.338	2.77169
0.338	0.339	2.76385
0.339	0.34	2.75593
0.34	0.341	2.74794
0.341	0.342	2.73989
0.342	0.343	2.73176
0.343	0.344	2.72358
0.344	0.345	2.71532
0.345	0.346	2.70701
0.346	0.347	2.69863
0.347	0.348	2.69019
0.348	0.349	2.68169
0.349	0.35	2.67313
0.35	0.351	2.66452
0.351	0.352	2.65586
0.352	0.353	2.64714
0.353	0.354	2.63837
0.354	0.355	2.62955
0.355	0.356	2.62068
0.356	0.357	2.61176
0.357	0.358	2.60279
0.358	0.359	2.59378
0.359	0.36	2.58473
0.36	0.361	2.57563
0.361	0.362	2.56649
0.362	0.363	2.55731
0.363	0.364	2.54809
0.364	0.365	2.53884
0.365	0.366	2.52954
0.366	0.367	2.52021
0.367	0.368	2.51085
0.368	0.369	2.50145
0.369	0.37	2.49202
0.37	0.371	2.48256
0.371	0.372	2.47307
0.372	0.373	2.46355
0.373	0.374	2.45401
0.374	0.375	2.44443
0.375	0.376	2.43484
0.376	0.377	2.42521
0.377	0.378	2.41557
0.378	0.379	2.4059
0.379	0.38	2.3962
0.38	0.381	2.38649
0.381	0.382	2.37676
0.382	0.383	2.36701
0.383	0.384	2.35724
0.384	0.385	2.34746
0.385	0.386	2.33766
0.386	0.387	2.32784
0.387	0.388	2.31801
0.388	0.389	2.30817
0.389	0.39	2.29832
0.39	0.391	2.28845
0.391	0.392	2.27858
0.392	0.393	2.26869
0.393	0.394	2.25879
0.394	0.395	2.24889
0.395	0.396	2.23898
0.396	0.397	2.22907
0.397	0.398	2.21914
0.398	0.399	2.20922
0.399	0.4	2.19929
0.4	0.401	2.18935
0.401	0.402	2.17941
0.402	0.403	2.16948
0.403	0.404	2.15954
0.404	0.405	2.14959
0.405	0.406	2.13965
0.406	0.407	2.12972
0.407	0.408	2.11978
0.408	0.409	2.10984
0.409	0.41	2.09991
0.41	0.411	2.08998
0.411	0.412	2.08006
0.412	0.413	2.07014
0.413	0.414	2.06022
0.414	0.415	2.05032
0.415	0.416	2.04042
0.416	0.417	2.03052
0.417	0.418	2.02064
0.418	0.419	2.01076
0.419	0.42	2.00089
0.42	0.421	1.99103
0.421	0.422	1.98118
0.422	0.423	1.97134
0.423	0.424	1.96152
0.424	0.425	1.9517
0.425	0.426	1.9419
0.426	0.427	1.93211
0.427	0.428	1.92233
0.428	0.429	1.91256
0.429	0.43	1.90281
0.43	0.431	1.89308
0.431	0.432	1.88336
0.432	0.433	1.87365
0.433	0.434	1.86396
0.434	0.435	1.85429
0.435	0.436	1.84464
0.436	0.437	1.835
0.437	0.438	1.82538
0.438	0.439	1.81577
0.439	0.44	1.80619
0.44	0.441	1.79662
0.441	0.442	1.78708
0.442	0.443	1.77755
0.443	0.444	1.76804
0.444	0.445	1.75855
0.445	0.446	1.74909
0.446	0.447	1.73964
0.447	0.448	1.73022
0.448	0.449	1.72081
0.449	0.45	1.71143
0.45	0.451	1.70207
0.451	0.452	1.69274
0.452	0.453	1.68342
0.453	0.454	1.67413
0.454	0.455	1.66486
0.455	0.456	1.65562
0.456	0.457	1.6464
0.457	0.458	1.63721
0.458	0.459	1.62803
0.459	0.46	1.61889
0.46	0.461	1.60977
0.461	0.462	1.60067
0.462	0.463	1.5916
0.463	0.464	1.58256
0.464	0.465	1.57354
0.465	0.466	1.56454
0.466	0.467	1.55558
0.467	0.468	1.54664
0.468	0.469	1.53772
0.469	0.47	1.52884
0.47	0.471	1.51998
0.471	0.472	1.51115
0.472	0.473	1.50234
0.473	0.474	1.49356
0.474	0.475	1.48482
0.475	0.476	1.47609
0.476	0.477	1.4674
0.477	0.478	1.45874
0.478	0.479	1.4501
0.479	0.48	1.4415
0.48	0.481	1.43292
0.481	0.482	1.42437
0.482	0.483	1.41585
0.483	0.484	1.40736
0.484	0.485	1.3989
0.485	0.486	1.39046
0.486	0.487	1.38206
0.487	0.488	1.37369
0.488	0.489	1.36534
0.489	0.49	1.35703
0.49	0.491	1.34875
0.491	0.492	1.3405
0.492	0.493	1.33227
0.493	0.494	1.32408
0.494	0.495	1.31592
0.495	0.496	1.30779
0.496	0.497	1.29969
0.497	0.498	1.29161
0.498	0.499	1.28357
0.499	0.5	1.27557
0.5	0.501	1.26759
0.501	0.502	1.25964
0.502	0.503	1.25172
0.503	0.504	1.24384
0.504	0.505	1.23598
0.505	0.506	1.22816
0.506	0.507	1.22037
0.507	0.508	1.21261
0.508	0.509	1.20488
0.509	0.51	1.19718
0.51	0.511	1.18951
0.511	0.512	1.18188
0.512	0.513	1.17427
0.513	0.514	1.1667
0.514	0.515	1.15916
0.515	0.516	1.15165
0.516	0.517	1.14417
0.517	0.518	1.13672
0.518	0.519	1.12931
0.519	0.52	1.12192
0.52	0.521	1.11457
0.521	0.522	1.10725
0.522	0.523	1.09996
0.523	0.524	1.0927
0.524	0.525	1.08547
0.525	0.526	1.07828
0.526	0.527	1.07111
0.527	0.528	1.06398
0.528	0.529	1.05688
0.529	0.53	1.04981
0.53	0.531	1.04277
0.531	0.532	1.03576
0.532	0.533	1.02879
0.533	0.534	1.02184
0.534	0.535	1.01493
0.535	0.536	1.00805
0.536	0.537	1.0012
0.537	0.538	0.99438
0.538	0.539	0.98759
0.539	0.54	0.98083
0.54	0.541	0.97411
0.541	0.542	0.96741
0.542	0.543	0.96075
0.543	0.544	0.95411
0.544	0.545	0.94751
0.545	0.546	0.94094
0.546	0.547	0.9344
0.547	0.548	0.92789
0.548	0.549	0.92141
0.549	0.55	0.91496
0.55	0.551	0.90855
0.551	0.552	0.90216
0.552	0.553	0.8958
0.553	0.554	0.88948
0.554	0.555	0.88318
0.555	0.556	0.87692
0.556	0.557	0.87068
0.557	0.558	0.86448
0.558	0.559	0.8583
0.559	0.56	0.85216
0.56	0.561	0.84605
0.561	0.562	0.83996
0.562	0.563	0.83391
0.563	0.564	0.82788
0.564	0.565	0.82189
0.565	0.566	0.81592
0.566	0.567	0.80999
0.567	0.568	0.80408
0.568	0.569	0.79821
0.569	0.57	0.79236
0.57	0.571	0.78654
0.571	0.572	0.78075
0.572	0.573	0.77499
0.573	0.574	0.76926
0.574	0.575	0.76356
0.575	0.576	0.75789
0.576	0.577	0.75224
0.577	0.578	0.74663
0.578	0.579	0.74104
0.579	0.58	0.73549
0.58	0.581	0.72996
0.581	0.582	0.72446
0.582	0.583	0.71898
0.583	0.584	0.71354
0.584	0.585	0.70812
0.585	0.586	0.70274
0.586	0.587	0.69738
0.587	0.588	0.69204
0.588	0.589	0.68674
0.589	0.59	0.68146
0.59	0.591	0.67621
0.591	0.592	0.67099
0.592	0.593	0.6658
0.593	0.594	0.66063
0.594	0.595	0.65549
0.595	0.596	0.65038
0.596	0.597	0.64529
0.597	0.598	0.64024
0.598	0.599	0.6352
0.599	0.6	0.6302
0.6	0.601	0.62522
0.601	0.602	0.62027
0.602	0.603	0.61534
0.603	0.604	0.61045
0.604	0.605	0.60557
0.605	0.606	0.60073
0.606	0.607	0.59591
0.607	0.608	0.59111
0.608	0.609	0.58634
0.609	0.61	0.5816
0.61	0.611	0.57688
0.611	0.612	0.57219
0.612	0.613	0.56753
0.613	0.614	0.56289
0.614	0.615	0.55827
0.615	0.616	0.55368
0.616	0.617	0.54912
0.617	0.618	0.54458
0.618	0.619	0.54006
0.619	0.62	0.53557
0.62	0.621	0.53111
0.621	0.622	0.52667
0.622	0.623	0.52226
0.623	0.624	0.51788
0.624	0.625	0.51352
0.625	0.626	0.50918
0.626	0.627	0.50488
0.627	0.628	0.5006
0.628	0.629	0.49634
0.629	0.63	0.49211
0.63	0.631	0.48791
0.631	0.632	0.48373
0.632	0.633	0.47958
0.633	0.634	0.47546
0.634	0.635	0.47136
0.635	0.636	0.46729
0.636	0.637	0.46325
0.637	0.638	0.45923
0.638	0.639	0.45524
0.639	0.64	0.45127
0.64	0.641	0.44733
0.641	0.642	0.44342
0.642	0.643	0.43953
0.643	0.644	0.43567
0.644	0.645	0.43184
0.645	0.646	0.42803
0.646	0.647	0.42425
0.647	0.648	0.42049
0.648	0.649	0.41676
0.649	0.65	0.41306
0.65	0.651	0.40938
0.651	0.652	0.40573
0.652	0.653	0.4021
0.653	0.654	0.3985
0.654	0.655	0.39493
0.655	0.656	0.39138
0.656	0.657	0.38786
0.657	0.658	0.38436
0.658	0.659	0.38089
0.659	0.66	0.37744
0.66	0.661	0.37402
0.661	0.662	0.37063
0.662	0.663	0.36726
0.663	0.664	0.36391
0.664	0.665	0.36059
0.665	0.666	0.3573
0.666	0.667	0.35403
0.667	0.668	0.35078
0.668	0.669	0.34756
0.669	0.67	0.34436
0.67	0.671	0.34119
0.671	0.672	0.33804
0.672	0.673	0.33492
0.673	0.674	0.33182
0.674	0.675	0.32875
0.675	0.676	0.32569
0.676	0.677	0.32267
0.677	0.678	0.31966
0.678	0.679	0.31668
0.679	0.68	0.31373
0.68	0.681	0.3108
0.681	0.682	0.30789
0.682	0.683	0.305
0.683	0.684	0.30214
0.684	0.685	0.2993
0.685	0.686	0.29648
0.686	0.687	0.29368
0.687	0.688	0.29091
0.688	0.689	0.28816
0.689	0.69	0.28544
0.69	0.691	0.28273
0.691	0.692	0.28005
0.692	0.693	0.27739
0.693	0.694	0.27475
0.694	0.695	0.27213
0.695	0.696	0.26954
0.696	0.697	0.26696
0.697	0.698	0.26441
0.698	0.699	0.26188
0.699	0.7	0.25937
0.7	0.701	0.25688
0.701	0.702	0.25442
0.702	0.703	0.25197
0.703	0.704	0.24954
0.704	0.705	0.24714
0.705	0.706	0.24475
0.706	0.707	0.24239
0.707	0.708	0.24004
0.708	0.709	0.23772
0.709	0.71	0.23541
0.71	0.711	0.23313
0.711	0.712	0.23086
0.712	0.713	0.22862
0.713	0.714	0.22639
0.714	0.715	0.22419
0.715	0.716	0.222
0.716	0.717	0.21983
0.717	0.718	0.21768
0.718	0.719	0.21555
0.719	0.72	0.21344
0.72	0.721	0.21134
0.721	0.722	0.20927
0.722	0.723	0.20721
0.723	0.724	0.20517
0.724	0.725	0.20315
0.725	0.726	0.20115
0.726	0.727	0.19916
0.727	0.728	0.1972
0.728	0.729	0.19525
0.729	0.73	0.19331
0.73	0.731	0.1914
0.731	0.732	0.1895
0.732	0.733	0.18762
0.733	0.734	0.18576
0.734	0.735	0.18391
0.735	0.736	0.18208
0.736	0.737	0.18027
0.737	0.738	0.17847
0.738	0.739	0.17669
0.739	0.74	0.17492
0.74	0.741	0.17317
0.741	0.742	0.17144
0.742	0.743	0.16972
0.743	0.744	0.16802
0.744	0.745	0.16634
0.745	0.746	0.16467
0.746	0.747	0.16301
0.747	0.748	0.16137
0.748	0.749	0.15975
0.749	0.75	0.15814
0.75	0.751	0.15654
0.751	0.752	0.15496
0.752	0.753	0.1534
0.753	0.754	0.15185
0.754	0.755	0.15031
0.755	0.756	0.14879
0.756	0.757	0.14728
0.757	0.758	0.14579
0.758	0.759	0.14431
0.759	0.76	0.14284
0.76	0.761	0.14139
0.761	0.762	0.13995
0.762	0.763	0.13853
0.763	0.764	0.13711
0.764	0.765	0.13572
0.765	0.766	0.13433
0.766	0.767	0.13296
0.767	0.768	0.1316
0.768	0.769	0.13025
0.769	0.77	0.12892
0.77	0.771	0.1276
0.771	0.772	0.12629
0.772	0.773	0.125
0.773	0.774	0.12371
0.774	0.775	0.12244
0.775	0.776	0.12119
0.776	0.777	0.11994
0.777	0.778	0.1187
0.778	0.779	0.11748
0.779	0.78	0.11627
0.78	0.781	0.11507
0.781	0.782	0.11388
0.782	0.783	0.11271
0.783	0.784	0.11154
0.784	0.785	0.11039
0.785	0.786	0.10925
0.786	0.787	0.10811
0.787	0.788	0.10699
0.788	0.789	0.10588
0.789	0.79	0.10479
0.79	0.791	0.1037
0.791	0.792	0.10262
0.792	0.793	0.10155
0.793	0.794	0.1005
0.794	0.795	0.09945
0.795	0.796	0.09841
0.796	0.797	0.09739
0.797	0.798	0.09637
0.798	0.799	0.09537
0.799	0.8	0.09437
0.8	0.801	0.09338
0.801	0.802	0.09241
0.802	0.803	0.09144
0.803	0.804	0.09048
0.804	0.805	0.08954
0.805	0.806	0.0886
0.806	0.807	0.08767
0.807	0.808	0.08675
0.808	0.809	0.08584
0.809	0.81	0.08494
0.81	0.811	0.08404
0.811	0.812	0.08316
0.812	0.813	0.08228
0.813	0.814	0.08142
0.814	0.815	0.08056
0.815	0.816	0.07971
0.816	0.817	0.07887
0.817	0.818	0.07804
0.818	0.819	0.07721
0.819	0.82	0.0764
0.82	0.821	0.07559
0.821	0.822	0.07479
0.822	0.823	0.074
0.823	0.824	0.07322
0.824	0.825	0.07244
0.825	0.826	0.07167
0.826	0.827	0.07091
0.827	0.828	0.07016
0.828	0.829	0.06941
0.829	0.83	0.06868
0.83	0.831	0.06795
0.831	0.832	0.06722
0.832	0.833	0.06651
0.833	0.834	0.0658
0.834	0.835	0.0651
0.835	0.836	0.06441
0.836	0.837	0.06372
0.837	0.838	0.06304
0.838	0.839	0.06237
0.839	0.84	0.0617
0.84	0.841	0.06104
0.841	0.842	0.06039
0.842	0.843	0.05975
0.843	0.844	0.05911
0.844	0.845	0.05847
0.845	0.846	0.05785
0.846	0.847	0.05723
0.847	0.848	0.05661
0.848	0.849	0.05601
0.849	0.85	0.05541
0.85	0.851	0.05481
0.851	0.852	0.05422
0.852	0.853	0.05364
0.853	0.854	0.05306
0.854	0.855	0.05249
0.855	0.856	0.05193
0.856	0.857	0.05137
0.857	0.858	0.05082
0.858	0.859	0.05027
0.859	0.86	0.04973
0.86	0.861	0.04919
0.861	0.862	0.04866
0.862	0.863	0.04814
0.863	0.864	0.04762
0.864	0.865	0.0471
0.865	0.866	0.04659
0.866	0.867	0.04609
0.867	0.868	0.04559
0.868	0.869	0.0451
0.869	0.87	0.04461
0.87	0.871	0.04413
0.871	0.872	0.04365
0.872	0.873	0.04318
0.873	0.874	0.04271
0.874	0.875	0.04224
0.875	0.876	0.04179
0.876	0.877	0.04133
0.877	0.878	0.04088
0.878	0.879	0.04044
0.879	0.88	0.04
0.88	0.881	0.03956
0.881	0.882	0.03913
0.882	0.883	0.03871
0.883	0.884	0.03829
0.884	0.885	0.03787
0.885	0.886	0.03746
0.886	0.887	0.03705
0.887	0.888	0.03664
0.888	0.889	0.03625
0.889	0.89	0.03585
0.89	0.891	0.03546
0.891	0.892	0.03507
0.892	0.893	0.03469
0.893	0.894	0.03431
0.894	0.895	0.03393
0.895	0.896	0.03356
0.896	0.897	0.0332
0.897	0.898	0.03283
0.898	0.899	0.03247
0.899	0.9	0.03212
0.9	0.901	0.03176
0.901	0.902	0.03142
0.902	0.903	0.03107
0.903	0.904	0.03073
0.904	0.905	0.03039
0.905	0.906	0.03006
0.906	0.907	0.02973
0.907	0.908	0.0294
0.908	0.909	0.02908
0.909	0.91	0.02876
0.91	0.911	0.02844
0.911	0.912	0.02813
0.912	0.913	0.02782
0.913	0.914	0.02752
0.914	0.915	0.02721
0.915	0.916	0.02691
0.916	0.917	0.02662
0.917	0.918	0.02632
0.918	0.919	0.02603
0.919	0.92	0.02575
0.92	0.921	0.02546
0.921	0.922	0.02518
0.922	0.923	0.0249
0.923	0.924	0.02463
0.924	0.925	0.02435
0.925	0.926	0.02409
0.926	0.927	0.02382
0.927	0.928	0.02356
0.928	0.929	0.02329
0.929	0.93	0.02304
0.93	0.931	0.02278
0.931	0.932	0.02253
0.932	0.933	0.02228
0.933	0.934	0.02203
0.934	0.935	0.02179
0.935	0.936	0.02155
0.936	0.937	0.02131
0.937	0.938	0.02107
0.938	0.939	0.02084
0.939	0.94	0.02061
0.94	0.941	0.02038
0.941	0.942	0.02015
0.942	0.943	0.01993
0.943	0.944	0.01971
0.944	0.945	0.01949
0.945	0.946	0.01927
0.946	0.947	0.01905
0.947	0.948	0.01884
0.948	0.949	0.01863
0.949	0.95	0.01843
0.95	0.951	0.01822
0.951	0.952	0.01802
0.952	0.953	0.01782
0.953	0.954	0.01762
0.954	0.955	0.01742
0.955	0.956	0.01723
0.956	0.957	0.01703
0.957	0.958	0.01684
0.958	0.959	0.01666
0.959	0.96	0.01647
0.96	0.961	0.01629
0.961	0.962	0.0161
0.962	0.963	0.01592
0.963	0.964	0.01575
0.964	0.965	0.01557
0.965	0.966	0.0154
0.966	0.967	0.01522
0.967	0.968	0.01505
0.968	0.969	0.01488
0.969	0.97	0.01472
0.97	0.971	0.01455
0.971	0.972	0.01439
0.972	0.973	0.01423
0.973	0.974	0.01407
0.974	0.975	0.01391
0.975	0.976	0.01375
0.976	0.977	0.0136
0.977	0.978	0.01345
0.978	0.979	0.0133
0.979	0.98	0.01315
0.98	0.981	0.013
0.981	0.982	0.01285
0.982	0.983	0.01271
0.983	0.984	0.01257
0.984	0.985	0.01242
0.985	0.986	0.01228
0.986	0.987	0.01215
0.987	0.988	0.01201
0.988	0.989	0.01187
0.989	0.99	0.01174
0.99	0.991	0.01161
0.991	0.992	0.01148
0.992	0.993	0.01135
0.993	0.994	0.01122
0.994	0.995	0.01109
0.995	0.996	0.01097
0.996	0.997	0.01084
0.997	0.998	0.01072
0.998	0.999	0.0106
0.999	1.	0.01048