0	0.
0.001	0.
0.002	0.
0.003	0.
0.004	0.
0.005	0.
0.006	0.
0.007	0.
0.008	0.
0.009000000000000001	0.
0.010000000000000002	0.
0.011	0.
0.012	0.
0.013000000000000001	0.
0.014000000000000002	0.
0.015	0.
0.016	0.
0.017	0.
0.018000000000000002	0.
0.019000000000000003	0.
0.02	0.
0.021	0.
0.022	0.
0.023	0.
0.024	0.
0.025	0.
0.026000000000000002	0.
0.027000000000000003	0.
0.028	0.
0.029	0.
0.03	0.
0.031	0.
0.032	0.
0.033	0.
0.034	0.
0.035	0.
0.036000000000000004	0.
0.037000000000000005	0.
0.038	0.
0.039	0.
0.04	0.
0.041	0.
0.042	0.
0.043000000000000003	0.
0.044	0.
0.045	0.
0.046	0.
0.047	0.
0.048	0.
0.049	0.
0.05	0.
0.051000000000000004	0.
0.052000000000000005	0.
0.053000000000000005	0.
0.054	0.
0.055	0.
0.056	0.
0.057	0.
0.058	0.
0.059000000000000004	0.
0.06	0.
0.061	0.
0.062	0.
0.063	0.
0.064	0.
0.065	0.
0.066	0.
0.067	0.
0.068	0.
0.069	0.
0.07	3.5002621498840073e-9
0.07100000000000001	4.295628233090886e-7
0.07200000000000001	3.6327866756474214e-6
0.07300000000000001	0.0000148101970494213
0.074	0.000042038399222519565
0.075	0.00009595640625986268
0.076	0.00018932994955014648
0.077	0.0003365978507999852
0.078	0.0005534438950386013
0.079	0.0008564117984925637
0.08	0.0012625686484342533
0.081	0.0017892163498200067
0.082	0.0024536479058413687
0.083	0.003272944241148308
0.084	0.004263806972958765
0.085	0.005442422644111952
0.08600000000000001	0.00682435423921885
0.08700000000000001	0.00842445619515137
0.088	0.010256809528336488
0.089	0.012334674101249957
0.09	0.01467045542310893
0.091	0.017275683718183475
0.092	0.02016100329759913
0.093	0.023336170537933274
0.094	0.02681005900465136
0.095	0.03059067046342817
0.096	0.0346851507007728
0.097	0.03909980923017241
0.098	0.04384014209404578
0.099	0.04891085708775393
0.1	0.0543159008320932
0.101	0.06005848720715598
0.10200000000000001	0.06614112673501679
0.10300000000000001	0.07256565656296815
0.10400000000000001	0.07933327075438423
0.10500000000000001	0.08644455064193368
0.106	0.09389949503883917
0.107	0.10169755013909391
0.108	0.10983763896778281
0.109	0.1183181902685832
0.11	0.12713716673773612
0.111	0.1362920925327767
0.112	0.1457800800005362
0.113	0.15559785558275482
0.114	0.16574178486939725
0.115	0.17620789677972892
0.116	0.18699190685963155
0.117	0.19808923969072514
0.11800000000000001	0.20949505041280092
0.11900000000000001	0.2212042453660177
0.12	0.2332115018634089
0.121	0.24551128710760364
0.122	0.2580978762683955
0.123	0.2709653697399756
0.124	0.28410770959836756
0.125	0.29751869528092284
0.126	0.31119199851072266
0.127	0.3251211774894142
0.128	0.3392996903824725
0.129	0.3537209081211037
0.13	0.3683781265450786
0.131	0.383264577910701
0.132	0.3983734417879051
0.133	0.4136978553701782
0.134	0.42923092322060347
0.135	0.44496572647686966
0.136	0.46089533153757883
0.137	0.47701279825162407
0.138	0.49331118763182974
0.139	0.5097835691134345
0.14	0.5264230273773599
0.14100000000000001	0.5432226687575834
0.14200000000000002	0.5601756272512819
0.14300000000000002	0.5772750701497644
0.14400000000000002	0.5945142033075816
0.14500000000000002	0.6118862760665492
0.146	0.6293845858508101
0.147	0.6470024824484281
0.148	0.6647333719944097
0.149	0.682570720669461
0.15	0.7005080581281999
0.151	0.7185389806699917
0.152	0.7366571541650295
0.153	0.7548563167477467
0.154	0.7731302812891485
0.155	0.7914729376591385
0.156	0.8098782547894542
0.157	0.8283402825473517
0.158	0.846853153429749
0.159	0.8654110840870942
0.16	0.8840083766858204
0.161	0.9026394201178648
0.162	0.9212986910653216
0.163	0.9399807549279622
0.164	0.9586802666209888
0.165	0.9773919712500551
0.166	0.9961107046702665
0.167	1.0148313939355649
0.168	1.033549057644605
0.169	1.0522588061889417
0.17	1.0709558419090925
0.171	1.0896354591637487
0.17200000000000001	1.108293044317211
0.17300000000000001	1.1269240756498213
0.17400000000000002	1.1455241231959965
0.17500000000000002	1.1640888485142193
0.176	1.1826140043931404
0.177	1.2010954344977465
0.178	1.2195290729593735
0.179	1.2379109439131328
0.18	1.2562371609861784
0.181	1.2745039267400606
0.182	1.2927075320702486
0.183	1.3108443555657703
0.184	1.3289108628317547
0.185	1.3469036057775492
0.186	1.3648192218729271
0.187	1.3826544333747814
0.188	1.4004060465266142
0.189	1.4180709507329472
0.19	1.4356461177107593
0.191	1.4531286006198667
0.192	1.4705155331741298
0.193	1.4878041287352248
0.194	1.5049916793906777
0.195	1.522075555017725
0.196	1.5390532023345112
0.197	1.5559221439400501
0.198	1.5726799773443005
0.199	1.5893243739896312
0.2	1.605853078264891
0.201	1.6222639065132247
0.202	1.6385547460347316
0.203	1.654723554084971
0.20400000000000001	1.6707683568703136
0.20500000000000002	1.6866872485410196
0.20600000000000002	1.7024783901829494
0.20700000000000002	1.7181400088086833
0.20800000000000002	1.7336703963488491
0.20900000000000002	1.7490679086443677
0.21	1.7643309644403165
0.211	1.7794580443820238
0.212	1.7944476900140474
0.213	1.8092985027825526
0.214	1.8240091430416678
0.215	1.8385783290642927
0.216	1.8530048360578502
0.217	1.8672874951853875
0.218	1.8814251925924883
0.219	1.8954168684403212
0.22	1.9092615159452468
0.221	1.922958180425256
0.222	1.93650595835359
0.223	1.9499039964198206
0.224	1.9631514905986502
0.225	1.976247685226682
0.226	1.9891918720873891
0.227	2.001983389504496
0.228	2.014621621443951
0.229	2.0271059966246883
0.23	2.039435987638304
0.231	2.0516111100778307
0.232	2.0636309216757134
0.233	2.0754950214511085
0.234	2.087203048866629
0.23500000000000001	2.098754682994605
0.23600000000000002	2.110149641692947
0.23700000000000002	2.121387680790696
0.23800000000000002	2.1324685932832983
0.23900000000000002	2.1433922085376667
0.24	2.154158391507088
0.241	2.1647670419559626
0.242	2.175218093694441
0.243	2.185511513822953
0.244	2.1956473019866602
0.245	2.2056254896397878
0.246	2.2154461393198965
0.247	2.225109343932009
0.248	2.234615226042638
0.249	2.2439639371836657
0.25	2.2531556571660336
0.251	2.262190593403224
0.252	2.2710689802445168
0.253	2.279791078317937
0.254	2.2883571738828743
0.255	2.2967675781923216
0.256	2.3050226268646674
0.257	2.313122679265014
0.258	2.321068117895917
0.259	2.328859347797522
0.26	2.336496795957016
0.261	2.3439809107273337
0.262	2.3513121612550227
0.263	2.358491036917244
0.264	2.365518046767784
0.265	2.372393718992018
0.266	2.379118600370772
0.267	2.3856932557529538
0.268	2.3921182675369215
0.269	2.398394235160476
0.27	2.4045217745993943
0.271	2.4105015178744407
0.272	2.4163341125667546
0.273	2.422020221341507
0.274	2.427560521479802
0.275	2.4329557044186534
0.276	2.4382064752990136
0.277	2.4433135525217264
0.278	2.448277667311339
0.279	2.4530995632876675
0.28	2.4577799960450206
0.281	2.46231973273902
0.28200000000000003	2.466719551680898
0.28300000000000003	2.47098024193918
0.28400000000000003	2.475102602948692
0.28500000000000003	2.4790874441267814
0.28600000000000003	2.4829355844966488
0.28700000000000003	2.486647852317724
0.28800000000000003	2.490225084722982
0.28900000000000003	2.493668127363132
0.29	2.496977834057537
0.291	2.500155066451843
0.292	2.5032006936821776
0.293	2.50611559204585
0.294	2.5089006446784587
0.295	2.51155674123734
0.296	2.514084777591226
0.297	2.516485655516073
0.298	2.5187602823969426
0.299	2.5209095709358578
0.3	2.522934438865578
0.301	2.5248358086691347
0.302	2.526614607305154
0.303	2.5282717659387535
0.304	2.5298082196780682
0.305	2.531224907316197
0.306	2.532522771078577
0.307	2.5337027563756758
0.308	2.5347658115609035
0.309	2.5357128876936974
0.31	2.5365449383076886
0.311	2.5372629191838616
0.312	2.537867788128647
0.313	2.5383605047568647
0.314	2.538742030279442
0.315	2.5390133272958417
0.316	2.5391753595910904
0.317	2.5392290919374054
0.318	2.53917548990026
0.319	2.5390155196489026
0.32	2.5387501477711707
0.321	2.5383803410926293
0.322	2.537907066499864
0.323	2.5373312907679515
0.324	2.536653980391958
0.325	2.53587610142247
0.326	2.5349986193050453
0.327	2.5340224987235396
0.328	2.5329487034472344
0.329	2.5317781961817154
0.33	2.530511938423436
0.331	2.52915089031787
0.332	2.5276960105212742
0.333	2.5261482560658868
0.334	2.524508582228625
0.335	2.522777942403115
0.336	2.5209572879750595
0.337	2.519047568200881
0.338	2.5170497300895636
0.339	2.51496471828763
0.34	2.5127934749672574
0.341	2.5105369397173884
0.342	2.50819604943786
0.343	2.5057717382364753
0.34400000000000003	2.503264937328929
0.34500000000000003	2.5006765749415893
0.34600000000000003	2.4980075762170766
0.34700000000000003	2.495258863122524
0.34800000000000003	2.492431354360572
0.34900000000000003	2.489525965282982
0.35000000000000003	2.4865436078068197
0.35100000000000003	2.483485190333209
0.352	2.48035161766854
0.353	2.4771437909481797
0.354	2.473862607562513
0.355	2.4705089610854096
0.356	2.4670837412049718
0.357	2.4635878336565358
0.358	2.4600221201579506
0.359	2.456387478346986
0.36	2.452684781720943
0.361	2.448914899578311
0.362	2.4450786969625256
0.363	2.441177034607749
0.364	2.4372107688866107
0.365	2.433180751759925
0.366	2.429087830728296
0.367	2.424932848785605
0.368	2.420716644374325
0.369	2.4164400513426525
0.37	2.412103898903366
0.371	2.4077090115944584
0.372	2.403256209241437
0.373	2.39874630692127
0.374	2.394180114928003
0.375	2.3895584387399205
0.376	2.384882078988315
0.377	2.380151831427744
0.378	2.3753684869078038
0.379	2.3705328313463925
0.38	2.365645645704366
0.381	2.360707705961631
0.382	2.355719783094613
0.383	2.350682643055062
0.384	2.3455970467501968
0.385	2.340463750024108
0.386	2.3352835036404795
0.387	2.330057053266486
0.388	2.3247851394579557
0.389	2.319468497645682
0.39	2.3141078581229144
0.391	2.3087039460339636
0.392	2.3032574813639437
0.393	2.2977691789295664
0.394	2.2922397483710286
0.395	2.286669894144905
0.396	2.2810603155180793
0.397	2.2754117065626396
0.398	2.269724756151777
0.399	2.2640001479565908
0.4	2.2582385604438477
0.401	2.2524406668746257
0.402	2.2466071353038433
0.403	2.2407386285806576
0.404	2.2348358043496863
0.405	2.2288993150530705
0.406	2.222929807933311
0.40700000000000003	2.2169279250369156
0.40800000000000003	2.2108943032187933
0.40900000000000003	2.2048295741473813
0.41000000000000003	2.198734364310512
0.41100000000000003	2.1926092950220006
0.41200000000000003	2.1864549824288884
0.41300000000000003	2.1802720375193703
0.41400000000000003	2.174061066131404
0.41500000000000004	2.1678226689619144
0.41600000000000004	2.1615574415766603
0.41700000000000004	2.155265974420667
0.418	2.1489488528292755
0.419	2.142606657039779
0.42	2.136239962203564
0.421	2.1298493383988575
0.422	2.1234353506439647
0.423	2.116998558911018
0.424	2.110539518140263
0.425	2.1040587782547893
0.426	2.097556884175759
0.427	2.091034375838082
0.428	2.0844917882065412
0.429	2.0779296512923513
0.43	2.0713484901701364
0.431	2.0647488249953123
0.432	2.0581311710218646
0.433	2.0514960386205163
0.434	2.044843933297258
0.435	2.0381753557122364
0.436	2.0314908016990048
0.437	2.0247907622840957
0.438	2.018075723706922
0.439	2.011346167439998
0.44	2.004602570209465
0.441	1.997845404015913
0.442	1.9910751361554664
0.443	1.9842922292411802
0.444	1.9774971412246725
0.445	1.9706903254180117
0.446	1.963872230515869
0.447	1.957043300617894
0.448	1.9502039752513125
0.449	1.9433546893937537
0.45	1.9364958734962832
0.451	1.9296279535066354
0.452	1.9227513508926406
0.453	1.9158664826658356
0.454	1.9089737614052527
0.455	1.902073595281377
0.456	1.895166388080261
0.457	1.888252539227806
0.458	1.881332443814162
0.459	1.8744064926183193
0.46	1.8674750721327487
0.461	1.8605385645882668
0.462	1.8535973479789336
0.463	1.8466517960871154
0.464	1.8397022785086268
0.465	1.832749160677984
0.466	1.8257928038937492
0.467	1.8188335653439505
0.468	1.811871798131595
0.46900000000000003	1.8049078513002643
0.47000000000000003	1.7979420698597413
0.47100000000000003	1.7909747948117556
0.47200000000000003	1.784006363175742
0.47300000000000003	1.7770371080146687
0.47400000000000003	1.7700673584609166
0.47500000000000003	1.7630974397421955
0.47600000000000003	1.7561276732074993
0.47700000000000004	1.7491583763530918
0.47800000000000004	1.7421898628485215
0.47900000000000004	1.7352224425626666
0.48	1.7282564215897758
0.481	1.7212921022755605
0.482	1.7143297832432625
0.483	1.70736975941974
0.484	1.7004123220615575
0.485	1.693457758781076
0.486	1.686506353572519
0.487	1.6795583868380517
0.488	1.6726141354138333
0.489	1.6656738725960454
0.49	1.6587378681669045
0.491	1.6518063884206706
0.492	1.6448796961895777
0.493	1.6379580508697873
0.494	1.631041708447269
0.495	1.6241309215236601
0.496	1.6172259393420758
0.497	1.6103270078128895
0.498	1.603434369539435
0.499	1.596548263843702
0.5	1.5896689267919342
0.5009999999999999	1.5827965912202149
0.502	1.5759314867599512
0.5029999999999999	1.5690738398633293
0.504	1.5622238738286989
0.5049999999999999	1.5553818088258775
0.506	1.5485478619214128
0.5069999999999999	1.5417222471037477
0.508	1.5349051753083263
0.5089999999999999	1.5280968544426297
0.51	1.5212974894111233
0.5109999999999999	1.5145072821401349
0.512	1.507726431602639
0.5129999999999999	1.500955133842979
0.514	1.4941935820014793
0.5149999999999999	1.4874419663389964
0.516	1.4807004742613619
0.5169999999999999	1.4739692903437374
0.518	1.4672485963548985
0.5189999999999999	1.4605385712813963
0.52	1.4538393913516459
0.5209999999999999	1.4471512300598999
0.522	1.440474258190151
0.5229999999999999	1.4338086438399065
0.524	1.4271545524438776
0.5249999999999999	1.4205121467975652
0.526	1.4138815870807422
0.5269999999999999	1.40726303088083
0.528	1.4006566332161707
0.5289999999999999	1.3940625465591945
0.53	1.387480920859467
0.5309999999999999	1.3809119035666533
0.532	1.3743556396533503
0.5329999999999999	1.3678122716378065
0.534	1.3612819396065516
0.5349999999999999	1.3547647812368961
0.536	1.3482609318193155
0.5369999999999999	1.341770524279742
0.538	1.3352936892017095
0.5389999999999999	1.328830554848407
0.54	1.3223812471846086
0.5409999999999999	1.315945889898487
0.542	1.3095246044233027
0.5429999999999999	1.3031175099589851
0.544	1.296724723493584
0.5449999999999999	1.2903463598246199
0.546	1.2839825315802844
0.5469999999999999	1.2776333492405476
0.548	1.2712989211581387
0.5489999999999999	1.264979353579391
0.55	1.2586747506649796
0.5509999999999999	1.2523852145105347
0.552	1.246110845167125
0.5529999999999999	1.23985174066163
0.554	1.2336079970169733
0.5549999999999999	1.2273797082722566
0.556	1.2211669665027407
0.5569999999999999	1.2149698618397227
0.558	1.2087884824902841
0.5589999999999999	1.2026229147569234
0.56	1.1964732430570335
0.5609999999999999	1.1903395499423
0.562	1.1842219161179348
0.563	1.1781204204618096
0.5640000000000001	1.1720351400434588
0.565	1.1659661501429457
0.5660000000000001	1.1599135242696226
0.567	1.1538773341807524
0.5680000000000001	1.1478576499000155
0.569	1.1418545397358735
0.5700000000000001	1.1358680702998398
0.571	1.1298983065245898
0.5720000000000001	1.123945311681976
0.573	1.118009147400895
0.5740000000000001	1.112089873685051
0.575	1.1061875489305792
0.5760000000000001	1.1003022299435539
0.577	1.0944339719573661
0.5779999999999998	1.0885828286499861
0.579	1.0827488521610928
0.5799999999999998	1.0769320931090869
0.581	1.071132600607976
0.5819999999999999	1.0653504222841406
0.583	1.0595856042929774
0.5839999999999999	1.0538381913354111
0.585	1.048108226674303
0.5859999999999999	1.0423957521507112
0.587	1.0367008082000593
0.5879999999999999	1.0310234338681536
0.589	1.025363666827108
0.5899999999999999	1.0197215433911229
0.591	1.0140970985321616
0.5919999999999999	1.0084903658954985
0.593	1.002901377815146
0.5939999999999999	0.9973301653291714
0.595	0.9917767581948864
0.5959999999999999	0.986241184903914
0.597	0.9807234726971543
0.5979999999999999	0.9752236475796145
0.599	0.9697417343351326
0.5999999999999999	0.964277756540976
0.601	0.9588317365823313
0.6019999999999999	0.9534036956666782
0.603	0.9479936538380355
0.6039999999999999	0.9426016299911061
0.605	0.937227641885302
0.6059999999999999	0.9318717061586514
0.607	0.9265338383415963
0.6079999999999999	0.9212140528706828
0.609	0.9159123631021124
0.6099999999999999	0.9106287813252232
0.611	0.9053633187758191
0.6119999999999999	0.9001159856494081
0.613	0.8948867911143292
0.6139999999999999	0.8896757433247606
0.615	0.8844828494336255
0.6159999999999999	0.879308115605384
0.617	0.8741516178902131
0.6179999999999999	0.8690134792609596
0.619	0.863893818724053
0.6199999999999999	0.8587927513444216
0.621	0.8537103883098631
0.6219999999999999	0.8486468369945522
0.623	0.8436022010216823
0.6239999999999999	0.8385765803252618
0.625	0.8335700712110717
0.6259999999999999	0.8285827664168015
0.627	0.8236147551713556
0.6279999999999999	0.8186661232533665
0.629	0.8137369530489011
0.6299999999999999	0.8088273236083867
0.631	0.8039373107027564
0.6319999999999999	0.7990669868788219
0.633	0.7942164215139026
0.6339999999999999	0.7893856808696866
0.635	0.7845748281453717
0.6359999999999999	0.7797839235300587
0.637	0.7750130242544384
0.6379999999999999	0.7702621846417586
0.639	0.7655314561580838
0.6399999999999999	0.7608208874618744
0.641	0.7561305244528634
0.6419999999999999	0.7514604103202707
0.643	0.7468105855903383
0.6439999999999999	0.742181088173211
0.645	0.737571953409162
0.6459999999999999	0.7329832141141729
0.647	0.7284149006248866
0.6479999999999999	0.7238670408429208
0.649	0.7193396602785683
0.6499999999999999	0.7148327820938875
0.651	0.7103464271451798
0.6519999999999999	0.7058806140248781
0.653	0.7014353591028405
0.6539999999999999	0.6970106765670698
0.655	0.6926065784638464
0.6559999999999999	0.6882230747373064
0.657	0.6838601732684518
0.6579999999999999	0.6795178799136072
0.659	0.6751961985423393
0.6599999999999999	0.6708951310748262
0.661	0.6666146775187018
0.6619999999999999	0.6623548360053692
0.663	0.6581156028258012
0.6639999999999999	0.6538969724658247
0.665	0.6496989376409014
0.6659999999999999	0.6455214893304037
0.667	0.6413646168114081
0.6679999999999999	0.6372283076919918
0.669	0.6331125479440536
0.6699999999999999	0.6290173219356623
0.671	0.6249426124629278
0.6719999999999999	0.6208884007814252
0.673	0.6168546666371459
0.6739999999999999	0.612841388297015
0.675	0.6088485425789462
0.6759999999999999	0.6048761048814694
0.677	0.6009240492129263
0.6779999999999999	0.5969923482202291
0.679	0.5930809732172052
0.6799999999999999	0.5891898942125199
0.681	0.5853190799371879
0.6819999999999999	0.5814684978716858
0.683	0.577638114272653
0.6839999999999999	0.5738278941992012
0.685	0.5700378015388421
0.6859999999999999	0.5662677990330105
0.687	0.5625178483022252
0.688	0.5587879098708658
0.6890000000000001	0.5550779431915766
0.69	0.5513879066693133
0.6910000000000001	0.5477177576850171
0.692	0.5440674526189428
0.6930000000000001	0.5404369468736286
0.694	0.5368261948965217
0.6950000000000001	0.5332351502022599
0.696	0.529663765394612
0.6970000000000001	0.5261119921880943
0.698	0.5225797814292453
0.6990000000000001	0.519067083117584
0.7	0.515573846426244
0.7010000000000001	0.51210001972229
0.702	0.508645550586724
0.7030000000000001	0.5052103858341856
0.704	0.501794471532338
0.7049999999999998	0.49839775302096756
0.706	0.49502017493077555
0.7069999999999999	0.4916616812018847
0.708	0.488322215102053
0.7089999999999999	0.4850017192446049
0.71	0.48170013560607905
0.7109999999999999	0.47841740554360745
0.712	0.47515346981200557
0.7129999999999999	0.4719082685806077
0.714	0.4686817414498276
0.7149999999999999	0.4654738274674589
0.716	0.4622844651447168
0.7169999999999999	0.4591135924720216
0.718	0.4559611469345339
0.7189999999999999	0.45282706552743635
0.72	0.44971128477097133
0.7209999999999999	0.44661374072524007
0.722	0.44353436900475673
0.7229999999999999	0.44047310479277096
0.724	0.43742988285535306
0.7249999999999999	0.4344046375552564
0.726	0.43139730286554945
0.7269999999999999	0.4284078123830213
0.728	0.42543609934137255
0.7289999999999999	0.42248209662418795
0.73	0.4195457367776882
0.7309999999999999	0.416626952023281
0.732	0.4137256742698924
0.7329999999999999	0.4108418351261003
0.734	0.40797536591206174
0.7349999999999999	0.4051261976712399
0.736	0.40229426118193307
0.7369999999999999	0.39947948696861246
0.738	0.3966818053130609
0.7389999999999999	0.3939011462653309
0.74	0.3911374396545074
0.7409999999999999	0.388390615099293
0.742	0.38566060201840524
0.7429999999999999	0.3829473296408011
0.744	0.3802507270157185
0.7449999999999999	0.3775707230225475
0.746	0.3749072463805277
0.7469999999999999	0.3722602256582776
0.748	0.3696295892831544
0.7489999999999999	0.3670152655504508
0.75	0.3644171826324298
0.7509999999999999	0.36183526858719633
0.752	0.3592694513674135
0.7529999999999999	0.3567196588288597
0.754	0.35418581873883914
0.7549999999999999	0.35166785878442963
0.756	0.34916570658059204
0.7569999999999999	0.34667928967812517
0.758	0.34420853557147846
0.7589999999999999	0.341753371706421
0.76	0.33931372548756805
0.7609999999999999	0.33688952428577024
0.762	0.3344806954453653
0.7629999999999999	0.3320871662912933
0.764	0.3297088641360789
0.7649999999999999	0.32734571628668246
0.766	0.32499765005122133
0.7669999999999999	0.32266459274556636
0.768	0.32034647169980524
0.7689999999999999	0.3180432142645895
0.77	0.31575474781735424
0.7709999999999999	0.31348099976842025
0.772	0.3112218975669742
0.7729999999999999	0.3089773687069364
0.774	0.30674734073270643
0.7749999999999999	0.30453174124480176
0.776	0.30233049790538047
0.7769999999999999	0.30014353844365377
0.778	0.29797079066119003
0.7789999999999999	0.2958121824371127
0.78	0.2936676417331904
0.7809999999999999	0.29153709659882404
0.782	0.2894204751759323
0.7829999999999999	0.2873177057037309
0.784	0.2852287165234217
0.7849999999999999	0.28315343608277216
0.786	0.28109179294060815
0.7869999999999999	0.27904371577120457
0.788	0.2770091333685848
0.7889999999999999	0.27498797465072816
0.79	0.27298016866368485
0.7909999999999999	0.27098564458560065
0.792	0.2690043317306563
0.7929999999999999	0.2670361595529153
0.794	0.2650810576500891
0.7949999999999999	0.26313895576721824
0.796	0.26120978380026383
0.7969999999999999	0.2592934717996284
0.798	0.25738994997358505
0.7989999999999999	0.2554991486916319
0.8	0.2536209984877692
0.8009999999999999	0.25175543006369777
0.802	0.24990237429193912
0.8029999999999999	0.2480617622188851
0.804	0.24623352506777144
0.8049999999999999	0.24441759424157983
0.806	0.24261390132586494
0.8069999999999999	0.24082237809151852
0.808	0.23904295649745516
0.8089999999999999	0.23727556869323693
0.81	0.23552014702162782
0.8109999999999999	0.23377662402108298
0.812	0.23204493242817106
0.813	0.23032500517993573
0.8140000000000001	0.22861677541619055
0.815	0.22692017648175508
0.8160000000000001	0.22523514192862812
0.817	0.22356160551809992
0.8180000000000001	0.22189950122280752
0.819	0.22024876322873085
0.8200000000000001	0.2186093259371306
0.821	0.21698112396643046
0.8220000000000001	0.215364092154044
0.823	0.21375816555814814
0.8240000000000001	0.21216327945939864
0.825	0.2105793693625986
0.8260000000000001	0.20900637099830963
0.827	0.20744422032441612
0.8280000000000001	0.20589285352763476
0.829	0.20435220702497972
0.8300000000000001	0.20282221746517348
0.831	0.2013028217300156
0.8320000000000001	0.19979395693569746
0.833	0.19829556043407828
0.8339999999999999	0.19680756981391048
0.835	0.1953299229020194
0.8359999999999999	0.19386255776444414
0.837	0.1924054127075295
0.8379999999999999	0.1909584262789784
0.839	0.18952153726886156
0.8399999999999999	0.18809468471058685
0.841	0.18667780788182511
0.8419999999999999	0.1852708463054
0.843	0.18387373975013682
0.8439999999999999	0.18248642823167158
0.845	0.18110885201322427
0.8459999999999999	0.17974095160633508
0.847	0.17838266777156236
0.8479999999999999	0.1770339415191449
0.849	0.17569471410962992
0.8499999999999999	0.1743649270544666
0.851	0.17304452211656465
0.8519999999999999	0.17173344131081777
0.853	0.17043162690459834
0.8539999999999999	0.16913902141821652
0.855	0.16785556762534765
0.8559999999999999	0.16658120855343073
0.857	0.1653158874840345
0.8579999999999999	0.1640595479531928
0.859	0.16281213375171186
0.8599999999999999	0.16157358892545037
0.861	0.16034385777556348
0.8619999999999999	0.15912288485873008
0.863	0.15791061498734243
0.8639999999999999	0.15670699322967516
0.865	0.15551196491002525
0.8659999999999999	0.1543254756088253
0.867	0.15314747116273597
0.8679999999999999	0.1519778976647052
0.869	0.1508167014640115
0.8699999999999999	0.14966382916627807
0.871	0.14851922763346373
0.8719999999999999	0.14738284398383242
0.873	0.14625462559189908
0.8739999999999999	0.14513452008835304
0.875	0.1440224753599593
0.8759999999999999	0.1429184395494397
0.877	0.1418223610553307
0.8779999999999999	0.14073418853182415
0.879	0.13965387088858303
0.8799999999999999	0.13858135729054286
0.881	0.13751659715768907
0.8819999999999999	0.13645954016481754
0.883	0.13541013624127582
0.8839999999999999	0.1343683355706884
0.885	0.1333340885906595
0.8859999999999999	0.1323073459924619
0.887	0.13128805872070906
0.8879999999999999	0.1302761779730066
0.889	0.12927165519959205
0.8899999999999999	0.1282744421029542
0.891	0.12728449063744035
0.8919999999999999	0.1263017530088459
0.893	0.12532618167398876
0.8939999999999999	0.12435772934027078
0.895	0.12339634896522254
0.8959999999999999	0.12244199375603615
0.897	0.12149461716908141
0.8979999999999999	0.12055417290941212
0.899	0.11962061493025593
0.8999999999999999	0.11869389743249281
0.901	0.11777397486412076
0.9019999999999999	0.11686080191970909
0.903	0.11595433353983876
0.9039999999999999	0.11505452491053356
0.905	0.11416133146267614
0.9059999999999999	0.11327470887141515
0.907	0.11239461305556177
0.9079999999999999	0.11152100017697404
0.909	0.1106538266399312
0.9099999999999999	0.1097930490904981
0.911	0.10893862441588044
0.9119999999999999	0.10809050974376877
0.913	0.10724866244167347
0.9139999999999999	0.10641304011625144
0.915	0.10558360061262348
0.9159999999999999	0.10476030201368175
0.917	0.10394310263939077
0.9179999999999999	0.1031319610460775
0.919	0.10232683602571656
0.9199999999999999	0.10152768660520493
0.921	0.10073447204562991
0.9219999999999999	0.09994715184153058
0.923	0.0991656857201506
0.9239999999999999	0.09839003364068462
0.925	0.09762015579351838
0.9259999999999999	0.09685601259946118
0.927	0.09609756470897321
0.9279999999999999	0.09534477300138536
0.929	0.09459759858411383
0.9299999999999999	0.09385600279186881
0.931	0.09311994718585707
0.9319999999999999	0.09238939355297952
0.933	0.0916643039050239
0.9339999999999999	0.09094464047785053
0.935	0.09023036573057516
0.9359999999999999	0.0895214423447466
0.937	0.08881783322351844
0.938	0.08811950149081771
0.9390000000000001	0.08742641049050864
0.94	0.08673852378555255
0.9410000000000001	0.08605580515716345
0.942	0.08537821860395986
0.9430000000000001	0.08470572834111317
0.944	0.08403829879949268
0.9450000000000001	0.0833758946248061
0.946	0.08271848067673847
0.9470000000000001	0.08206602202808645
0.948	0.0814184839638909
0.9490000000000001	0.08077583198056526
0.95	0.08013803178502313
0.9510000000000001	0.07950504929380081
0.952	0.0788768506321798
0.9530000000000001	0.07825340213330578
0.954	0.07763467033730459
0.9550000000000001	0.0770206219903986
0.956	0.07641122404401844
0.9570000000000001	0.07580644365391451
0.958	0.07520624817926641
0.9590000000000001	0.07461060518179073
0.96	0.0740194824248472
0.9609999999999999	0.07343284787254335
0.962	0.07285066968883872
0.9629999999999999	0.0722729162366469
0.964	0.071699556076937
0.9649999999999999	0.07113055796783428
0.966	0.07056589086371912
0.9669999999999999	0.07000552391432663
0.968	0.06944942646384447
0.9689999999999999	0.06889756805000997
0.97	0.06834991840320796
0.9709999999999999	0.06780644744556692
0.972	0.06726712529005553
0.9729999999999999	0.06673192223957915
0.974	0.06620080878607569
0.9749999999999999	0.06567375560961106
0.976	0.06515073357747647
0.9769999999999999	0.06463171374328347
0.978	0.06411666734606121
0.9789999999999999	0.06360556580935223
0.98	0.06309838074031052
0.9809999999999999	0.0625950839287982
0.982	0.06209564734648402
0.9829999999999999	0.06160004314594154
0.984	0.06110824365974869
0.9849999999999999	0.06062022139958747
0.986	0.060135949055344924
0.9869999999999999	0.059655399494214445
0.988	0.05917854575979866
0.9889999999999999	0.05870536107121239
0.99	0.05823581882218802
0.9909999999999999	0.05776989258018028
0.992	0.057307556085473776
0.9929999999999999	0.0568487832502906
0.994	0.0563935481579001
0.9949999999999999	0.055941825061729046
0.996	0.05549358838447443
0.9969999999999999	0.055048812717216296
0.998	0.05460747281853344
0.9989999999999999	0.054169543613619545
1.	0.0537350001934017