0	0.
0.001	0.
0.002	9.48156550912974e-10
0.003	0.0006215523654945676
0.004	0.015340398790994029
0.005	0.07731547239272252
0.006	0.21774812954621497
0.007	0.45405048070418985
0.008	0.7900289191774712
0.009000000000000001	1.219694077778031
0.010000000000000002	1.731083536256311
0.011	2.309190866214076
0.012	2.9379831524223996
0.013000000000000001	3.601701565490796
0.014000000000000002	4.2856473359223894
0.015	4.976614472356424
0.016	5.663086959385836
0.017	6.335283109120954
0.018000000000000002	6.98510399303854
0.019000000000000003	7.60602466765745
0.02	8.1929542365759
0.021	8.74208204305206
0.022	9.250721270260811
0.023	9.717157100103298
0.024	10.140503761931916
0.025	10.520572887321817
0.026000000000000002	10.857754298512956
0.027000000000000003	11.152909504002725
0.028	11.407277622413906
0.029	11.622393111779434
0.03	11.80001448156052
0.031	11.942063062798669
0.032	12.050570877077666
0.033	12.127636653519373
0.034	12.175389080389559
0.035	12.19595643192118
0.036000000000000004	12.191441775300449
0.037000000000000005	12.163903030380508
0.038	12.115337224179859
0.039	12.047668348668473
0.04	11.962738295098582
0.041	11.862300397553241
0.042	11.748015173918766
0.043000000000000003	11.621447903010944
0.044	11.48406772280693
0.045	11.337247975729099
0.046	11.182267563780371
0.047	11.020313110018558
0.048	10.85248175094396
0.049	10.679784411320593
0.05	10.50314943435093
0.051000000000000004	10.323426461151543
0.052000000000000005	10.141390470057571
0.053000000000000005	9.957745901382474
0.054	9.77313080644543
0.055	9.588120971225882
0.056	9.40323397398249
0.057	9.21893314524469
0.058	9.035631404980277
0.059000000000000004	8.853694958401167
0.06	8.673446836260986
0.061	8.495170270560175
0.062	8.319111899572603
0.063	8.145484798594563
0.064	7.974471337410769
0.065	7.80622586386327
0.066	7.640877218286047
0.067	7.478531081979016
0.068	7.319272165536985
0.069	7.163166242770697
0.07	7.010262036616561
0.07100000000000001	6.860592964150322
0.07200000000000001	6.714178747574196
0.07300000000000001	6.571026898530889
0.074	6.431134082763486
0.075	6.294487372457875
0.076	6.1610653928221355
0.077	6.030839370395621
0.078	5.903774089028146
0.079	5.779828760218009
0.08	5.658957813845695
0.081	5.541111614926832
0.082	5.426237112149025
0.083	5.314278423113597
0.084	5.2051773616066
0.085	5.098873910954544
0.08600000000000001	4.995306648330534
0.08700000000000001	4.89441312379088
0.088	4.796130197978847
0.089	4.70039434188944
0.09	4.607141902126358
0.091	4.51630933472055
0.092	4.42783341015058
0.093	4.341651392480776
0.094	4.257701194867208
0.095	4.175921513539663
0.096	4.09625194267661
0.097	4.018633071542291
0.098	3.943006566494747
0.099	3.869315238409605
0.1	3.797503097475869
0.101	3.727515397290114
0.10200000000000001	3.6592986682415574
0.10300000000000001	3.59280074200026
0.10400000000000001	3.527970768660669
0.10500000000000001	3.4647592261802567
0.106	3.4031179240098703
0.107	3.3430000012031225
0.108	3.2843599197785376
0.109	3.2271534539772366
0.11	3.1713376760016687
0.111	3.1168709386758104
0.112	3.063712855592169
0.113	3.011824278932129
0.114	2.9611672754559892
0.115	2.9117051012811106
0.116	2.8634021750415624
0.117	2.816224050530652
0.11800000000000001	2.770137388309784
0.11900000000000001	2.7251099268859846
0.12	2.6811104537061405
0.121	2.63810877576628
0.122	2.5960756904272646
0.123	2.554982956079861
0.124	2.514803263072527
0.125	2.475510205257333
0.126	2.4370782512669233
0.127	2.399482716747054
0.128	2.362699736864263
0.129	2.326706239428125
0.13	2.2914799182878745
0.131	2.2569992079020884
0.132	2.2232432581004464
0.133	2.1901919093236306
0.134	2.1578256692277336
0.135	2.1261256891166345
0.136	2.0950737417220995
0.137	2.06465219918304
0.138	2.0348440120419724
0.139	2.0056326886221596
0.14	1.9770022751443201
0.14100000000000001	1.9489373367597844
0.14200000000000002	1.9214229388753314
0.14300000000000002	1.894444629157704
0.14400000000000002	1.8679884203356099
0.14500000000000002	1.8420407735861013
0.146	1.8165885822089562
0.147	1.7916191563021047
0.148	1.7671202076452042
0.149	1.7430798354802755
0.15	1.719486512336782
0.151	1.696329070729125
0.152	1.673596690449886
0.153	1.6512788859170648
0.154	1.6293654944472669
0.155	1.6078466645333858
0.156	1.5867128450271872
0.157	1.5659547742324584
0.158	1.5455634698959804
0.159	1.5255302193123685
0.16	1.5058465696224865
0.161	1.4865043190446683
0.162	1.4674955078543495
0.163	1.448812410203905
0.164	1.4304475256522657
0.165	1.4123935718035874
0.166	1.3946434763325568
0.167	1.3771903702177657
0.168	1.3600275805371462
0.169	1.3431486239387669
0.17	1.3265472000376557
0.171	1.3102171854696616
0.17200000000000001	1.294152627800778
0.17300000000000001	1.2783477398444856
0.17400000000000002	1.2627968941443473
0.17500000000000002	1.2474946177718371
0.176	1.232435587163586
0.177	1.2176146232138043
0.178	1.2030266865601693
0.179	1.188666873136331
0.18	1.1745304095509173
0.181	1.1606126492182693
0.182	1.1469090680024843
0.183	1.1334152605256398
0.184	1.1201269363380395
0.185	1.1070399161835434
0.186	1.0941501286171795
0.187	1.0814536067619147
0.188	1.068946484709582
0.189	1.0566249947708246
0.19	1.0444854641762056
0.191	1.0325243124751617
0.192	1.0207380483815833
0.193	1.0091232672998844
0.194	0.9976766486694353
0.195	0.986394953379757
0.196	0.9752750214274569
0.197	0.9643137695922541
0.198	0.9535081890716164
0.199	0.9428553432898049
0.2	0.9323523658653325
0.201	0.9219964586330276
0.202	0.9117848895757981
0.203	0.9017149908590258
0.20400000000000001	0.8917841570694719
0.20500000000000002	0.8819898436084459
0.20600000000000002	0.8723295646245918
0.20700000000000002	0.8628008915795199
0.20800000000000002	0.8534014516838249
0.20900000000000002	0.8441289261969122
0.21	0.8349810490559071
0.211	0.8259556053028586
0.212	0.8170504297658583
0.213	0.8082634056075676
0.214	0.799592463249591
0.215	0.7910355786691711
0.216	0.7825907727160312
0.217	0.7742561094208331
0.218	0.7660296950660566
0.219	0.7579096771302858
0.22	0.7498942429814726
0.221	0.7419816190475754
0.222	0.7341700698189996
0.223	0.7264578965513824
0.224	0.7188434366415642
0.225	0.7113250625392671
0.226	0.7039011807908956
0.227	0.6965702314252658
0.228	0.6893306868220019
0.229	0.6821810510402027
0.23	0.6751198589447381
0.231	0.6681456755583162
0.232	0.6612570951609851
0.233	0.6544527406933262
0.234	0.6477312628936602
0.23500000000000001	0.6410913398105507
0.23600000000000002	0.6345316759708669
0.23700000000000002	0.6280510018500118
0.23800000000000002	0.621648073106848
0.23900000000000002	0.6153216701858397
0.24	0.6090705974829547
0.241	0.6028936828987131
0.242	0.5967897773191627
0.243	0.5907577539083919
0.244	0.5847965078353421
0.245	0.5789049554406366
0.246	0.5730820340616531
0.247	0.567326701333799
0.248	0.5616379347427161
0.249	0.5560147312106353
0.25	0.5504561066977932
0.251	0.5449610956571035
0.252	0.5395287506409132
0.253	0.5341581419472377
0.254	0.5288483571354983
0.255	0.5235985007526096
0.256	0.5184076938277182
0.257	0.5132750735378447
0.258	0.5081997929200324
0.259	0.5031810204747261
0.26	0.4982179397378154
0.261	0.49330974903983077
0.262	0.48845566127840795
0.263	0.48365490344194256
0.264	0.47890671628046066
0.265	0.47421035414054125
0.266	0.46956508465803054
0.267	0.46497018832158754
0.268	0.4604249583432073
0.269	0.4559287003660513
0.27	0.4514807322239376
0.271	0.4470803835886022
0.272	0.4427269957271318
0.273	0.4384199213668044
0.274	0.43415852442823083
0.275	0.429942179716932
0.276	0.42577027260662603
0.277	0.42164219922942436
0.278	0.4175573657115869
0.279	0.41351518837974505
0.28	0.4095150933589829
0.281	0.4055565163835992
0.28200000000000003	0.4016389028093115
0.28300000000000003	0.3977617070440821
0.28400000000000003	0.3939243926330955
0.28500000000000003	0.390126432046333
0.28600000000000003	0.38636730640609696
0.28700000000000003	0.3826465054396678
0.28800000000000003	0.37896352724369825
0.28900000000000003	0.375317878065243
0.29	0.3717090721707588
0.291	0.3681366318983825
0.292	0.364600087028367
0.293	0.3610989751103866
0.294	0.35763284102646964
0.295	0.3542012371032976
0.296	0.3508037225845025
0.297	0.3474398639187887
0.298	0.3441092343538924
0.299	0.34081141380059676
0.3	0.3375459889635586
0.301	0.3343125528952822
0.302	0.33111070507153134
0.303	0.32794005118991226
0.304	0.3248002030822503
0.305	0.32169077849807537
0.306	0.3186114013397468
0.307	0.3155617010615483
0.308	0.3125413128506566
0.309	0.30954987762594544
0.31	0.3065870415540414
0.311	0.3036524563627643
0.312	0.30074577894591736
0.313	0.2978666714320248
0.314	0.2950148009757609
0.315	0.29218983984347485
0.316	0.2893914651038442
0.317	0.28661935859289034
0.318	0.2838732070404694
0.319	0.28115270173832163
0.32	0.2784575384623733
0.321	0.27578741766674375
0.322	0.27314204391818914
0.323	0.2705211263951595
0.324	0.26792437837023086
0.325	0.2653515173381416
0.326	0.2628022648506212
0.327	0.26027634647477293
0.328	0.25777349182049014
0.329	0.2552934343042646
0.33	0.2528359111678767
0.331	0.250400663525831
0.332	0.24798743603416834
0.333	0.24559597710595032
0.334	0.24322603862099207
0.335	0.24087737593836608
0.336	0.2385497480164184
0.337	0.23624291705810813
0.338	0.23395664869846813
0.339	0.23169071174191574
0.34	0.2294448782521741
0.341	0.227218923518057
0.342	0.2250126259004931
0.343	0.22282576679317492
0.34400000000000003	0.22065813059687242
0.34500000000000003	0.21850950471757397
0.34600000000000003	0.2163796794959867
0.34700000000000003	0.21426844803891962
0.34800000000000003	0.2121756063251918
0.34900000000000003	0.21010095313698773
0.35000000000000003	0.20804428993686183
0.35100000000000003	0.20600542083424184
0.352	0.2039841526408651
0.353	0.2019802947705528
0.354	0.19999365916536138
0.355	0.19802406029301342
0.356	0.19607131504957406
0.357	0.19413524279691333
0.358	0.1922156652751749
0.359	0.1903124065765666
0.36	0.18842529311586814
0.361	0.18655415361440245
0.362	0.18469881900718296
0.363	0.18285912250094838
0.364	0.1810348994047206
0.365	0.17922598722178662
0.366	0.17743222540701836
0.367	0.1756534557305073
0.368	0.17388952187586829
0.369	0.1721402695283857
0.37	0.17040554643131434
0.371	0.168685202173304
0.372	0.1669790883247942
0.373	0.16528705837100302
0.374	0.1636089675826818
0.375	0.16194467316052724
0.376	0.16029403393618374
0.377	0.15865691077170777
0.378	0.15703316608772766
0.379	0.15542266415530778
0.38	0.15382527070477575
0.381	0.15224085352995279
0.382	0.15066928173401387
0.383	0.14911042619379494
0.384	0.14756415934573222
0.385	0.14603035519765503
0.386	0.14450888937394463
0.387	0.14299963897725826
0.388	0.14150248254545789
0.389	0.1400173002129033
0.39	0.1385439736052401
0.391	0.13708238567613884
0.392	0.13563242092201186
0.393	0.13419396508003134
0.394	0.13276690537302727
0.395	0.13135113038293109
0.396	0.12994652995074013
0.397	0.12855299537277393
0.398	0.12717041914825464
0.399	0.1257986950918346
0.4	0.12443771827387662
0.401	0.12308738505657864
0.402	0.12174759294162797
0.403	0.12041824068038952
0.404	0.11909922826814696
0.405	0.11779045685474643
0.406	0.11649182868370458
0.40700000000000003	0.11520324721162699
0.40800000000000003	0.11392461705152089
0.40900000000000003	0.11265584382769367
0.41000000000000003	0.11139683429012073
0.41100000000000003	0.11014749635384959
0.41200000000000003	0.10890773896395323
0.41300000000000003	0.10767747208099829
0.41400000000000003	0.1064566067335931
0.41500000000000004	0.10524505491709914
0.41600000000000004	0.10404272976747592
0.41700000000000004	0.10284954523854037
0.418	0.1016654164279591
0.419	0.10049025931999328
0.42	0.09932399085398765
0.421	0.09816652893149844
0.422	0.09701779236762376
0.423	0.09587770094804843
0.424	0.094746175280116
0.425	0.09362313689721445
0.426	0.09250850820539251
0.427	0.09140221249211776
0.428	0.09030417391887993
0.429	0.08921431753100702
0.43	0.0881325690248009
0.431	0.08705885517127364
0.432	0.08599310338699
0.433	0.08493524190385475
0.434	0.08388519979721445
0.435	0.08284290688594559
0.436	0.08180829382992456
0.437	0.08078129194773134
0.438	0.0797618333515804
0.439	0.07874985088007828
0.44	0.07774527816392712
0.441	0.07674804951404329
0.442	0.07575809985848857
0.443	0.07477536498852877
0.444	0.07379978131050147
0.445	0.07283128592551034
0.446	0.07186981662132991
0.447	0.0709153118233634
0.448	0.06996771060932568
0.449	0.06902695273071957
0.45	0.06809297858396418
0.451	0.06716572925251753
0.452	0.06624514635661487
0.453	0.06533117213959048
0.454	0.0644237494887425
0.455	0.06352282197157365
0.456	0.06262833357819587
0.457	0.06174022895465367
0.458	0.060858453390478164
0.459	0.059982952707777586
0.46	0.05911367329425273
0.461	0.05825056209982218
0.462	0.05739356654902866
0.463	0.0565426347875759
0.464	0.05569771526953374
0.465	0.05485875720371948
0.466	0.05402571014454792
0.467	0.05319852432918141
0.468	0.052377150367416025
0.46900000000000003	0.05156153946160635
0.47000000000000003	0.05075164324242332
0.47100000000000003	0.049947413846803804
0.47200000000000003	0.04914880395519533
0.47300000000000003	0.0483557667784518
0.47400000000000003	0.047568255846870966
0.47500000000000003	0.04678622519330525
0.47600000000000003	0.046009629427235486
0.47700000000000004	0.04523842356850589
0.47800000000000004	0.044472563035473346
0.47900000000000004	0.04371200369123112
0.48	0.04295670189769191
0.481	0.04220661448656445
0.482	0.041461698639714
0.483	0.04072191200583555
0.484	0.0399872126107777
0.485	0.03925755896800733
0.486	0.03853290998808295
0.487	0.03781322490597698
0.488	0.037098463413161746
0.489	0.03638858569028505
0.49	0.035683552152517256
0.491	0.03498332373852204
0.492	0.03428786162581819
0.493	0.03359712752324252
0.494	0.032911083431867584
0.495	0.03222969173135428
0.496	0.03155291514341995
0.497	0.030880716809394287
0.498	0.030213060202470245
0.499	0.029549909143040426
0.5	0.028891227792051263
0.5009999999999999	0.028236980657438196
0.502	0.0275871325804348
0.5029999999999999	0.026941648829179557
0.504	0.02630049490993253
0.5049999999999999	0.025663636707506335
0.506	0.02503104035383741
0.5069999999999999	0.02440267235512378
0.508	0.023778499577759238
0.5089999999999999	0.023158489139605047
0.51	0.022542608496794327
0.5109999999999999	0.02193082547446502
0.512	0.021323108075069798
0.5129999999999999	0.020719424666499894
0.514	0.020119743926084215
0.5149999999999999	0.019524034840802645
0.516	0.018932266647833075
0.5169999999999999	0.018344408851609748
0.518	0.017760431302558582
0.5189999999999999	0.01718030412392348
0.52	0.016603997690816975
0.5209999999999999	0.016031482671917206
0.522	0.015462729970399137
0.5229999999999999	0.014897710855144897
0.524	0.014336396716929127
0.5249999999999999	0.013778759380292736
0.526	0.013224770744560415
0.5269999999999999	0.012674403074044115
0.528	0.012127628916917
0.5289999999999999	0.011584420990848419
0.53	0.011044752314892667
0.5309999999999999	0.010508596148965484
0.532	0.009975925991628396
0.5329999999999999	0.009448569565827203
0.534	0.008930409646102394
0.5349999999999999	0.00842455195246337
0.536	0.007933420061448124
0.5369999999999999	0.007458857860239625
0.538	0.007002218606135628
0.5389999999999999	0.006564442219897596
0.54	0.006146122252179368
0.5409999999999999	0.005747563794261504
0.542	0.005368833455338788
0.5429999999999999	0.00500980239652522
0.544	0.004670183294681141
0.5449999999999999	0.00434956200546472
0.546	0.0040474246031759085
0.5469999999999999	0.003763180393674612
0.548	0.0034961814247337487
0.5489999999999999	0.0032457389545862744
0.55	0.003011137283203917
0.5509999999999999	0.0027916453011780132
0.552	0.0025865260672138374
0.5529999999999999	0.0023950446865461804
0.554	0.0022164747284456445
0.5549999999999999	0.00205010339089539
0.556	0.001895235594011662
0.5569999999999999	0.001751197160448838
0.558	0.0016173372205050378
0.5589999999999999	0.001493029961603592
0.56	0.0013776758259807273
0.5609999999999999	0.0012707022465055938
0.562	0.0011715639983680404
0.563	0.001079743233691931
0.5640000000000001	0.000994749256788543
0.565	0.0009161180895981445
0.5660000000000001	0.0008434118697380872
0.567	0.0007762181173590529
0.5680000000000001	0.0007141489015975227
0.569	0.0006568399327053238
0.5700000000000001	0.0006039496018504308
0.571	0.00055515798704123
0.5720000000000001	0.0005101658405621799
0.573	0.0004686935706632416
0.5740000000000001	0.00043048022796631923
0.575	0.0003952825050932216
0.5760000000000001	0.00036287375634089583
0.577	0.0003330430427950784
0.5779999999999998	0.0003055942070516342
0.579	0.0002803449806781336
0.5799999999999998	0.00025712612667223866
0.581	0.00023578061843703408
0.5819999999999999	0.00021616285617766262
0.583	0.000198137921112296
0.5839999999999999	0.00018158086746899207
0.585	0.00016637605189600665
0.5859999999999999	0.00015241649963549338
0.587	0.00013960330658973496
0.5879999999999999	0.00012784507623671791
0.589	0.00011705739022070144
0.5899999999999999	0.00010716231134715857
0.591	0.00009808791764452096
0.5919999999999999	0.00008976786611286641
0.593	0.00008214098475785684
0.5939999999999999	0.00007515089150337748
0.595	0.00006874563858534843
0.5959999999999999	0.00006287738104945997
0.597	0.00005750206800490301
0.5979999999999999	0.00005257915532254459
0.599	0.00004807133850787083
0.5999999999999999	0.000043944304524943915
0.601	0.00004016650139645491
0.6019999999999999	0.0000367089244557111
0.603	0.00003354491817824953
0.6039999999999999	0.000030649992573045935
0.605	0.000028001653165418404
0.6059999999999999	0.00002557924365526691
0.607	0.00002336380038486015
0.6079999999999999	0.000021337917799702936
0.609	0.000019485624133852962
0.6099999999999999	0.000017792266597244133
0.611	0.000016244405386982588
0.6119999999999999	0.00001482971588712795
0.613	0.000013536898462108838
0.6139999999999999	0.000012355595287612853
0.615	0.000011276313699545913
0.6159999999999999	0.000010290355576479703
0.617	9.389752303937351e-6
0.6179999999999999	8.567204899944235e-6
0.619	7.816028910547361e-6
0.6199999999999999	7.130103711540221e-6
0.621	6.503825878487488e-6
0.6219999999999999	5.932066311390368e-6
0.623	5.410130823041875e-6
0.6239999999999999	4.933723921361243e-6
0.625	4.498915535843423e-6
0.6259999999999999	4.102110456781824e-6
0.627	3.7400202731928274e-6
0.6279999999999999	3.4096376114593567e-6
0.629	3.1082124916832446e-6
0.6299999999999999	2.833230632660464e-6
0.631	2.5823935493320634e-6
0.6319999999999999	2.353600298576331e-6
0.633	2.144930740354624e-6
0.6339999999999999	1.9546301915588573e-6
0.635	1.7810953594860743e-6
0.6359999999999999	1.6228614507352382e-6
0.637	1.4785903595299622e-6
0.6379999999999999	1.3470598470656642e-6
0.639	1.2271536304999608e-6
0.6399999999999999	1.1178523066933063e-6
0.641	1.0182250417999376e-6
0.6419999999999999	9.27421963341735e-7
0.643	8.446671965030412e-7
0.6439999999999999	7.692524910943867e-7
0.645	7.005313899757253e-7
0.6459999999999999	6.37913893732048e-7
0.647	5.808615800822528e-7
0.6479999999999999	5.288831398987987e-7
0.649	4.815302948423175e-7
0.6499999999999999	4.383940644944682e-7
0.651	3.991013535199399e-7
0.6519999999999999	3.6331183182451814e-7
0.653	3.307150829165115e-7
0.6539999999999999	3.0102799773730166e-7
0.655	2.7399239311966927e-7
0.6559999999999999	2.493728357704814e-7
0.657	2.2695465427221587e-7
0.6579999999999999	2.0654212306321705e-7
0.659	1.8795680370349156e-7
0.6599999999999999	1.710360299685346e-7
0.661	1.5563152444698203e-7
0.6619999999999999	1.416081353587726e-7
0.663	1.2884268326448143e-7
0.6639999999999999	1.1722290821116968e-7
0.665	1.0664650866249995e-7
0.6659999999999999	9.702026429622924e-8
0.667	8.825923542612045e-8
0.6679999999999999	8.028603242287223e-8
0.669	7.303014907398306e-8
0.6699999999999999	6.642735434115455e-8
0.671	6.041913744829998e-8
0.6719999999999999	5.4952201667586254e-8
0.673	4.9978002568605376e-8
0.6739999999999999	4.545232686045624e-8
0.675	4.133490828934487e-8
0.6759999999999999	3.7589077359240564e-8
0.677	3.418144192236428e-8
0.6779999999999999	3.10815959414887e-8
0.679	2.8261853959322783e-8
0.6799999999999999	2.5697009024065157e-8
0.681	2.336411201503906e-8
0.6819999999999999	2.1242270491110063e-8
0.683	1.931246534775617e-8
0.6839999999999999	1.7557383717716996e-8
0.685	1.5961266686610673e-8
0.6859999999999999	1.450977051912822e-8
0.687	1.3189840205902033e-8
0.688	1.1989594244318855e-8
0.6890000000000001	1.0898219662261183e-8
0.69	9.905876380113957e-9
0.6910000000000001	9.003610085683769e-9
0.692	8.183272869364515e-9
0.6930000000000001	7.437450932509134e-9
0.694	6.759398742564577e-9
0.6950000000000001	6.142979063498379e-9
0.696	5.5826083405841e-9
0.6970000000000001	5.07320696421738e-9
0.698	4.610153979286531e-9
0.6990000000000001	4.189245845239508e-9
0.7	3.8066588865174484e-9
0.7010000000000001	3.4589151048112637e-9
0.702	3.1428510538555853e-9
0.7030000000000001	2.8555895041218504e-9
0.704	2.594513648338386e-9
0.7049999999999998	2.357243621372992e-9
0.706	2.1416151276824574e-9
0.7069999999999999	1.9456599884510256e-9
0.708	1.767588436567491e-9
0.7089999999999999	1.6057730030823064e-9
0.71	1.4587338532368055e-9
0.7109999999999999	1.3251254417840678e-9
0.712	1.2037243697018253e-9
0.7129999999999999	1.0934183346435793e-9
0.714	9.931960769379351e-10
0.7149999999999999	9.021382319741683e-10
0.716	8.19409007606041e-10
0.7169999999999999	7.442486123316623e-10
0.718	6.759663670044955e-10
0.7189999999999999	6.139344386295945e-10
0.72	5.575821400639169e-10
0.7209999999999999	5.063907450860176e-10
0.722	4.598887721182571e-10
0.7229999999999999	4.17647694437126e-10
0.724	3.7927803870944394e-10
0.7249999999999999	3.444258366998221e-10
0.726	3.127693981935623e-10
0.7269999999999999	2.840163761237897e-10
0.728	2.5790109786462074e-10
0.7289999999999999	2.3418213852332113e-10
0.73	2.126401140603538e-10
0.7309999999999999	1.9307567464984094e-10
0.732	1.7530768037802233e-10
0.7329999999999999	1.5917154237266594e-10
0.734	1.44517714589218e-10
0.7349999999999999	1.3121032266810308e-10
0.736	1.191259173376894e-10
0.7369999999999999	1.0815234125894947e-10
0.738	9.818769880906037e-11
0.7389999999999999	8.913941954862551e-11
0.74	8.092340708996349e-11
0.7409999999999999	7.346326525488127e-11
0.742	6.668959477817051e-11
0.7429999999999999	6.053935406563648e-11
0.744	5.4955278237433643e-11
0.7449999999999999	4.9885351014945195e-11
0.746	4.528232477829759e-11
0.7469999999999999	4.110328449561574e-11
0.748	3.7309251329253826e-11
0.7489999999999999	3.386482246290044e-11
0.75	3.073784376320305e-11
0.7509999999999999	2.7899112313082714e-11
0.752	2.5322106190063732e-11
0.7529999999999999	2.2982738872464352e-11
0.754	2.0859136125536366e-11
0.7549999999999999	1.893143322103567e-11
0.756	1.7181590733901952e-11
0.7569999999999999	1.559322713839126e-11
0.758	1.4151466835951888e-11
0.7589999999999999	1.2842802026098117e-11
0.76	1.1654967125366317e-11
0.7609999999999999	1.0576824802098108e-11
0.762	9.598262357676003e-12
0.7629999999999999	8.710097652998043e-12
0.764	7.903993725957188e-12
0.7649999999999999	7.172381181608783e-12
0.766	6.508387554756917e-12
0.7669999999999999	5.905773260874901e-12
0.768	5.358873471127975e-12
0.7689999999999999	4.862545291187369e-12
0.77	4.412119747412614e-12
0.7709999999999999	4.0033581989304415e-12
0.772	3.6324126799742746e-12
0.7729999999999999	3.2957900550256607e-12
0.774	2.9903193268807496e-12
0.7749999999999999	2.7131220027900273e-12
0.776	2.4615851040768136e-12
0.7769999999999999	2.2333367235449117e-12
0.778	2.0262238848695285e-12
0.7789999999999999	1.838292278697809e-12
0.78	1.6677680559189864e-12
0.7809999999999999	1.5130411488802667e-12
0.782	1.3726502202194483e-12
0.7829999999999999	1.2452688991168047e-12
0.784	1.129693255985694e-12
0.7849999999999999	1.0248306807138092e-12
0.786	9.296895241958637e-13
0.7869999999999999	8.433697498789548e-13
0.788	7.650546045400531e-13
0.7889999999999999	6.940028029502028e-13
0.79	6.295415761134835e-13
0.7909999999999999	5.710604019098872e-13
0.792	5.180052590932103e-13
0.7929999999999999	4.698733561198641e-13
0.794	4.2620843311760496e-13
0.7949999999999999	3.865964801538007e-13
0.796	3.506617259133225e-13
0.7969999999999999	3.180632965209226e-13
0.798	2.884918353954201e-13
0.7989999999999999	2.616665872702393e-13
0.8	2.373328243717193e-13
0.8009999999999999	2.1525945093958147e-13
0.802	1.9523674883884413e-13
0.8029999999999999	1.7707442754159238e-13
0.804	1.6059985946818155e-13
0.8049999999999999	1.4565636722203348e-13
0.806	1.3210181597494332e-13
0.8069999999999999	1.1980728689742997e-13
0.808	1.0865581291458755e-13
0.8089999999999999	9.85412237000297e-14
0.81	8.936718685307636e-14
0.8109999999999999	8.104635169479829e-14
0.812	7.349945373147411e-14
0.813	6.665463377581421e-14
0.8140000000000001	6.044666025073409e-14
0.815	5.48162824446631e-14
0.8160000000000001	4.9709810251905444e-14
0.817	4.507857961653282e-14
0.8180000000000001	4.087837907714666e-14
0.819	3.7069182934232946e-14
0.8200000000000001	3.3614643702936413e-14
0.821	3.048174727272515e-14
0.8220000000000001	2.7640589300459083e-14
0.823	2.5064025064325404e-14
0.8240000000000001	2.272742930171181e-14
0.825	2.0608459961701557e-14
0.8260000000000001	1.8686895227540514e-14
0.827	1.6944368311697256e-14
0.8280000000000001	1.5364202821640544e-14
0.829	1.393129632203277e-14
0.8300000000000001	1.2631912526102109e-14
0.831	1.1453598433256986e-14
0.8320000000000001	1.0385117622054572e-14
0.833	9.416262782345231e-15
0.8339999999999999	8.537705339957942e-15
0.835	7.741084140163966e-15
0.8359999999999999	7.0187903041770695e-15
0.837	6.363818689651771e-15
0.8379999999999999	5.769903261712631e-15
0.839	5.231406741734824e-15
0.8399999999999999	4.743141374153166e-15
0.841	4.300433469473869e-15
0.8419999999999999	3.899050375627939e-15
0.843	3.535105657906286e-15
0.8439999999999999	3.2051129317951417e-15
0.845	2.9059339554112205e-15
0.8459999999999999	2.63470668566181e-15
0.847	2.388773921900072e-15
0.8479999999999999	2.1657673481077264e-15
0.849	1.963578702464979e-15
0.8499999999999999	1.7802727002152572e-15
0.851	1.6140478678978445e-15
0.8519999999999999	1.4633478538035757e-15
0.853	1.3267161931498471e-15
0.8539999999999999	1.2028674929513192e-15
0.855	1.090583000443458e-15
0.8559999999999999	9.887866282581179e-16
0.857	8.965169567185877e-16
0.8579999999999999	8.128434971388554e-16
0.859	7.369877156234727e-16
0.8599999999999999	6.682210289120956e-16
0.861	6.058779152157174e-16
0.8619999999999999	5.493645427637096e-16
0.863	4.981560089452493e-16
0.8639999999999999	4.517015827300787e-16
0.865	4.0956643088261966e-16
0.8659999999999999	3.713970611290172e-16
0.867	3.3677715909628237e-16
0.8679999999999999	3.0538967527868023e-16
0.869	2.7696223958103317e-16
0.8699999999999999	2.5116585448874956e-16
0.871	2.2776351075694535e-16
0.8719999999999999	2.065690755824763e-16
0.873	1.873549952246571e-16
0.8739999999999999	1.699535460830531e-16
0.875	1.541756228385951e-16
0.8759999999999999	1.3984907929068932e-16
0.877	1.2683878093268112e-16
0.8779999999999999	1.150262264470726e-16
0.879	1.0432958179803797e-16
0.8799999999999999	9.463834713357757e-17
0.881	8.586520353280781e-17
0.8819999999999999	7.79301240768849e-17
0.883	7.074686025293584e-17
0.8839999999999999	6.423645498549618e-17
0.885	5.829125350124227e-17
0.8859999999999999	5.287169814316726e-17
0.887	4.798114421140908e-17
0.8879999999999999	4.3564520642229455e-17
0.889	3.9567119840793943e-17
0.8899999999999999	3.5934590556709875e-17
0.891	3.2635390809018314e-17
0.8919999999999999	2.964490424806395e-17
0.893	2.693196099588787e-17
0.8939999999999999	2.4472299447018125e-17
0.895	2.2235103027157587e-17
0.8959999999999999	2.0196474886039496e-17
0.897	1.8325933393128983e-17
0.8979999999999999	1.6622405287075e-17
0.899	1.508481733020638e-17
0.8999999999999999	1.3689629522695844e-17
0.901	1.2429206197345162e-17
0.9019999999999999	1.1309404557739972e-17
0.903	1.0277653428222895e-17
0.9039999999999999	9.326671779087176e-18
0.905	8.462659717466593e-18
0.9059999999999999	7.678328434996685e-18
0.907	6.979899614572431e-18
0.9079999999999999	6.315146962329636e-18
0.909	5.699606698763001e-18
0.9099999999999999	5.191350188723667e-18
0.911	4.744743103325201e-18
0.9119999999999999	4.323480497019737e-18
0.913	3.934120632182504e-18
0.9139999999999999	3.54726128844724e-18
0.915	3.2078234429730942e-18
0.9159999999999999	2.928957751085215e-18
0.917	2.6518809378589907e-18
0.9179999999999999	2.3990544423932634e-18
0.919	2.1770457654900154e-18
0.9199999999999999	1.956462537465752e-18
0.921	1.7372956890976156e-18
0.9219999999999999	1.519533125053201e-18
0.923	1.303165453986288e-18
0.9239999999999999	1.1331204894812239e-18
0.925	1.0225547552801871e-18
0.9259999999999999	9.126954234501637e-19
0.927	8.035442673559091e-19
0.9279999999999999	6.95088184294781e-19
0.929	5.873283456857824e-19
0.9299999999999999	4.802581818696533e-19
0.931	3.7387008059820497e-19
0.9319999999999999	2.681619372293496e-19
0.933	1.6312759355065976e-19
0.9339999999999999	5.876212125775737e-20
0.935	0.
0.9359999999999999	0.
0.937	0.
0.938	0.
0.9390000000000001	0.
0.94	0.
0.9410000000000001	0.
0.942	0.
0.9430000000000001	0.
0.944	0.
0.9450000000000001	0.
0.946	0.
0.9470000000000001	0.
0.948	0.
0.9490000000000001	0.
0.95	0.
0.9510000000000001	0.
0.952	0.
0.9530000000000001	0.
0.954	0.
0.9550000000000001	0.
0.956	0.
0.9570000000000001	0.
0.958	0.
0.9590000000000001	0.
0.96	0.
0.9609999999999999	0.
0.962	0.
0.9629999999999999	0.
0.964	0.
0.9649999999999999	0.
0.966	0.
0.9669999999999999	0.
0.968	0.
0.9689999999999999	0.
0.97	0.
0.9709999999999999	0.
0.972	0.
0.9729999999999999	0.
0.974	0.
0.9749999999999999	0.
0.976	0.
0.9769999999999999	0.
0.978	0.
0.9789999999999999	0.
0.98	0.
0.9809999999999999	0.
0.982	0.
0.9829999999999999	0.
0.984	0.
0.9849999999999999	0.
0.986	0.
0.9869999999999999	0.
0.988	0.
0.9889999999999999	0.
0.99	0.
0.9909999999999999	0.
0.992	0.
0.9929999999999999	0.
0.994	0.
0.9949999999999999	0.
0.996	0.
0.9969999999999999	0.
0.998	0.
0.9989999999999999	0.
1.	0.