0	0.
0.001	0.
0.002	0.
0.003	0.
0.004	0.
0.005	0.
0.006	0.
0.007	0.
0.008	0.
0.009000000000000001	0.
0.010000000000000002	0.
0.011	0.
0.012	0.
0.013000000000000001	0.
0.014000000000000002	0.
0.015	0.
0.016	0.
0.017	0.
0.018000000000000002	0.
0.019000000000000003	0.
0.02	0.
0.021	0.
0.022	0.11463822869116941
0.023	0.5405193114919526
0.024	1.2296444914043367
0.025	2.111701790336645
0.026000000000000002	3.1206486925293437
0.027000000000000003	4.200132855543892
0.028	5.304295272692777
0.029	6.397088246009859
0.03	7.451096182086826
0.031	8.446242944634546
0.032	9.368547630875373
0.033	10.208996024947492
0.034	10.962551003020648
0.035	11.627303902522598
0.036000000000000004	12.203758661495675
0.037000000000000005	12.694235999058034
0.038	13.102383364250398
0.039	13.432776418804643
0.04	13.69059866923861
0.041	13.881387094037086
0.042	14.010832979138181
0.043000000000000003	14.084628543329218
0.044	14.108351230835117
0.045	14.087378734652184
0.046	14.026828876172189
0.047	13.931519402246726
0.048	13.805943575182079
0.049	13.654258133194931
0.05	13.480280799325694
0.051000000000000004	13.287495026934973
0.052000000000000005	13.079060100693239
0.053000000000000005	12.857825073755064
0.054	12.626345324052869
0.055	12.386900763863238
0.056	12.141514944536615
0.057	11.89197446915893
0.058	11.639848265691496
0.059000000000000004	11.38650638678881
0.06	11.133138094296697
0.061	10.8807690600375
0.062	10.63027757300113
0.063	10.38240968911247
0.064	10.13779329555674
0.065	9.896951089082568
0.066	9.660312488329742
0.067	9.428224515351623
0.068	9.20096169220448
0.069	8.978735005657377
0.07	8.76169999747834
0.07100000000000001	8.549964039984548
0.07200000000000001	8.343592857104602
0.07300000000000001	8.142616350495983
0.074	7.947033788617882
0.075	7.756818414343379
0.076	7.571921523916314
0.077	7.392276066983669
0.078	7.217799814194755
0.079	7.04839813555585
0.08	6.88396642943911
0.081	6.72439223892691
0.082	6.569557089067804
0.083	6.419338075658243
0.084	6.273609233364727
0.085	6.1322427083746565
0.08600000000000001	5.995109758317844
0.08700000000000001	5.862081599934006
0.088	5.733030122872141
0.089	5.607828486091139
0.09	5.486351611578087
0.091	5.368476588505546
0.092	5.254082999500186
0.093	5.143053179384272
0.094	5.0352724155683655
0.095	4.930629098208432
0.096	4.82901482728405
0.097	4.730324482897279
0.098	4.634456264325814
0.099	4.541311702679926
0.1	4.450795651404296
0.101	4.362816258324605
0.10200000000000001	4.277284922458844
0.10300000000000001	4.194116238388338
0.10400000000000001	4.113227930607778
0.10500000000000001	4.034540779942281
0.106	3.957978543827525
0.107	3.8834678719925817
0.108	3.8109382188598158
0.109	3.740321753779314
0.11	3.6715532700427183
0.111	3.6045700934712883
0.112	3.5393119912421285
0.113	3.47572108150283
0.114	3.413741744226478
0.115	3.3533205336738714
0.116	3.2944060927564665
0.117	3.2369490695306333
0.11800000000000001	3.1809020359999782
0.11900000000000001	3.126219409356198
0.12	3.072857375750198
0.121	3.0207738166517837
0.122	2.9699282378287784
0.123	2.9202817009527715
0.124	2.871796757819758
0.125	2.824437387157713
0.126	2.778168933980407
0.127	2.732958051436247
0.128	2.688772645092751
0.129	2.6455818195907357
0.13	2.603355827597673
0.131	2.562066020986148
0.132	2.521684804160963
0.133	2.4821855894571487
0.134	2.4435427545305566
0.135	2.405731601662803
0.136	2.3687283189030035
0.137	2.332509942969785
0.138	2.297054323838538
0.139	2.262340090940618
0.14	2.2283466209031637
0.14100000000000001	2.1950540067602726
0.14200000000000002	2.1624430285686067
0.14300000000000002	2.130495125362793
0.14400000000000002	2.0991923683883185
0.14500000000000002	2.068517435552129
0.146	2.0384535870334215
0.147	2.008984641999694
0.148	1.9800949563752444
0.149	1.9517694016118634
0.15	1.9239933444135393
0.151	1.8967526273692938
0.152	1.8700335504504577
0.153	1.843822853330572
0.154	1.8181076984882982
0.155	1.7928756550555531
0.156	1.7681146833748862
0.157	1.7438131202319294
0.158	1.7199596647304698
0.159	1.6965433647792496
0.16	1.6735536041611698
0.161	1.6509800901570095
0.162	1.6288128416973016
0.163	1.607042178017123
0.164	1.585658707790013
0.165	1.5646533187183973
0.166	1.544017167558943
0.167	1.5237416705624964
0.168	1.5038184943092074
0.169	1.484239546920406
0.17	1.464996969629846
0.171	1.4460831286975973
0.17200000000000001	1.4274906076509726
0.17300000000000001	1.4092121998374028
0.17400000000000002	1.3912409012751554
0.17500000000000002	1.3735699037882942
0.176	1.3561925884131287
0.177	1.3391025190639296
0.178	1.3222934364463304
0.179	1.305759252207366
0.18	1.2894940433117212
0.181	1.273492046634251
0.182	1.2577476537592034
0.183	1.2422554059772184
0.184	1.2270099894715276
0.185	1.2120062306851276
0.186	1.1972390918612106
0.187	1.182703666749483
0.188	1.1683951764712142
0.189	1.1543089655364622
0.19	1.1404404980069438
0.191	1.126785353798559
0.192	1.1133392251176524
0.193	1.100097913025627
0.194	1.0870573241264827
0.195	1.0742134673722916
0.196	1.0615624509818973
0.197	1.0491004794680778
0.198	1.0368238507689602
0.199	1.0247289534793969
0.2	1.012812264178368
0.201	1.0010703448485927
0.202	0.989499840384695
0.203	0.9780974761864293
0.20400000000000001	0.9668600558336874
0.20500000000000002	0.9557844588400732
0.20600000000000002	0.9448676384819789
0.20700000000000002	0.9341066197003355
0.20800000000000002	0.9234984970721661
0.20900000000000002	0.9130404328493336
0.21	0.9027296550619106
0.211	0.8925634556837623
0.212	0.8825391888579583
0.213	0.8726542691798204
0.214	0.862906170035436
0.215	0.8532924219936019
0.216	0.8438106112492433
0.217	0.8344583781163266
0.218	0.8252334155686445
0.219	0.8161334678265588
0.22	0.8071563289881082
0.221	0.7982998417028964
0.222	0.7895618958872457
0.223	0.780940427479076
0.224	0.7724334172311835
0.225	0.764038889541495
0.226	0.7557549113190457
0.227	0.7475795908844143
0.228	0.739511076903435
0.229	0.7315475573529546
0.23	0.7236872585176758
0.231	0.7159284440168598
0.232	0.7082694138600063
0.233	0.7007085035304119
0.234	0.6932440830957314
0.23500000000000001	0.6858745563446278
0.23600000000000002	0.6785983599485872
0.23700000000000002	0.6714139626481185
0.23800000000000002	0.6643198644625051
0.23900000000000002	0.6573145959222606
0.24	0.6503967173236865
0.241	0.6435648180046565
0.242	0.6368175156410407
0.243	0.6301534555630036
0.244	0.623571310090622
0.245	0.617069777888166
0.246	0.6106475833363908
0.247	0.6043034759223361
0.248	0.5980362296460694
0.249	0.5918446424437641
0.25	0.5857275356266669
0.251	0.579683753335444
0.252	0.5737121620094016
0.253	0.5678116498701202
0.254	0.561981126419052
0.255	0.5562195219487047
0.256	0.5505257870668855
0.257	0.5448988922336903
0.258	0.539337827310832
0.259	0.5338416011229089
0.26	0.5284092410302643
0.261	0.523039792513067
0.262	0.5177323187663783
0.263	0.5124859003056317
0.264	0.5072996345825463
0.265	0.5021726356108713
0.266	0.497104033601868
0.267	0.49209297460907697
0.268	0.4871386201822808
0.269	0.48224014703022144
0.27	0.4773967466919273
0.271	0.47260762521634064
0.272	0.46787200285005853
0.273	0.46318911373288346
0.274	0.4585582056010363
0.275	0.4539785394977307
0.276	0.44944938949099605
0.277	0.44497004239841664
0.278	0.4405397975187281
0.279	0.43615796636998905
0.28	0.4318238724341278
0.281	0.4275368509078048
0.28200000000000003	0.42329624845925373
0.28300000000000003	0.4191014229910607
0.28400000000000003	0.41495174340864993
0.28500000000000003	0.4108465893943397
0.28600000000000003	0.4067853511868371
0.28700000000000003	0.40276742936597987
0.28800000000000003	0.39879223464259345
0.28900000000000003	0.3948591876533577
0.29	0.3909677187604925
0.291	0.3871172678561914
0.292	0.3833072841716234
0.293	0.37953722609043344
0.294	0.3758065609665285
0.295	0.3721147649461649
0.296	0.3684613227941136
0.297	0.3648457277238617
0.298	0.36126748123167846
0.299	0.3577260929345229
0.3	0.35422108041164957
0.301	0.35075196904979883
0.302	0.3473182918919133
0.303	0.34391958948925316
0.304	0.34055540975689286
0.305	0.33722530783241883
0.306	0.3339288459378021
0.307	0.33066559324435546
0.308	0.3274351257406939
0.309	0.3242370261036222
0.31	0.32107088357187424
0.311	0.3179362938226262
0.312	0.3148328588507431
0.313	0.3117601868506397
0.314	0.3087178921007304
0.315	0.3057055948503934
0.316	0.30272292120937344
0.317	0.2997695030395997
0.318	0.296844977849307
0.319	0.29394898868943
0.32	0.2910811840522281
0.321	0.28824121777208545
0.322	0.2854287489283576
0.323	0.28264344175037864
0.324	0.2798849655243806
0.325	0.2771529945024384
0.326	0.27444720781328336
0.327	0.2717672893750074
0.328	0.2691129278095656
0.329	0.26648381635912877
0.33	0.26387965280408
0.331	0.26130013938274405
0.332	0.25874498271278984
0.333	0.2562138937142388
0.334	0.2537065875340473
0.335	0.251222783472183
0.336	0.24876220490933734
0.337	0.24632457923593612
0.338	0.24390963778274813
0.339	0.24151711575276766
0.34	0.23914675215456044
0.341	0.2367982897368795
0.342	0.23447147492464904
0.343	0.23216605775617785
0.34400000000000003	0.2298817918216395
0.34500000000000003	0.22761843420279174
0.34600000000000003	0.22537574541385813
0.34700000000000003	0.2231534893436
0.34800000000000003	0.22095143319850813
0.34900000000000003	0.2187693474471228
0.35000000000000003	0.21660700576544378
0.35100000000000003	0.2144641849833804
0.352	0.21234066503228616
0.353	0.2102362288934914
0.354	0.20815066254778075
0.355	0.20608375492594241
0.356	0.20403529786018723
0.357	0.2020050860365567
0.358	0.1999929169481705
0.359	0.19799859084945545
0.36	0.19602191071114666
0.361	0.1940626821762498
0.362	0.19212071351672602
0.363	0.19019581559108373
0.364	0.18828780180272367
0.365	0.1863964880590596
0.366	0.18452169273141905
0.367	0.18266323661570838
0.368	0.18082094289377124
0.369	0.17899463709550334
0.37	0.17718414706162505
0.371	0.17538930290717084
0.372	0.17360993698567537
0.373	0.1718458838539288
0.374	0.1700969802374837
0.375	0.16836306499672948
0.376	0.1666439790935888
0.377	0.16493956555882425
0.378	0.16324966945995523
0.379	0.1615741378697441
0.38	0.1599128198352047
0.381	0.15826556634726505
0.382	0.1566322303108911
0.383	0.15501266651577858
0.384	0.15340673160752838
0.385	0.15181428405940625
0.386	0.15023518414454984
0.387	0.1486692939086838
0.388	0.14711647714330978
0.389	0.14557659935937053
0.39	0.1440495277613743
0.391	0.14253513122200462
0.392	0.1410332802570983
0.393	0.1395438470011658
0.394	0.1380667051832168
0.395	0.1366017301030982
0.396	0.13514879860822895
0.397	0.13370778907067368
0.398	0.13227858136468276
0.399	0.13086105684457014
0.4	0.12945509832301585
0.401	0.12806059004967688
0.402	0.1266774176902264
0.403	0.12530546830571426
0.404	0.12394463033228101
0.405	0.12259479356120022
0.406	0.12125584911930785
0.40700000000000003	0.11992768944970296
0.40800000000000003	0.1186102082928238
0.40900000000000003	0.11730330066778276
0.41000000000000003	0.1160068628540505
0.41100000000000003	0.11472079237347457
0.41200000000000003	0.11344498797252545
0.41300000000000003	0.112179349604891
0.41400000000000003	0.11092377841434377
0.41500000000000004	0.10967817671785905
0.41600000000000004	0.10844244798910273
0.41700000000000004	0.10721649684206892
0.418	0.10600022901509207
0.419	0.10479355135503036
0.42	0.10359637180180158
0.421	0.10240859937307106
0.422	0.1012301441492802
0.423	0.10006091725883501
0.424	0.09890083086362567
0.425	0.09774979814466667
0.426	0.09660773328808979
0.427	0.09547455147124918
0.428	0.09435016884914085
0.429	0.09323450254098481
0.43	0.0921274706170312
0.431	0.0910289920855937
0.432	0.08993898688024218
0.433	0.08885737584728787
0.434	0.08778408073337746
0.435	0.08671902417330202
0.436	0.08566212967804815
0.437	0.08461332162297076
0.438	0.08357252523617668
0.439	0.08253966658712956
0.44	0.08151467257535486
0.441	0.08049747091938964
0.442	0.07948799014585445
0.443	0.07848615957872992
0.444	0.07749190932877882
0.445	0.07650517028313195
0.446	0.07552587409505467
0.447	0.07455395317384321
0.448	0.0735893406748831
0.449	0.0726319704898768
0.45	0.07168177723719625
0.451	0.0707386962523913
0.452	0.0698026635788554
0.453	0.06887361595861412
0.454	0.0679514908232577
0.455	0.06703622628502039
0.456	0.0661277611279884
0.457	0.06522603479941234
0.458	0.06433098740118949
0.459	0.0634425596814914
0.46	0.06256069302642157
0.461	0.06168532945192387
0.462	0.060816411595690664
0.463	0.059953882709284714
0.464	0.05909768665034096
0.465	0.05824776787482898
0.466	0.057404071429556495
0.467	0.05656654294467173
0.468	0.05573512862629898
0.46900000000000003	0.054909775249333985
0.47000000000000003	0.05409043015027963
0.47100000000000003	0.053277041220220124
0.47200000000000003	0.052469556897901046
0.47300000000000003	0.05166792616288754
0.47400000000000003	0.05087209852883569
0.47500000000000003	0.05008202403683361
0.47600000000000003	0.04929765324892341
0.47700000000000004	0.0485189372416046
0.47800000000000004	0.047745827599507525
0.47900000000000004	0.046978276409123845
0.48	0.046216236252643615
0.481	0.0454596602018554
0.482	0.0447085018121863
0.483	0.04396271511673909
0.484	0.04322225462050207
0.485	0.04248707529461315
0.486	0.04175713257065523
0.487	0.04103238233511454
0.488	0.04031278092385676
0.489	0.03959828511670093
0.49	0.03888885213206666
0.491	0.0381844396216972
0.492	0.037485005665466635
0.493	0.03679050876623888
0.494	0.03610090784480943
0.495	0.035416162234941234
0.496	0.0347362316783994
0.497	0.034061076320121994
0.498	0.03339065670346644
0.499	0.03272493376542643
0.5	0.03206386883204118
0.5009999999999999	0.031407423613777685
0.502	0.030755560200976494
0.5029999999999999	0.030108241059449405
0.504	0.029465429026002146
0.5049999999999999	0.02882708730416713
0.506	0.028193179459860215
0.5069999999999999	0.027563669417177153
0.508	0.026938521454200743
0.5089999999999999	0.026317700198917493
0.51	0.025701170625158008
0.5109999999999999	0.025088898048560782
0.512	0.024480848122654008
0.5129999999999999	0.023876986834948526
0.514	0.02327728050308078
0.5149999999999999	0.02268169577104832
0.516	0.02209019960544111
0.5169999999999999	0.021502759291749236
0.518	0.020919342430739802
0.5189999999999999	0.02033991693484187
0.52	0.019764451024597708
0.5209999999999999	0.019192913225177667
0.522	0.01862527236291132
0.5229999999999999	0.018061497561877582
0.524	0.017501558240545875
0.5249999999999999	0.016945424108461154
0.526	0.016393065162935882
0.5269999999999999	0.0158444516858645
0.528	0.015299554240493144
0.5289999999999999	0.014758343668266956
0.53	0.014220791085754483
0.5309999999999999	0.01368686788154433
0.532	0.013156545713219352
0.5329999999999999	0.012629796504381195
0.534	0.012106592441696306
0.5349999999999999	0.011586905971959664
0.536	0.01107070979925203
0.5369999999999999	0.01055797688207099
0.538	0.010048680430527616
0.5389999999999999	0.009542793903608826
0.54	0.00904029100640914
0.5409999999999999	0.008541145687447097
0.542	0.008045332136012572
0.5429999999999999	0.0075528247795255314
0.544	0.007063598280935672
0.5449999999999999	0.006577627536160159
0.546	0.006094887671568999
0.5469999999999999	0.005622714338449048
0.548	0.0051670334583966415
0.5489999999999999	0.00473198597111078
0.55	0.004320295732221076
0.5509999999999999	0.003933576449119601
0.552	0.0035725815985499757
0.5529999999999999	0.0032374071231886913
0.554	0.0029276550988679667
0.5549999999999999	0.002642565213388632
0.556	0.002381119762507267
0.5569999999999999	0.0021421269151385195
0.558	0.0019242861996976877
0.5589999999999999	0.0017262394927799968
0.56	0.001546610229683592
0.5609999999999999	0.0013840330864214347
0.562	0.001237175990280297
0.563	0.0011047559883749277
0.5640000000000001	0.000985550230626758
0.565	0.0008784030964022453
0.5660000000000001	0.0007822303052819591
0.567	0.0006960206958637307
0.5680000000000001	0.0006188362268807018
0.569	0.0005498106478174896
0.5700000000000001	0.0004881471979168694
0.571	0.0004331156198602525
0.5720000000000001	0.0003840487148540843
0.573	0.0003403386171591697
0.5740000000000001	0.000301432926416052
0.575	0.00026683080390174895
0.5760000000000001	0.0002360791128093621
0.577	0.00020876866169299385
0.5779999999999998	0.00018453059346540906
0.579	0.00016303294902473894
0.5799999999999998	0.00014397742409506077
0.581	0.00012709632967537946
0.5819999999999999	0.00011214976017254607
0.583	0.00009892296849014566
0.5839999999999999	0.00008722394376352098
0.585	0.00007688118482870627
0.5859999999999999	0.00006774166069108373
0.587	0.00005966894805484328
0.5879999999999999	0.00005254153525347014
0.589	0.00004625128157590916
0.5899999999999999	0.00004070202092461212
0.591	0.00003580829889921992
0.5919999999999999	0.00003149423271594588
0.593	0.000027692483802127668
0.5939999999999999	0.00002434333341163316
0.595	0.00002139385216131345
0.5959999999999999	0.000018797154969252623
0.597	0.000016511733465059405
0.5979999999999999	0.00001450085852790325
0.599	0.00001273204617978508
0.5999999999999999	0.00001117658061268387
0.601	9.809088653903848e-6
0.6019999999999999	8.607160471003135e-6
0.603	7.551011784272023e-6
0.6039999999999999	6.623183290029248e-6
0.605	5.808273401961063e-6
0.6059999999999999	5.092700790885755e-6
0.607	4.464493546637829e-6
0.6079999999999999	3.913102100496654e-6
0.609	3.429233334199965e-6
0.6099999999999999	3.004703563668125e-6
0.611	2.632308323779263e-6
0.6119999999999999	2.3057070965459137e-6
0.613	2.019321320509725e-6
0.6139999999999999	1.7682441957029943e-6
0.615	1.548160957675253e-6
0.6159999999999999	1.3552784373291271e-6
0.617	1.1862628520458113e-6
0.6179999999999999	1.0381848891146345e-6
0.619	9.084712460339672e-7
0.6199999999999999	7.948618849514354e-7
0.621	6.953723414039667e-7
0.6219999999999999	6.08260501560564e-7
0.623	5.31997328246642e-7
0.6239999999999999	4.6524107493273826e-7
0.625	4.068145793444321e-7
0.6259999999999999	3.556852750479162e-7
0.627	3.109476008982625e-7
0.6279999999999999	2.718075251435997e-7
0.629	2.3756893375300204e-7
0.6299999999999999	2.0762166162148292e-7
0.631	1.8143097110115117e-7
0.6319999999999999	1.5852830517071358e-7
0.633	1.3850316281018411e-7
0.6339999999999999	1.2099596207750182e-7
0.635	1.0569177225327026e-7
0.6359999999999999	9.231481045247738e-8
0.637	8.062361050908226e-8
0.6379999999999999	7.040678290208544e-8
0.639	6.147929417409183e-8
0.6399999999999999	5.367920284192774e-8
0.641	4.686479634324398e-8
0.6419999999999999	4.091208021743721e-8
0.643	3.571257658902276e-8
0.6439999999999999	3.117139419372563e-8
0.645	2.7205536747722308e-8
0.6459999999999999	2.374242047564659e-8
0.647	2.0718575149453056e-8
0.6479999999999999	1.80785061048783e-8
0.649	1.577369744123052e-8
0.6499999999999999	1.3761739021729577e-8
0.651	1.2005562012615927e-8
0.6519999999999999	1.0472769563505362e-8
0.653	9.135050871400012e-9
0.6539999999999999	7.96766831099914e-9
0.655	6.949008581342392e-9
0.6559999999999999	6.060189929529257e-9
0.657	5.2847184902852446e-9
0.6579999999999999	4.6081876374607e-9
0.659	4.018014996486502e-9
0.6599999999999999	3.5032124283556702e-9
0.661	3.0541848743841212e-9
0.6619999999999999	2.662554461780968e-9
0.663	2.321006714497013e-9
0.6639999999999999	2.023156106744736e-9
0.665	1.7634285383539607e-9
0.6659999999999999	1.5369586141549622e-9
0.667	1.3394998708806246e-9
0.6679999999999999	1.1673463283632045e-9
0.669	1.017263942948821e-9
0.6699999999999999	8.864307193468696e-10
0.671	7.723843919688115e-10
0.6719999999999999	6.729767238353385e-10
0.673	5.863335891918042e-10
0.6739999999999999	5.108201111216565e-10
0.675	4.450102171739829e-10
0.6759999999999999	3.876600548357242e-10
0.677	3.3768477984610254e-10
0.6779999999999999	2.941382910260085e-10
0.679	2.56195539127025e-10
0.6799999999999999	2.231370838397299e-10
0.681	1.943356145834828e-10
0.6819999999999999	1.69244185941813e-10
0.683	1.4738595096845176e-10
0.6839999999999999	1.2834520160967028e-10
0.685	1.1175955112274245e-10
0.6859999999999999	9.731311270889285e-11
0.687	8.47305485629096e-11
0.688	7.377187825149053e-11
0.6890000000000001	6.42279497389797e-11
0.69	5.5916488929421934e-11
0.6910000000000001	4.867865424592927e-11
0.692	4.237603140497138e-11
0.6930000000000001	3.6888012670354365e-11
0.694	3.2109511486388664e-11
0.6950000000000001	2.794896977515689e-11
0.696	2.4326620206372692e-11
0.6970000000000001	2.1172971050401258e-11
0.698	1.8427485703379977e-11
0.6990000000000001	1.6037430949616675e-11
0.7	1.3956873314646219e-11
0.7010000000000001	1.2145804234558513e-11
0.702	1.056937718834767e-11
0.7030000000000001	9.197243220060478e-12
0.704	8.002971498906557e-12
0.7049999999999998	6.963544650245018e-12
0.706	6.058918607894363e-12
0.7069999999999999	5.2716393794347515e-12
0.708	4.586508994766639e-12
0.7089999999999999	3.9902944338893725e-12
0.71	3.471474073785635e-12
0.7109999999999999	3.020016774786224e-12
0.712	2.6271892966903545e-12
0.7129999999999999	2.2853889381425634e-12
0.714	1.9879970779968095e-12
0.7149999999999999	1.7292524134215175e-12
0.716	1.5041397938682125e-12
0.7169999999999999	1.3082938025915723e-12
0.718	1.1379149068748598e-12
0.7189999999999999	9.896960763655878e-13
0.72	8.607590249386214e-13
0.7209999999999999	7.485988276695709e-13
0.722	6.510353625719529e-13
0.7229999999999999	5.661716094298808e-13
0.724	4.923565441925783e-13
0.7249999999999999	4.281536163331278e-13
0.726	3.7231272132871507e-13
0.7269999999999999	3.2374616911848566e-13
0.728	2.81507535159027e-13
0.7289999999999999	2.44773290657488e-13
0.73	2.128270571248543e-13
0.7309999999999999	1.8504545667669747e-13
0.732	1.6088629238389503e-13
0.7329999999999999	1.3987778439453178e-13
0.734	1.216094850505929e-13
0.7349999999999999	1.0572441537042265e-13
0.736	9.191201365847706e-14
0.7369999999999999	7.99021824138148e-14
0.738	6.945994935657879e-14
0.7389999999999999	6.038088340772291e-14
0.74	5.2487274144837927e-14
0.7409999999999999	4.5624523627740835e-14
0.742	3.965811823041392e-14
0.7429999999999999	3.447107051712313e-14
0.744	2.996177243210329e-14
0.7449999999999999	2.6041707640472594e-14
0.746	2.2633984564015576e-14
0.7469999999999999	1.9671712334995672e-14
0.748	1.7096689128882316e-14
0.7489999999999999	1.4858350312045073e-14
0.75	1.2912740411624568e-14
0.7509999999999999	1.122158288033655e-14
0.752	9.751681291816207e-15
0.7529999999999999	8.474120590534353e-15
0.754	7.363684260465689e-15
0.7549999999999999	6.3986107603314414e-15
0.756	5.559829129445943e-15
0.7569999999999999	4.830841712540047e-15
0.758	4.197339756877829e-15
0.7589999999999999	3.6467979155416804e-15
0.76	3.168389965164613e-15
0.7609999999999999	2.7526101705630676e-15
0.762	2.391328575901261e-15
0.7629999999999999	2.077379126439116e-15
0.764	1.8045684306745162e-15
0.7649999999999999	1.567490693744217e-15
0.766	1.3615090175392856e-15
0.7669999999999999	1.1825683045847812e-15
0.768	1.0270413968549247e-15
0.7689999999999999	8.919436524724747e-16
0.77	7.745815404476386e-16
0.7709999999999999	6.726147241398994e-16
0.772	5.840149751627683e-16
0.7729999999999999	5.070152323935853e-16
0.774	4.4015000938803574e-16
0.7749999999999999	3.8202925142560813e-16
0.776	3.3159399312382006e-16
0.7769999999999999	2.877703826364998e-16
0.778	2.4967030073731177e-16
0.7789999999999999	2.1656150824217191e-16
0.78	1.878177376114877e-16
0.7809999999999999	1.6286911237363544e-16
0.782	1.4119839831057097e-16
0.7829999999999999	1.2243166775837876e-16
0.784	1.0611657669282146e-16
0.7849999999999999	9.193353059818724e-17
0.786	7.962067654550376e-17
0.7869999999999999	6.89667721364082e-17
0.788	5.971983958109747e-17
0.7889999999999999	5.167169298887135e-17
0.79	4.466440080222698e-17
0.7909999999999999	3.8589955349626997e-17
0.792	3.3344438495513144e-17
0.7929999999999999	2.877911233404007e-17
0.794	2.4833855740366957e-17
0.7949999999999999	2.141019020460511e-17
0.796	1.8452417124267738e-17
0.7969999999999999	1.5863075089226376e-17
0.798	1.3632981312797958e-17
0.7989999999999999	1.1668753633946879e-17
0.8	1.000739206748421e-17
0.8009999999999999	8.55926318501583e-18
0.802	7.316209000344624e-18
0.8029999999999999	6.231370799647986e-18
0.804	5.300329025868506e-18
0.8049999999999999	4.52206951859121e-18
0.806	3.8045729893530955e-18
0.8069999999999999	3.1861920458832257e-18
0.808	2.7151548131761534e-18
0.8089999999999999	2.30285507986934e-18
0.81	1.9421543200814833e-18
0.8109999999999999	1.632711977702014e-18
0.812	1.3741900643754345e-18
0.813	1.1207467548008544e-18
0.8140000000000001	9.144781007911077e-19
0.815	7.129426015201322e-19
0.8160000000000001	5.582389207916103e-19
0.817	4.0792814679384444e-19
0.8180000000000001	3.0411150815910856e-19
0.819	2.0435263471014215e-19
0.8200000000000001	1.0524889167459152e-19
0.821	6.795377660591109e-21
0.8220000000000001	0.
0.823	0.
0.8240000000000001	0.
0.825	0.
0.8260000000000001	0.
0.827	0.
0.8280000000000001	0.
0.829	0.
0.8300000000000001	0.
0.831	0.
0.8320000000000001	0.
0.833	0.
0.8339999999999999	0.
0.835	0.
0.8359999999999999	0.
0.837	0.
0.8379999999999999	0.
0.839	0.
0.8399999999999999	0.
0.841	0.
0.8419999999999999	0.
0.843	0.
0.8439999999999999	0.
0.845	0.
0.8459999999999999	0.
0.847	0.
0.8479999999999999	0.
0.849	0.
0.8499999999999999	0.
0.851	0.
0.8519999999999999	0.
0.853	0.
0.8539999999999999	0.
0.855	0.
0.8559999999999999	0.
0.857	0.
0.8579999999999999	0.
0.859	0.
0.8599999999999999	0.
0.861	0.
0.8619999999999999	0.
0.863	0.
0.8639999999999999	0.
0.865	0.
0.8659999999999999	0.
0.867	0.
0.8679999999999999	0.
0.869	0.
0.8699999999999999	0.
0.871	0.
0.8719999999999999	0.
0.873	0.
0.8739999999999999	0.
0.875	0.
0.8759999999999999	0.
0.877	0.
0.8779999999999999	0.
0.879	0.
0.8799999999999999	0.
0.881	0.
0.8819999999999999	0.
0.883	0.
0.8839999999999999	0.
0.885	0.
0.8859999999999999	0.
0.887	0.
0.8879999999999999	0.
0.889	0.
0.8899999999999999	0.
0.891	0.
0.8919999999999999	0.
0.893	0.
0.8939999999999999	0.
0.895	0.
0.8959999999999999	0.
0.897	0.
0.8979999999999999	0.
0.899	0.
0.8999999999999999	0.
0.901	0.
0.9019999999999999	0.
0.903	0.
0.9039999999999999	0.
0.905	0.
0.9059999999999999	0.
0.907	0.
0.9079999999999999	0.
0.909	0.
0.9099999999999999	0.
0.911	0.
0.9119999999999999	0.
0.913	0.
0.9139999999999999	0.
0.915	0.
0.9159999999999999	0.
0.917	0.
0.9179999999999999	0.
0.919	0.
0.9199999999999999	0.
0.921	0.
0.9219999999999999	0.
0.923	0.
0.9239999999999999	0.
0.925	0.
0.9259999999999999	0.
0.927	0.
0.9279999999999999	0.
0.929	0.
0.9299999999999999	0.
0.931	0.
0.9319999999999999	0.
0.933	0.
0.9339999999999999	0.
0.935	0.
0.9359999999999999	0.
0.937	0.
0.938	0.
0.9390000000000001	0.
0.94	0.
0.9410000000000001	0.
0.942	0.
0.9430000000000001	0.
0.944	0.
0.9450000000000001	0.
0.946	0.
0.9470000000000001	0.
0.948	0.
0.9490000000000001	0.
0.95	0.
0.9510000000000001	0.
0.952	0.
0.9530000000000001	0.
0.954	0.
0.9550000000000001	0.
0.956	0.
0.9570000000000001	0.
0.958	0.
0.9590000000000001	0.
0.96	0.
0.9609999999999999	0.
0.962	0.
0.9629999999999999	0.
0.964	0.
0.9649999999999999	0.
0.966	0.
0.9669999999999999	0.
0.968	0.
0.9689999999999999	0.
0.97	0.
0.9709999999999999	0.
0.972	0.
0.9729999999999999	0.
0.974	0.
0.9749999999999999	0.
0.976	0.
0.9769999999999999	0.
0.978	0.
0.9789999999999999	0.
0.98	0.
0.9809999999999999	0.
0.982	0.
0.9829999999999999	0.
0.984	0.
0.9849999999999999	0.
0.986	0.
0.9869999999999999	0.
0.988	0.
0.9889999999999999	0.
0.99	0.
0.9909999999999999	0.
0.992	0.
0.9929999999999999	0.
0.994	0.
0.9949999999999999	0.
0.996	0.
0.9969999999999999	0.
0.998	0.
0.9989999999999999	0.
1.	0.