0	0.
0.001	0.
0.002	0.
0.003	0.
0.004	0.
0.005	0.
0.006	0.
0.007	0.
0.008	0.
0.009000000000000001	0.
0.010000000000000002	0.
0.011	0.1834545228654108
0.012	0.8048094840277241
0.013000000000000001	1.778757542947969
0.014000000000000002	2.9972580606680657
0.015	4.362740520222991
0.016	5.794483156123996
0.017	7.228925208250538
0.018000000000000002	8.618014482267384
0.019000000000000003	9.926959455154376
0.02	11.131930544941826
0.021	12.217935308627215
0.022	13.176951622027719
0.023	14.00633734878153
0.024	14.707504375413592
0.025	15.28483148597834
0.026000000000000002	15.744785897379879
0.027000000000000003	16.095223069487663
0.028	16.344836371932836
0.029	16.502731110459273
0.03	16.578100631290468
0.031	16.579985383934194
0.032	16.517098756914763
0.033	16.397706130796912
0.034	16.229545896946615
0.035	16.01978317686937
0.036000000000000004	15.774988668948671
0.037000000000000005	15.50113647697671
0.038	15.203615969915658
0.039	14.887253715943661
0.04	14.55634235491712
0.041	14.214673947968437
0.042	13.865575894068936
0.043000000000000003	13.511947951053891
0.044	13.156299260081996
0.045	12.800784562514098
0.046	12.44723902923362
0.047	12.097211305020814
0.048	11.751994513566263
0.049	11.412655079437785
0.05	11.080059307933254
0.051000000000000004	10.754897727338719
0.052000000000000005	10.437707244859057
0.053000000000000005	10.128891200845578
0.054	9.828737428732655
0.055	9.537434442618922
0.056	9.255085882556351
0.057	8.981723350856566
0.058	8.717317772303957
0.059000000000000004	8.461789408052416
0.06	8.215016647950312
0.061	7.976843699696286
0.062	7.747087286053179
0.063	7.525542453707216
0.064	7.311987589536627
0.065	7.10618873225824
0.066	6.9079032598086165
0.067	6.716883025497384
0.068	6.532877009021346
0.069	6.355633541895361
0.07	6.184902160768108
0.07100000000000001	6.020435136457175
0.07200000000000001	5.861988721357259
0.07300000000000001	5.709324153137826
0.074	5.562208448333874
0.075	5.420415015525917
0.076	5.283724114278126
0.077	5.1519231828306
0.078	5.024807054698206
0.079	4.902178081786758
0.08	4.783846179372733
0.081	4.669628806280439
0.082	4.559350891807273
0.083	4.452844719371098
0.084	4.3499497754637755
0.085	4.250512571272051
0.08600000000000001	4.154386443254026
0.08700000000000001	4.061431338020054
0.088	3.9715135860466857
0.089	3.884505668037715
0.09	3.8002859771254136
0.091	3.7187385795670793
0.092	3.6397529761268568
0.093	3.563223865932093
0.094	3.4890509142490367
0.095	3.4171385253280206
0.096	3.347395621216613
0.097	3.2797354272252828
0.098	3.2140752645492543
0.099	3.1503363503979296
0.1	3.0884436058553426
0.101	3.02832547158911
0.10200000000000001	2.9699137314373525
0.10300000000000001	2.9131433438313494
0.10400000000000001	2.8579522809531275
0.10500000000000001	2.804281375480769
0.106	2.7520741747372983
0.107	2.701276802030845
0.108	2.6518378249524375
0.109	2.6037081303826586
0.11	2.5568408059482555
0.111	2.511191027663624
0.112	2.4667159534897776
0.113	2.4233746225434545
0.114	2.3811278596917265
0.115	2.339938185271943
0.116	2.299769729682528
0.117	2.260588152597444
0.11800000000000001	2.2223605665647272
0.11900000000000001	2.185055464758203
0.12	2.148642652660278
0.121	2.1130931834629685
0.122	2.078379296983574
0.123	2.0444743619007895
0.124	2.0113528211262697
0.125	1.9789901401358692
0.126	1.9473627580935478
0.127	1.9164480416098508
0.128	1.8862242409850836
0.129	1.8566704487954857
0.13	1.827766560688612
0.131	1.7994932382614435
0.132	1.771831873901994
0.133	1.7447645574819588
0.134	1.7182740447944724
0.135	1.692343727637106
0.136	1.6669576054462374
0.137	1.6421002583942217
0.138	1.6177568218661986
0.139	1.5939129622382802
0.14	1.5705548538834129
0.14100000000000001	1.5476691573357184
0.14200000000000002	1.5252429985481777
0.14300000000000002	1.5032639491824205
0.14400000000000002	1.4817200078730803
0.14500000000000002	1.4605995824125517
0.146	1.439891472805326
0.147	1.419584855143971
0.148	1.3996692662617645
0.149	1.3801345891197168
0.15	1.3609710388880614
0.151	1.3421691496848365
0.152	1.3237197619363086
0.153	1.3056140103259744
0.154	1.287843312301057
0.155	1.2703993571069412
0.156	1.2532740953219843
0.157	1.2364597288665762
0.158	1.2199487014618082
0.159	1.2037336895147575
0.16	1.1878075934083148
0.161	1.172163529175211
0.162	1.1567948205366299
0.163	1.1416949912872092
0.164	1.1268577580090486
0.165	1.1122770230984311
0.166	1.0979468680898408
0.167	1.0838615472627366
0.168	1.0700154815171943
0.169	1.0564032525056073
0.17	1.0430195970078937
0.171	1.0298594015388098
0.17200000000000001	1.0169176971761498
0.17300000000000001	1.004189654599548
0.17400000000000002	0.9916705793300105
0.17500000000000002	0.9793559071606587
0.176	0.9672411997700452
0.177	0.9553221405095128
0.178	0.9435945303567203
0.179	0.9320542840276527
0.18	0.9206974262401514
0.181	0.9095200881219743
0.182	0.898518503757109
0.183	0.8876890068640629
0.184	0.8770280276004185
0.185	0.8665320894880573
0.186	0.856197806453893
0.187	0.8460218799810006
0.188	0.836001096365446
0.189	0.8261323240743514
0.19	0.8164125112007645
0.191	0.8068386830114199
0.192	0.7974079395833054
0.193	0.7881174535254362
0.194	0.7789644677822941
0.195	0.76994629351552
0.196	0.7610603080606756
0.197	0.7523039529559978
0.198	0.7436747320402212
0.199	0.7351702096167134
0.2	0.726788008681238
0.201	0.7185258092107674
0.202	0.7103813465110113
0.203	0.7023524096202698
0.20400000000000001	0.6944368397674248
0.20500000000000002	0.6866325288819535
0.20600000000000002	0.6789374181539728
0.20700000000000002	0.6713494966423144
0.20800000000000002	0.6638667999288532
0.20900000000000002	0.656487408817304
0.21	0.649209448074736
0.211	0.6420310852143207
0.212	0.6349505293176064
0.213	0.6279660298949611
0.214	0.6210758757826933
0.215	0.6142783940755264
0.216	0.607571949093134
0.217	0.600954941379395
0.218	0.5944258067333212
0.219	0.5879830152703927
0.22	0.5816250705132926
0.221	0.5753505085108198
0.222	0.5691578969842274
0.223	0.5630458344997362
0.224	0.5570129496665336
0.225	0.5510579003591969
0.226	0.5451793729637412
0.227	0.5393760816464986
0.228	0.5336467676449743
0.229	0.5279901985799587
0.23	0.5224051677881422
0.231	0.5168904936745604
0.232	0.5114450190841667
0.233	0.5060676106918682
0.234	0.500757158410491
0.23500000000000001	0.49551257481589667
0.23600000000000002	0.4903327945888676
0.23700000000000002	0.4852167739730965
0.23800000000000002	0.4801634902487556
0.23900000000000002	0.4751719412211481
0.24	0.47024114472392103
0.241	0.46537013813640904
0.242	0.46055797791462505
0.243	0.45580373913538896
0.244	0.4511065150533274
0.245	0.4464654166701445
0.246	0.44187957231589187
0.247	0.43734812724185307
0.248	0.43287024322459144
0.249	0.4284450981809106
0.25	0.4240718857932873
0.251	0.4197498151455275
0.252	0.41547811036825233
0.253	0.4112560102940282
0.254	0.4070827681216765
0.255	0.40295765108961423
0.256	0.39887994015790046
0.257	0.3948489296986601
0.258	0.3908639271948085
0.259	0.38692425294660915
0.26	0.3830292397859514
0.261	0.3791782327981247
0.262	0.3753705890508001
0.263	0.37160567733003563
0.264	0.3678828778831095
0.265	0.36420158216794574
0.266	0.36056119260899727
0.267	0.356961122359311
0.268	0.3534007950686563
0.269	0.3498796446575338
0.27	0.34639711509688764
0.271	0.3429526601933396
0.272	0.33954574337978644
0.273	0.3361758375112411
0.274	0.33284242466573255
0.275	0.32954499595015335
0.276	0.32628305131085816
0.277	0.3230560993489499
0.278	0.3198636571400568
0.279	0.31670525005852507
0.28	0.31358041160589034
0.281	0.3104886832434406
0.28200000000000003	0.3074296142289034
0.28300000000000003	0.3044027614570087
0.28400000000000003	0.30140768930385936
0.28500000000000003	0.298443969475034
0.28600000000000003	0.2955111808573246
0.28700000000000003	0.2926089093739103
0.28800000000000003	0.2897367478430254
0.28900000000000003	0.2868942958399265
0.29	0.2840811595620661
0.291	0.2812969516974521
0.292	0.2785412912960702
0.293	0.27581380364423563
0.294	0.2731141201419293
0.295	0.27044187818287935
0.296	0.26779672103745383
0.297	0.26517829773820306
0.298	0.2625862629680109
0.299	0.26002027695079327
0.3	0.25748000534466753
0.301	0.25496511913753794
0.302	0.2524752945450139
0.303	0.2500102129106302
0.304	0.24756956060830218
0.305	0.24515302894691934
0.306	0.24276031407707604
0.307	0.24039111689991044
0.308	0.2380451429778278
0.309	0.23572210244731606
0.31	0.2334217099336229
0.311	0.2311436844672502
0.312	0.2288877494023329
0.313	0.22665363233675612
0.314	0.22444106503398123
0.315	0.2222497833465851
0.316	0.22007952714142065
0.317	0.21793004022642914
0.318	0.21580107027890608
0.319	0.2136923687754084
0.32	0.21160369092308068
0.321	0.20953479559245278
0.322	0.20748544525166057
0.323	0.2054554059019984
0.324	0.20344444701492034
0.325	0.20145234147024862
0.326	0.19947886549571905
0.327	0.19752379860780916
0.328	0.19558692355370458
0.329	0.19366802625457114
0.33	0.19176689574984832
0.331	0.18988332414288442
0.332	0.1880171065474562
0.333	0.18616804103556675
0.334	0.18433592858617898
0.335	0.1825205730350574
0.336	0.18072178102557743
0.337	0.1789393619605612
0.338	0.17717312795504508
0.339	0.17542289379001033
0.34	0.17368847686705813
0.341	0.1719696971639234
0.342	0.17026637719093124
0.343	0.168578341948282
0.34400000000000003	0.16690541888420288
0.34500000000000003	0.1652474378538729
0.34600000000000003	0.16360423107920952
0.34700000000000003	0.16197563310942378
0.34800000000000003	0.16036148078231544
0.34900000000000003	0.15876161318634077
0.35000000000000003	0.15717587162343574
0.35100000000000003	0.155604099572507
0.352	0.15404614265368705
0.353	0.15250184859319854
0.354	0.15097106718899572
0.355	0.14945365027691826
0.356	0.14794945169768042
0.357	0.14645832726426045
0.358	0.14498013473013427
0.359	0.1435147337579206
0.36	0.14206198588874797
0.361	0.1406217545120989
0.362	0.13919390483630953
0.363	0.13777830385954234
0.364	0.13637482034134296
0.365	0.13498332477472505
0.366	0.13360368935874406
0.367	0.1322357879715803
0.368	0.13087949614417727
0.369	0.12953469103427298
0.37	0.12820125140097827
0.371	0.12687905757976398
0.372	0.12556799145798142
0.373	0.1242679364507411
0.374	0.12297877747724902
0.375	0.12170040093764153
0.376	0.12043269469014486
0.377	0.11917554802869257
0.378	0.11792885166093758
0.379	0.11669249768664826
0.38	0.11546637957651913
0.381	0.1142503921513078
0.382	0.11304443156139209
0.383	0.11184839526662899
0.384	0.11066218201667043
0.385	0.1094856918315173
0.386	0.10831882598246113
0.387	0.10716148697336186
0.388	0.10601357852224941
0.389	0.1048750055432532
0.39	0.10374567412883687
0.391	0.10262549153232169
0.392	0.1015143661507659
0.393	0.10041220750805817
0.394	0.09931892623838871
0.395	0.0982344340699478
0.396	0.09715864380892192
0.397	0.09609146932374939
0.398	0.09503282552967447
0.399	0.09398262837353158
0.4	0.0929407948188104
0.401	0.09190724283094459
0.402	0.09088189136287764
0.403	0.089864660340862
0.404	0.08885547065048967
0.405	0.08785424412298638
0.406	0.08686090352168266
0.40700000000000003	0.08587537252871487
0.40800000000000003	0.08489757573204494
0.40900000000000003	0.08392743861255092
0.41000000000000003	0.08296488753141035
0.41100000000000003	0.0820098497177347
0.41200000000000003	0.08106225325627577
0.41300000000000003	0.0801220270754654
0.41400000000000003	0.07918910093560085
0.41500000000000004	0.07826340541717895
0.41600000000000004	0.07734487190950314
0.41700000000000004	0.0764334325993892
0.418	0.0755290204601548
0.419	0.07463156924069143
0.42	0.07374101345474186
0.421	0.07285728837041473
0.422	0.07198032999975705
0.423	0.07111007508859377
0.424	0.07024646110644149
0.425	0.06938942623668605
0.426	0.06853890936678708
0.427	0.06769485007877511
0.428	0.06685718863979662
0.429	0.06602586599284775
0.43	0.06520082374767115
0.431	0.0643820041717657
0.432	0.0635693501815353
0.433	0.06276280533360885
0.434	0.061962313816265525
0.435	0.06116782044101023
0.436	0.06037927063425231
0.437	0.05959661042918758
0.438	0.05881978645768851
0.439	0.058048745942430084
0.44	0.057283436689089424
0.441	0.05652380707862164
0.442	0.055769806059772005
0.443	0.05502138314156024
0.444	0.05427848838602481
0.445	0.05354107240093261
0.446	0.05280908633270372
0.447	0.052082481859419154
0.448	0.051361211183903806
0.449	0.05064522702695546
0.45	0.049934482620629474
0.451	0.049228931701685755
0.452	0.048528528505059676
0.453	0.047833227757500436
0.454	0.04714298467127148
0.455	0.04645775493793552
0.456	0.04577749472224779
0.457	0.045102160656151774
0.458	0.04443170983282037
0.459	0.04376609980083647
0.46	0.04310528855842551
0.461	0.04244923454779075
0.462	0.04179789664952303
0.463	0.041151234177071706
0.464	0.040509206871362
0.465	0.039871774895410765
0.466	0.03923889882905741
0.467	0.038610539663825896
0.468	0.037986658797737126
0.46900000000000003	0.03736721803030043
0.47000000000000003	0.03675217955752026
0.47100000000000003	0.03614150596704115
0.47200000000000003	0.03553516023329804
0.47300000000000003	0.03493310571272344
0.47400000000000003	0.03433530613910642
0.47500000000000003	0.033741725618946485
0.47600000000000003	0.03315232862690076
0.47700000000000004	0.032567080001275485
0.47800000000000004	0.03198594493959499
0.47900000000000004	0.03140888899428254
0.48	0.03083587806832138
0.481	0.03026687841098698
0.482	0.029701856613710116
0.483	0.029140779605912166
0.484	0.02858361465096918
0.485	0.028030329342176453
0.486	0.02748089159880958
0.487	0.026935269662219572
0.488	0.026393432091991548
0.489	0.025855347762150434
0.49	0.025320985857422866
0.491	0.024790315869549703
0.492	0.024263307593647903
0.493	0.02373993112460881
0.494	0.023220156853614973
0.495	0.02270395546459063
0.496	0.022191297930774102
0.497	0.021682155511354627
0.498	0.02117649974809246
0.499	0.020674302462045293
0.5	0.020175535750285224
0.5009999999999999	0.01968017198269446
0.502	0.019188183798811667
0.5029999999999999	0.018699544104678823
0.504	0.018214226069791728
0.5049999999999999	0.017732203123996287
0.506	0.017253448954570327
0.5069999999999999	0.016777937503198122
0.508	0.01630564296305713
0.5089999999999999	0.015836539775968436
0.51	0.015370602629509608
0.5109999999999999	0.014907806454243226
0.512	0.01444812642093562
0.5129999999999999	0.013991537937812602
0.514	0.013538016647865508
0.5149999999999999	0.013087538426208382
0.516	0.01264007937744252
0.5169999999999999	0.012195615833034636
0.518	0.011754124348830594
0.5189999999999999	0.011315581702450325
0.52	0.010879964890857704
0.5209999999999999	0.010447251127861023
0.522	0.010017417841713925
0.5229999999999999	0.009590442672707273
0.524	0.00916630347082765
0.5249999999999999	0.008744978293383299
0.526	0.008326445402726089
0.5269999999999999	0.007910683263977605
0.528	0.007497670542802592
0.5289999999999999	0.007087386103160107
0.53	0.006679809005133086
0.5309999999999999	0.006274918502758303
0.532	0.0058726940419226836
0.5329999999999999	0.005473115258233951
0.534	0.005076161974948949
0.5349999999999999	0.004686738208014681
0.536	0.004310017511878592
0.5369999999999999	0.003949657638348716
0.538	0.003608098536096764
0.5389999999999999	0.0032868243192676044
0.54	0.0029865767227152127
0.5409999999999999	0.0027075283649044993
0.542	0.002449422777424349
0.5429999999999999	0.0022116870140198126
0.544	0.0019935216885671957
0.5449999999999999	0.0017939724820882738
0.546	0.0016119864796728133
0.5469999999999999	0.0014464561286793424
0.548	0.0012962531325696849
0.5489999999999999	0.0011602541956153352
0.55	0.0010373602001575925
0.5509999999999999	0.0009265101196841776
0.552	0.0008266907388969629
0.5529999999999999	0.0007369430587555764
0.554	0.0006563661039191158
0.5549999999999999	0.0005841187167860216
0.556	0.0005194198119961418
0.5569999999999999	0.0004615474740590472
0.558	0.0004098372055538492
0.5589999999999999	0.00036367957145632415
0.56	0.00032251743436165415
0.5609999999999999	0.0002858429338167367
0.562	0.0002531943290879463
0.563	0.00022415279715641377
0.5640000000000001	0.00019833925545573107
0.565	0.00017541126092933239
0.5660000000000001	0.00015506002262134075
0.567	0.0001370075535875533
0.5680000000000001	0.00012100397889165089
0.569	0.00010682500939467478
0.5700000000000001	0.0000942695855874464
0.571	0.00008315769155307429
0.5720000000000001	0.00007332833602971856
0.573	0.00006463769526604634
0.5740000000000001	0.00005695741075364491
0.575	0.00005017303384284264
0.5760000000000001	0.0000441826085871561
0.577	0.00003889538382412313
0.5779999999999998	0.00003423064541131787
0.579	0.00003011665963496344
0.5799999999999998	0.00002648971904577868
0.581	0.000023293282313345423
0.5819999999999999	0.00002047720009520832
0.583	0.000017997019365593118
0.5839999999999999	0.00001581335912187309
0.585	0.000013891350869943549
0.5859999999999999	0.000012200137771226348
0.587	0.000010712426805733161
0.5879999999999999	9.404088761362786e-6
0.589	8.25380129511936e-6
0.5899999999999999	7.2427307243822755e-6
0.591	6.354248594033668e-6
0.5919999999999999	5.573679427335968e-6
0.593	4.888076404797289e-6
0.5939999999999999	4.286022026225704e-6
0.595	3.7574510974818753e-6
0.5959999999999999	3.29349364608533e-6
0.597	2.8863356099906183e-6
0.5979999999999999	2.529095362809703e-6
0.599	2.2157143378686035e-6
0.5999999999999999	1.9408601941191053e-6
0.601	1.6998411304431172e-6
0.6019999999999999	1.488530102619752e-6
0.603	1.303297830455092e-6
0.6039999999999999	1.1409536025282208e-6
0.605	9.986929938408009e-7
0.6059999999999999	8.740517084589327e-7
0.607	7.64864846019474e-7
0.6079999999999999	6.692309686801715e-7
0.609	5.854804145929789e-7
0.6099999999999999	5.12147366072519e-7
0.611	4.479452360532119e-7
0.6119999999999999	3.9174498584469425e-7
0.613	3.4255603122274586e-7
0.6139999999999999	2.995094330817978e-7
0.615	2.6184310373320686e-7
0.6159999999999999	2.2888879091404759e-7
0.617	2.0006062908670347e-7
0.6179999999999999	1.7484507203127674e-7
0.619	1.527920423947481e-7
0.6199999999999999	1.3350715306252938e-7
0.621	1.1664487223049933e-7
0.6219999999999999	1.0190251911769377e-7
0.623	8.90149905913583e-8
0.6239999999999999	7.77501307668192e-8
0.625	6.790466606953434e-8
0.6259999999999999	5.9300637459256827e-8
0.627	5.178226965352785e-8
0.6279999999999999	4.521322437256791e-8
0.629	3.947419096902401e-8
0.6299999999999999	3.4460773399964806e-8
0.631	3.0081637432788e-8
0.6319999999999999	2.6256886325474628e-8
0.633	2.291663705530773e-8
0.6339999999999999	1.9999772546666237e-8
0.635	1.745284832218186e-8
0.6359999999999999	1.5229134620576945e-8
0.637	1.3287777328365313e-8
0.6379999999999999	1.159306310044761e-8
0.639	1.0113775828616965e-8
0.6399999999999999	8.822633185213855e-9
0.641	7.695793348448766e-9
0.6419999999999999	6.712423227655921e-9
0.643	5.8543205725973926e-9
0.6439999999999999	5.105583285851621e-9
0.645	4.452320079690873e-9
0.6459999999999999	3.882397340455797e-9
0.647	3.385217696881742e-9
0.6479999999999999	2.9515263453642715e-9
0.649	2.5732416724209197e-9
0.6499999999999999	2.2433071438702663e-9
0.651	1.955561804922128e-9
0.6519999999999999	1.7046270654498787e-9
0.653	1.4858077328694164e-9
0.6539999999999999	1.2950055094572764e-9
0.655	1.1286433916563067e-9
0.6559999999999999	9.835996044669946e-10
0.657	8.571498739541407e-10
0.6579999999999999	7.469169905696522e-10
0.659	6.508267465899384e-10
0.6599999999999999	5.670694460469044e-10
0.661	4.940662852698639e-10
0.6619999999999999	4.3043999033944113e-10
0.663	3.7498917505637573e-10
0.6639999999999999	3.2666594962933574e-10
0.665	2.8455636980372396e-10
0.6659999999999999	2.4786336754421804e-10
0.667	2.15891849555555e-10
0.6679999999999999	1.8803568928194432e-10
0.669	1.6376637282703443e-10
0.6699999999999999	1.4262308909978136e-10
0.671	1.242040814591787e-10
0.6719999999999999	1.0815910045665788e-10
0.673	9.418281832982327e-11
0.6739999999999999	8.200908275769843e-11
0.675	7.140590363960886e-11
0.6759999999999999	6.217107956815808e-11
0.677	5.412838249112762e-11
0.6779999999999999	4.7124229656119965e-11
0.679	4.102478095491104e-11
0.6799999999999999	3.571340717019832e-11
0.681	3.1088482031531836e-11
0.6819999999999999	2.7061456814958843e-11
0.683	2.3555181474265175e-11
0.6839999999999999	2.050244062793051e-11
0.685	1.7844677025036213e-11
0.6859999999999999	1.5530878924261783e-11
0.687	1.3516609817120895e-11
0.688	1.1763162737787656e-11
0.6890000000000001	1.0236823168876216e-11
0.69	8.90822633380597e-12
0.6910000000000001	7.751797246155466e-12
0.692	6.745262545034843e-12
0.6930000000000001	5.869225206771586e-12
0.694	5.1067937423188005e-12
0.6950000000000001	4.443259221238197e-12
0.696	3.865813818893782e-12
0.6970000000000001	3.3633055511871007e-12
0.698	2.9260246135520513e-12
0.6990000000000001	2.545517232471577e-12
0.7	2.2144234066077022e-12
0.7010000000000001	1.9263358066168868e-12
0.702	1.6756764814972102e-12
0.7030000000000001	1.4575898893504347e-12
0.704	1.2678493622329508e-12
0.7049999999999998	1.1027757743380718e-12
0.706	9.591668664861816e-13
0.7069999999999999	8.342354704118234e-13
0.708	7.255557487531706e-13
0.7089999999999999	6.310165008712451e-13
0.71	5.487803008803609e-13
0.7109999999999999	4.772482493033929e-13
0.712	4.1502884905595947e-13
0.7129999999999999	3.6091129250181204e-13
0.714	3.1384195357270315e-13
0.7149999999999999	2.7290406232278544e-13
0.716	2.37299926384254e-13
0.7169999999999999	2.0633543890029202e-13
0.718	1.7940676670076837e-13
0.7189999999999999	1.5598850550253142e-13
0.72	1.3562362598228362e-13
0.7209999999999999	1.179144917491257e-13
0.722	1.0251514648510983e-13
0.7229999999999999	8.912468315207116e-14
0.724	7.748133738743854e-14
0.7249999999999999	6.735743544460246e-14
0.726	5.855492450283182e-14
0.7269999999999999	5.090149604101962e-14
0.728	4.42473374215923e-14
0.7289999999999999	3.8462142273795477e-14
0.73	3.343253493995018e-14
0.7309999999999999	2.9059902731447265e-14
0.732	2.5258573638547498e-14
0.7329999999999999	2.195396217014691e-14
0.734	1.908123624244009e-14
0.7349999999999999	1.6584016093912758e-14
0.736	1.4413246019781177e-14
0.7369999999999999	1.2526293945705068e-14
0.738	1.0886105636701273e-14
0.7389999999999999	9.460425305186709e-15
0.74	8.22125390647803e-15
0.7409999999999999	7.144227020729571e-15
0.742	6.208100240029589e-15
0.7429999999999999	5.3944997761475146e-15
0.744	4.6873776484644914e-15
0.7449999999999999	4.072810034150418e-15
0.746	3.538730124359509e-15
0.7469999999999999	3.0745944527235913e-15
0.748	2.6712644986959923e-15
0.7489999999999999	2.3207442311171023e-15
0.75	2.0161555245519255e-15
0.7509999999999999	1.7514763907277838e-15
0.752	1.5214780652605633e-15
0.7529999999999999	1.3216078167400396e-15
0.754	1.1479455293733489e-15
0.7549999999999999	9.970778077020017e-16
0.756	8.659643320600227e-16
0.7569999999999999	7.520583828569559e-16
0.758	6.531088439146675e-16
0.7589999999999999	5.671411390155245e-16
0.76	4.924444906057927e-16
0.7609999999999999	4.275300045117463e-16
0.762	3.711499145835066e-16
0.7629999999999999	3.2215354852549647e-16
0.764	2.7962058926155587e-16
0.7649999999999999	2.4267454581915334e-16
0.766	2.1055665944695723e-16
0.7669999999999999	1.8264345672256112e-16
0.768	1.5840567343551326e-16
0.7689999999999999	1.3736744492820308e-16
0.77	1.1909620446443907e-16
0.7709999999999999	1.0326328719949411e-16
0.772	8.951054315836265e-17
0.7729999999999999	7.755397964762814e-17
0.774	6.717115605368118e-17
0.7749999999999999	5.81812784688759e-17
0.776	5.0384041765712256e-17
0.7769999999999999	4.360113610385981e-17
0.778	3.7695608887992927e-17
0.7789999999999999	3.257159619585858e-17
0.78	2.814361263502929e-17
0.7809999999999999	2.429628724742304e-17
0.782	2.096613407115003e-17
0.7829999999999999	1.8079143499458386e-17
0.784	1.5582478737920237e-17
0.7849999999999999	1.340295679365511e-17
0.786	1.1519004844480272e-17
0.7869999999999999	9.867810087357402e-18
0.788	8.458793014626494e-18
0.7889999999999999	7.239242382162718e-18
0.79	6.188418226217212e-18
0.7909999999999999	5.274777904352419e-18
0.792	4.487674655811783e-18
0.7929999999999999	3.826284252178885e-18
0.794	3.2289015062502434e-18
0.7949999999999999	2.7060461936646577e-18
0.796	2.2974288125238835e-18
0.7969999999999999	1.9511729364679535e-18
0.798	1.6473671303876202e-18
0.7989999999999999	1.3857346223144152e-18
0.8	1.1660007215823685e-18
0.8009999999999999	9.574492280695432e-19
0.802	7.806971849108532e-19
0.8029999999999999	6.148468097997622e-19
0.804	4.805172639494961e-19
0.8049999999999999	3.5681286394339395e-19
0.806	2.643548513996161e-19
0.8069999999999999	1.8224960423929167e-19
0.808	1.0067683187018549e-19
0.8089999999999999	1.9632560175483857e-20
0.81	0.
0.8109999999999999	0.
0.812	0.
0.813	0.
0.8140000000000001	0.
0.815	0.
0.8160000000000001	0.
0.817	0.
0.8180000000000001	0.
0.819	0.
0.8200000000000001	0.
0.821	0.
0.8220000000000001	0.
0.823	0.
0.8240000000000001	0.
0.825	0.
0.8260000000000001	0.
0.827	0.
0.8280000000000001	0.
0.829	0.
0.8300000000000001	0.
0.831	0.
0.8320000000000001	0.
0.833	0.
0.8339999999999999	0.
0.835	0.
0.8359999999999999	0.
0.837	0.
0.8379999999999999	0.
0.839	0.
0.8399999999999999	0.
0.841	0.
0.8419999999999999	0.
0.843	0.
0.8439999999999999	0.
0.845	0.
0.8459999999999999	0.
0.847	0.
0.8479999999999999	0.
0.849	0.
0.8499999999999999	0.
0.851	0.
0.8519999999999999	0.
0.853	0.
0.8539999999999999	0.
0.855	0.
0.8559999999999999	0.
0.857	0.
0.8579999999999999	0.
0.859	0.
0.8599999999999999	0.
0.861	0.
0.8619999999999999	0.
0.863	0.
0.8639999999999999	0.
0.865	0.
0.8659999999999999	0.
0.867	0.
0.8679999999999999	0.
0.869	0.
0.8699999999999999	0.
0.871	0.
0.8719999999999999	0.
0.873	0.
0.8739999999999999	0.
0.875	0.
0.8759999999999999	0.
0.877	0.
0.8779999999999999	0.
0.879	0.
0.8799999999999999	0.
0.881	0.
0.8819999999999999	0.
0.883	0.
0.8839999999999999	0.
0.885	0.
0.8859999999999999	0.
0.887	0.
0.8879999999999999	0.
0.889	0.
0.8899999999999999	0.
0.891	0.
0.8919999999999999	0.
0.893	0.
0.8939999999999999	0.
0.895	0.
0.8959999999999999	0.
0.897	0.
0.8979999999999999	0.
0.899	0.
0.8999999999999999	0.
0.901	0.
0.9019999999999999	0.
0.903	0.
0.9039999999999999	0.
0.905	0.
0.9059999999999999	0.
0.907	0.
0.9079999999999999	0.
0.909	0.
0.9099999999999999	0.
0.911	0.
0.9119999999999999	0.
0.913	0.
0.9139999999999999	0.
0.915	0.
0.9159999999999999	0.
0.917	0.
0.9179999999999999	0.
0.919	0.
0.9199999999999999	0.
0.921	0.
0.9219999999999999	0.
0.923	0.
0.9239999999999999	0.
0.925	0.
0.9259999999999999	0.
0.927	0.
0.9279999999999999	0.
0.929	0.
0.9299999999999999	0.
0.931	0.
0.9319999999999999	0.
0.933	0.
0.9339999999999999	0.
0.935	0.
0.9359999999999999	0.
0.937	0.
0.938	0.
0.9390000000000001	0.
0.94	0.
0.9410000000000001	0.
0.942	0.
0.9430000000000001	0.
0.944	0.
0.9450000000000001	0.
0.946	0.
0.9470000000000001	0.
0.948	0.
0.9490000000000001	0.
0.95	0.
0.9510000000000001	0.
0.952	0.
0.9530000000000001	0.
0.954	0.
0.9550000000000001	0.
0.956	0.
0.9570000000000001	0.
0.958	0.
0.9590000000000001	0.
0.96	0.
0.9609999999999999	0.
0.962	0.
0.9629999999999999	0.
0.964	0.
0.9649999999999999	0.
0.966	0.
0.9669999999999999	0.
0.968	0.
0.9689999999999999	0.
0.97	0.
0.9709999999999999	0.
0.972	0.
0.9729999999999999	0.
0.974	0.
0.9749999999999999	0.
0.976	0.
0.9769999999999999	0.
0.978	0.
0.9789999999999999	0.
0.98	0.
0.9809999999999999	0.
0.982	0.
0.9829999999999999	0.
0.984	0.
0.9849999999999999	0.
0.986	0.
0.9869999999999999	0.
0.988	0.
0.9889999999999999	0.
0.99	0.
0.9909999999999999	0.
0.992	0.
0.9929999999999999	0.
0.994	0.
0.9949999999999999	0.
0.996	0.
0.9969999999999999	0.
0.998	0.
0.9989999999999999	0.
1.	0.