0	0.
0.001	0.
0.002	0.
0.003	0.
0.004	0.
0.005	0.
0.006	0.
0.007	0.
0.008	0.
0.009000000000000001	0.
0.010000000000000002	0.
0.011	0.
0.012	0.
0.013000000000000001	0.
0.014000000000000002	0.
0.015	0.
0.016	0.
0.017	0.
0.018000000000000002	0.
0.019000000000000003	0.
0.02	0.
0.021	0.
0.022	0.
0.023	0.
0.024	0.
0.025	0.
0.026000000000000002	0.
0.027000000000000003	0.
0.028	0.
0.029	0.
0.03	0.
0.031	0.
0.032	0.
0.033	0.
0.034	0.
0.035	0.
0.036000000000000004	0.
0.037000000000000005	0.
0.038	0.
0.039	0.
0.04	0.
0.041	0.
0.042	0.
0.043000000000000003	0.
0.044	0.
0.045	0.
0.046	0.
0.047	0.
0.048	0.
0.049	0.
0.05	0.
0.051000000000000004	0.
0.052000000000000005	0.
0.053000000000000005	0.
0.054	0.
0.055	0.
0.056	0.
0.057	0.
0.058	0.
0.059000000000000004	0.
0.06	0.
0.061	0.
0.062	0.
0.063	0.
0.064	0.
0.065	0.
0.066	0.
0.067	0.
0.068	0.
0.069	0.
0.07	0.
0.07100000000000001	0.
0.07200000000000001	0.
0.07300000000000001	0.
0.074	0.
0.075	0.
0.076	0.
0.077	0.
0.078	0.
0.079	0.
0.08	0.
0.081	0.
0.082	0.
0.083	0.
0.084	0.
0.085	0.
0.08600000000000001	0.
0.08700000000000001	0.
0.088	0.
0.089	0.
0.09	0.
0.091	0.
0.092	0.
0.093	0.
0.094	0.
0.095	0.
0.096	0.
0.097	0.
0.098	0.
0.099	0.
0.1	0.
0.101	5.219607312105187e-7
0.10200000000000001	8.284878878197935e-6
0.10300000000000001	0.00003728767228618421
0.10400000000000001	0.00010578117378333307
0.10500000000000001	0.00023439122264221247
0.106	0.0004449385968743765
0.107	0.0007596578575137603
0.108	0.0012006640839110998
0.109	0.001789582973239185
0.11	0.0025472932125055817
0.111	0.0034937484077395727
0.112	0.004647856674896631
0.113	0.006027402721640455
0.114	0.007649001613752525
0.115	0.009528076354877778
0.116	0.011678853440752337
0.117	0.014114371991641558
0.11800000000000001	0.016846503112252238
0.11900000000000001	0.019885976899795498
0.12	0.023242415098823768
0.121	0.026924367840228256
0.122	0.030939353238705225
0.123	0.03529389888428937
0.124	0.03999358446792595
0.125	0.04504308494208866
0.126	0.050446213745138774
0.127	0.056205965719911405
0.128	0.06232455943852024
0.129	0.06880347871087175
0.13	0.07564351310716674
0.131	0.08284479736729054
0.132	0.09040684960446091
0.133	0.09832860823837385
0.134	0.10660846761562824
0.135	0.11524431229340132
0.136	0.12423354997699845
0.137	0.13357314311365123
0.138	0.14325963915431295
0.139	0.1532891995026247
0.14	0.16365762717604224
0.14100000000000001	0.17436039320861427
0.14200000000000002	0.18539266182831496
0.14300000000000002	0.1967493144443512
0.14400000000000002	0.20842497248165026
0.14500000000000002	0.22041401910091585
0.146	0.23271061984332758
0.147	0.2453087422392473
0.148	0.25820217442025106
0.149	0.2713845427735069
0.15	0.2848493286769964
0.151	0.29858988435339734
0.152	0.31259944787962973
0.153	0.32687115738814687
0.154	0.3413980644950668
0.155	0.35617314698918284
0.156	0.371189320814816
0.157	0.3864394513803525
0.158	0.4019163642231989
0.159	0.4176128550607546
0.16	0.43352169925589307
0.161	0.44963566072433064
0.162	0.46594750031018184
0.163	0.48244998365492714
0.164	0.4991358885839818
0.165	0.5159980120340446
0.166	0.5330291765434066
0.167	0.5502222363264614
0.168	0.5675700829527227
0.169	0.5850656506497706
0.17	0.6027019212486803
0.171	0.6204719287896645
0.17200000000000001	0.6383687638048581
0.17300000000000001	0.6563855772944168
0.17400000000000002	0.6745155844113496
0.17500000000000002	0.6927520678698164
0.176	0.7110883810909384
0.177	0.7295179510995143
0.178	0.7480342811844259
0.179	0.7666309533349166
0.18	0.7853016304643567
0.181	0.8040400584325735
0.182	0.8228400678772935
0.183	0.8416955758647591
0.184	0.8606005873691022
0.185	0.879549196589602
0.186	0.8985355881145336
0.187	0.9175540379398847
0.188	0.9365989143508402
0.189	0.9556646786735423
0.19	0.9747458859042982
0.191	0.9938371852230385
0.192	1.0129333203975228
0.193	1.032029130084471
0.194	1.0511195480335047
0.195	1.0701996031994925
0.196	1.0892644197686343
0.197	1.108309217103356
0.198	1.1273293096108412
0.199	1.146320106539796
0.2	1.1652771117098089
0.201	1.1841959231774783
0.202	1.2030722328432557
0.203	1.221901826002757
0.20400000000000001	1.2406805808461436
0.20500000000000002	1.2594044679089564
0.20600000000000002	1.2780695494776468
0.20700000000000002	1.296671978952877
0.20800000000000002	1.3152080001735216
0.20900000000000002	1.3336739467041419
0.21	1.3520662410885784
0.211	1.3703813940721692
0.212	1.388616003794978
0.213	1.406766754958303
0.214	1.4248304179666091
0.215	1.4428038480469254
0.216	1.4606839843476505
0.217	1.478467849018614
0.218	1.4961525462741088
0.219	1.5137352614405926
0.22	1.5312132599905903
0.221	1.548583886564309
0.222	1.5658445639803724
0.223	1.5829927922370035
0.224	1.600026147504925
0.225	1.616942281113189
0.226	1.6337389185290456
0.227	1.6504138583329477
0.228	1.6669649711896977
0.229	1.6833901988166893
0.23	1.6996875529501654
0.231	1.715855114310332
0.232	1.7318910315661564
0.233	1.7477935203005903
0.234	1.76356086197695
0.23500000000000001	1.779191402907136
0.23600000000000002	1.7946835532223044
0.23700000000000002	1.8100357858466285
0.23800000000000002	1.8252466354746717
0.23900000000000002	1.8403146975529399
0.24	1.8552386272660755
0.241	1.870017138528193
0.242	1.8846490029797656
0.243	1.8991330489904807
0.244	1.9134681606684476
0.245	1.9276532768761103
0.246	1.941687390253192
0.247	1.9555695462469973
0.248	1.9692988421503221
0.249	1.9828744261472908
0.25	1.9962954963673036
0.251	2.0095612999473618
0.252	2.0226711321029858
0.253	2.0356243352078605
0.254	2.0484202978824646
0.255	2.061058454091764
0.256	2.0735382822521715
0.257	2.085859304347863
0.258	2.0980210850566072
0.259	2.1100232308851607
0.26	2.1218653893143875
0.261	2.1335472479541058
0.262	2.145068533707815
0.263	2.156429011947286
0.264	2.1676284856971355
0.265	2.1786667948293474
0.266	2.189543815267863
0.267	2.200259458203189
0.268	2.2108136693170706
0.269	2.2212064280172465
0.27	2.2314377466822735
0.271	2.241507669916419
0.272	2.2514162738146086
0.273	2.261163665237418
0.274	2.270749981096091
0.275	2.280175387647531
0.276	2.289440079799271
0.277	2.2985442804243505
0.278	2.3074882396860787
0.279	2.316272234372623
0.28	2.324896567241404
0.281	2.333361566373196
0.28200000000000003	2.341667584535914
0.28300000000000003	2.349814998558012
0.28400000000000003	2.3578042087114537
0.28500000000000003	2.365635638104127
0.28600000000000003	2.373309732081728
0.28700000000000003	2.38082695763895
0.28800000000000003	2.38818780283998
0.28900000000000003	2.395392776248184
0.29	2.4024424063649006
0.291	2.409337241077327
0.292	2.4160778471153077
0.293	2.4226648095170726
0.294	2.429098731103723
0.295	2.4353802319624815
0.296	2.441509948938536
0.297	2.4474885351354616
0.298	2.453316659424083
0.299	2.458995005959716
0.3	2.464524273707692
0.301	2.469905175977091
0.302	2.47513843996255
0.303	2.480224806294116
0.304	2.4851650285950093
0.305	2.4899598730472166
0.306	2.494610117964848
0.307	2.499116553375124
0.308	2.50347998060693
0.309	2.507701211886852
0.31	2.51178106994258
0.311	2.515720387613591
0.312	2.519520007469054
0.313	2.52318078143282
0.314	2.526703570415425
0.315	2.5300892439530402
0.316	2.5333386798532347
0.317	2.536452763847497
0.318	2.5394323892504067
0.319	2.5422784566253642
0.32	2.5449918734568393
0.321	2.5475735538289395
0.322	2.5500244181103597
0.323	2.5523453926454933
0.324	2.5545374094516937
0.325	2.556601405922582
0.326	2.5585383245373046
0.327	2.560349112575683
0.328	2.562034721839117
0.329	2.5635961083772467
0.33	2.565034232220186
0.331	2.566350057116335
0.332	2.5675445502756506
0.333	2.5686186821182586
0.334	2.5695734260284286
0.335	2.5704097581137164
0.336	2.571128656969266
0.337	2.571731103447199
0.338	2.572218080430944
0.339	2.5725905726145353
0.34	2.5728495662866933
0.341	2.5729960491197086
0.342	2.5730310099629765
0.343	2.5729554386411873
0.34400000000000003	2.572770325757018
0.34500000000000003	2.572476662498316
0.34600000000000003	2.572075440449691
0.34700000000000003	2.5715676514084014
0.34800000000000003	2.5709542872045374
0.34900000000000003	2.570236339525386
0.35000000000000003	2.5694147997438965
0.35100000000000003	2.568490658751236
0.352	2.567464906793318
0.353	2.5663385333112543
0.354	2.5651125267856805
0.355	2.5637878745848672
0.356	2.5623655628165665
0.357	2.560846576183538
0.358	2.559231897842678
0.359	2.5575225092676894
0.36	2.5557193901152866
0.361	2.553823518094753
0.362	2.551835868840941
0.363	2.549757415790551
0.364	2.547589130061685
0.365	2.545331980336587
0.366	2.5429869327475254
0.367	2.540554950765802
0.368	2.538036995093747
0.369	2.535434023559741
0.37	2.5327469910161353
0.371	2.5299768492400974
0.372	2.5271245468372157
0.373	2.524191029147956
0.374	2.5211772381567887
0.375	2.518084112404034
0.376	2.5149125869003175
0.377	2.51166359304361
0.378	2.508338058538819
0.379	2.504936907319846
0.38	2.501461059474112
0.381	2.4979114311694617
0.382	2.4942889345834494
0.383	2.4905944778348963
0.384	2.48682896491776
0.385	2.4829932956371876
0.386	2.4790883655477947
0.387	2.4751150658940415
0.388	2.471074283552764
0.389	2.466966900977703
0.39	2.4627937961461166
0.391	2.458555842507344
0.392	2.4542539089333046
0.393	2.449888859670942
0.394	2.4454615542965046
0.395	2.4409728476716688
0.396	2.436423589901478
0.397	2.431814626294008
0.398	2.4271467973217975
0.399	2.4224209385849558
0.4	2.4176378807759162
0.401	2.4127984496458432
0.402	2.4079034659726077
0.403	2.4029537455303425
0.404	2.3979500990605036
0.405	2.392893332244463
0.406	2.387784245677535
0.40700000000000003	2.3826236348444567
0.40800000000000003	2.3774122900962777
0.40900000000000003	2.3721509966286107
0.41000000000000003	2.366840534461254
0.41100000000000003	2.3614816784191066
0.41200000000000003	2.35607519811441
0.41300000000000003	2.350621857930215
0.41400000000000003	2.3451224170051326
0.41500000000000004	2.3395776292192294
0.41600000000000004	2.3339882431812002
0.41700000000000004	2.3283550022165977
0.418	2.322678644357279
0.419	2.316959902331917
0.42	2.311199503557601
0.421	2.3053981701325186
0.422	2.29955661882964
0.423	2.2936755610914434
0.424	2.2877557030256175
0.425	2.2817977454017426
0.426	2.2758023836488994
0.427	2.2697703078542184
0.428	2.263702202762317
0.429	2.2575987477756323
0.43	2.2514606169555966
0.431	2.2452884790246794
0.432	2.239082997369216
0.433	2.23284483004306
0.434	2.2265746297720153
0.435	2.2202730439590153
0.436	2.2139407146900543
0.437	2.207578278740861
0.438	2.2011863675842345
0.439	2.194765607398118
0.44	2.1883166190743193
0.441	2.181840018227881
0.442	2.175336415207106
0.443	2.168806415104186
0.444	2.162250617766452
0.445	2.1556696178082104
0.446	2.1490640046231313
0.447	2.1424343623972244
0.448	2.135781270122348
0.449	2.1291053016102315
0.45	2.122407025507036
0.451	2.115687005308391
0.452	2.1089457993749336
0.453	2.1021839609483095
0.454	2.0954020381676375
0.455	2.0886005740864126
0.456	2.0817801066898567
0.457	2.074941168912648
0.458	2.068084288657113
0.459	2.061209988811777
0.46	2.05431878727029
0.461	2.0474111969507502
0.462	2.0404877258153697
0.463	2.033548876890476
0.464	2.026595148286887
0.465	2.019627033220558
0.466	2.0126450200335926
0.467	2.005649592215522
0.468	1.998641228424893
0.46900000000000003	1.9916204025111353
0.47000000000000003	1.984587583536709
0.47100000000000003	1.9775432357994953
0.47200000000000003	1.9704878188554646
0.47300000000000003	1.9634217875415698
0.47400000000000003	1.956345591998883
0.47500000000000003	1.9492596776959565
0.47600000000000003	1.942164485452406
0.47700000000000004	1.9350604514626886
0.47800000000000004	1.9279480073200839
0.47900000000000004	1.9208275800408858
0.48	1.9136995920887478
0.481	1.906564461399223
0.482	1.8994226014044573
0.483	1.8922744210580662
0.484	1.8851203248601276
0.485	1.8779607128823543
0.486	1.8707959807933765
0.487	1.8636265198841688
0.488	1.856452717093602
0.489	1.8492749550340946
0.49	1.8420936120174018
0.491	1.8349090620804753
0.492	1.8277216750114447
0.493	1.8205318163756776
0.494	1.8133398475419302
0.495	1.8061461257085663
0.496	1.7989510039298602
0.497	1.7917548311423614
0.498	1.7845579521913202
0.499	1.7773607078571652
0.5	1.7701634348820423
0.5009999999999999	1.7629664659963875
0.502	1.7557701299455437
0.5029999999999999	1.748574751516415
0.504	1.7413806515641412
0.5049999999999999	1.7341881470388134
0.506	1.7269975510121978
0.5069999999999999	1.7198091727044815
0.508	1.7126233175110195
0.5089999999999999	1.7054402870291077
0.51	1.6982603790847395
0.5109999999999999	1.691083887759367
0.512	1.6839111034166725
0.5129999999999999	1.6767423127292957
0.514	1.6695777987055918
0.5149999999999999	1.6624178407163321
0.516	1.6552627145214072
0.5169999999999999	1.6481126922965024
0.518	1.6409680426597344
0.5189999999999999	1.633829030698278
0.52	1.6266959179949305
0.5209999999999999	1.6195689626546552
0.522	1.6124484193310955
0.5229999999999999	1.6053345392530134
0.524	1.598227570250697
0.5249999999999999	1.5911277567823292
0.526	1.5840353399602887
0.5269999999999999	1.5769505575773912
0.528	1.5698736441330887
0.5289999999999999	1.5628048308595892
0.53	1.5557443457479314
0.5309999999999999	1.5486924135739744
0.532	1.5416492559243318
0.5329999999999999	1.5346150912222225
0.534	1.5275901347532679
0.5349999999999999	1.52057459869119
0.536	1.513568692123445
0.5369999999999999	1.506572621076781
0.538	1.4995865885426942
0.5389999999999999	1.4926107945028195
0.54	1.485645435954235
0.5409999999999999	1.4786907069346622
0.542	1.4717467985475923
0.5429999999999999	1.4648138989873125
0.544	1.457892193563848
0.5449999999999999	1.4509818647277977
0.546	1.444083092095073
0.5469999999999999	1.4371960524715588
0.548	1.4303209198776508
0.5489999999999999	1.4234578655726982
0.55	1.4166070580793586
0.5509999999999999	1.4097686632078164
0.552	1.402942844079952
0.5529999999999999	1.3961297611533303
0.554	1.3893295722451513
0.5549999999999999	1.382542432556044
0.556	1.3757684946937778
0.5569999999999999	1.3690079086968465
0.558	1.362260822057956
0.5589999999999999	1.3555273797473757
0.56	1.3488077242362067
0.5609999999999999	1.3421019955195084
0.562	1.335410331139315
0.563	1.3287328662075568
0.5640000000000001	1.3220697334288263
0.565	1.3154210631230667
0.5660000000000001	1.3087869832480976
0.567	1.3021676194220724
0.5680000000000001	1.2955630949457644
0.569	1.2889735308247647
0.5700000000000001	1.2823990457915513
0.571	1.275839756327427
0.5720000000000001	1.2692957766843496
0.573	1.2627672189066141
0.5740000000000001	1.2562541928524513
0.575	1.2497568062154532
0.5760000000000001	1.2432751645459161
0.577	1.236809371272037
0.5779999999999998	1.2303595277209827
0.579	1.223925733139845
0.5799999999999998	1.2175080847164665
0.581	1.2111066776001338
0.5819999999999999	1.2047216049221408
0.583	1.1983529578162488
0.5839999999999999	1.1920008254389922
0.585	1.185665294989867
0.5859999999999999	1.1793464517313992
0.587	1.1730443790090712
0.5879999999999999	1.1667591582711367
0.589	1.160490869088293
0.5899999999999999	1.1542395891732347
0.591	1.1480053944000743
0.5919999999999999	1.141788358823645
0.593	1.1355885546986537
0.5939999999999999	1.1294060524987337
0.595	1.1232409209353476
0.5959999999999999	1.117093226976573
0.597	1.1109630358657594
0.5979999999999999	1.1048504111400466
0.599	1.0987554146487808
0.5999999999999999	1.0926781065717692
0.601	1.0866185454374344
0.6019999999999999	1.0805767881408292
0.603	1.0745528899615266
0.6039999999999999	1.068546904581382
0.605	1.0625588841021667
0.6059999999999999	1.0565888790630849
0.607	1.050636938458147
0.6079999999999999	1.0447031097534332
0.609	1.038787438904219
0.6099999999999999	1.0328899703719867
0.611	1.0270107471412964
0.6119999999999999	1.021149810736545
0.613	1.0153072316224798
0.6139999999999999	1.0094831928596308
0.615	1.0036778724365638
0.6159999999999999	0.9978914432584755
0.617	0.9921240732279836
0.6179999999999999	0.9863759253248378
0.619	0.9806471576845669
0.6199999999999999	0.9749379236760772
0.621	0.9692483719782014
0.6219999999999999	0.9635786466552299
0.623	0.957928887231421
0.6239999999999999	0.9522992287645211
0.625	0.946689801918275
0.6259999999999999	0.9411007330339818
0.627	0.9355321442010714
0.6279999999999999	0.9299841533267275
0.629	0.9244568742045781
0.6299999999999999	0.918950416582449
0.631	0.9134648862292015
0.6319999999999999	0.9080003850006588
0.633	0.9025570109046476
0.6339999999999999	0.8971348581651389
0.635	0.8917340172855325
0.6359999999999999	0.8863545751110601
0.637	0.8809966148903572
0.6379999999999999	0.8756602163361695
0.639	0.870345455685251
0.6399999999999999	0.865052405757427
0.641	0.8597811360138498
0.6419999999999999	0.8545317126144532
0.643	0.8493041984746234
0.6439999999999999	0.8440986533210754
0.645	0.8389151337469751
0.6459999999999999	0.833753693266281
0.647	0.8286143823673572
0.6479999999999999	0.82349724856582
0.649	0.8184023364566656
0.6499999999999999	0.8133296877656773
0.651	0.8082793414001017
0.6519999999999999	0.8032513334986348
0.653	0.7982456974807002
0.6539999999999999	0.7932624640950507
0.655	0.788301661467676
0.6559999999999999	0.7833633151490451
0.657	0.7784474481606967
0.6579999999999999	0.7735540810411559
0.659	0.7686832318912182
0.6599999999999999	0.7638349164185925
0.661	0.7590091479819149
0.6619999999999999	0.7542059376341333
0.663	0.7494252941652908
0.6639999999999999	0.7446672241446941
0.665	0.7399317319624787
0.6659999999999999	0.7352188198705989
0.667	0.7305284880232187
0.6679999999999999	0.7258607345165314
0.669	0.7212155554280181
0.6699999999999999	0.71659294485513
0.671	0.7119928949534281
0.6719999999999999	0.7074153959741718
0.673	0.7028604363013664
0.6739999999999999	0.6983280024882746
0.675	0.6938180792934076
0.6759999999999999	0.6893306497159913
0.677	0.6848656950309198
0.6779999999999999	0.6804231948232032
0.679	0.6760031270219158
0.6799999999999999	0.6716054679336455
0.681	0.6672301922754633
0.6819999999999999	0.6628772732074061
0.683	0.6585466823644859
0.6839999999999999	0.6542383898882282
0.685	0.6499523644577515
0.6859999999999999	0.6456885733203864
0.687	0.6414469823218434
0.688	0.6372275559359366
0.6890000000000001	0.6330302572938722
0.69	0.6288550482130918
0.6910000000000001	0.6247018892256958
0.692	0.6205707396064504
0.6930000000000001	0.6164615574003568
0.694	0.6123742994498321
0.6950000000000001	0.6083089214214653
0.696	0.6042653778323858
0.6970000000000001	0.6002436220762276
0.698	0.5962436064486992
0.6990000000000001	0.5922652821727853
0.7	0.5883085994235444
0.7010000000000001	0.5843735073525504
0.702	0.5804599541119484
0.7030000000000001	0.5765678868781591
0.704	0.5726972518752063
0.7049999999999998	0.568847994397704
0.706	0.5650200588334751
0.7069999999999999	0.5612133886858383
0.708	0.5574279265955436
0.7089999999999999	0.5536636143623711
0.71	0.5499203929663972
0.7109999999999999	0.5461982025889314
0.712	0.5424969826331285
0.7129999999999999	0.5388166717442798
0.714	0.5351572078297858
0.7149999999999999	0.5315185280788262
0.716	0.5279005689817011
0.7169999999999999	0.5243032663488987
0.718	0.5207265553298311
0.7189999999999999	0.5171703704312993
0.72	0.5136346455356527
0.7209999999999999	0.5101193139186637
0.722	0.5066243082671191
0.7229999999999999	0.50314956069613
0.724	0.49969500276616863
0.7249999999999999	0.49626056549982395
0.726	0.4928461793982968
0.7269999999999999	0.4894517744576231
0.728	0.4860772801846424
0.7289999999999999	0.48272262561269436
0.73	0.47938773931707823
0.7309999999999999	0.47607254943024346
0.732	0.4727769836567431
0.7329999999999999	0.46950096928793844
0.734	0.46624443321646186
0.7349999999999999	0.46300730195044215
0.736	0.45978950162749327
0.7369999999999999	0.4565909580284741
0.738	0.4534115965910144
0.7389999999999999	0.4502513424228246
0.74	0.44711012031476843
0.7409999999999999	0.44398785475372987
0.742	0.4408844699352567
0.7429999999999999	0.4377998897759911
0.744	0.4347340379258891
0.7449999999999999	0.43168683778023703
0.746	0.4286582124914539
0.7469999999999999	0.4256480849807019
0.748	0.42265637794929023
0.7489999999999999	0.4196830138898855
0.75	0.4167279150975271
0.7509999999999999	0.413791003680453
0.752	0.4108722015707351
0.7529999999999999	0.407971430534729
0.754	0.40508861218334097
0.7549999999999999	0.40222366798211645
0.756	0.3993765192611429
0.7569999999999999	0.39654708722478693
0.758	0.3937352929612493
0.7589999999999999	0.39094105745195407
0.76	0.3881643015807677
0.7609999999999999	0.38540494614305143
0.762	0.38266291185455004
0.7629999999999999	0.37993811936012045
0.764	0.3772304892423002
0.7649999999999999	0.37453994202971735
0.766	0.37186639820534567
0.7669999999999999	0.36920977821461354
0.768	0.3665700024733515
0.7689999999999999	0.3639469913756011
0.77	0.36134066530126996
0.7709999999999999	0.358750944623652
0.772	0.35617774971679395
0.7729999999999999	0.35362100096273136
0.774	0.3510806187585821
0.7749999999999999	0.34855652352350525
0.776	0.3460486357055231
0.7769999999999999	0.34355687578821653
0.778	0.3410811642972838
0.7789999999999999	0.3386214218069756
0.78	0.3361775689463991
0.7809999999999999	0.3337495264057037
0.782	0.3313372149421371
0.7829999999999999	0.32894055538598377
0.784	0.32655946864638347
0.7849999999999999	0.32419387571703207
0.786	0.3218436976817675
0.7869999999999999	0.31950885572003607
0.788	0.3171892711122568
0.7889999999999999	0.3148848652450626
0.79	0.31259555961644103
0.7909999999999999	0.3103212758407649
0.792	0.3080619356537131
0.7929999999999999	0.3058174609170931
0.794	0.30358777362355654
0.7949999999999999	0.3013727959012119
0.796	0.2991724500181432
0.7969999999999999	0.29698665838682387
0.798	0.29481534356843614
0.7989999999999999	0.2926584282770965
0.8	0.2905158353839854
0.8009999999999999	0.2883874879213819
0.802	0.2862733090866134
0.8029999999999999	0.28417322224590724
0.804	0.28208715093816134
0.8049999999999999	0.28001501887862174
0.806	0.2779567499624782
0.8069999999999999	0.2759122682683733
0.808	0.27388149806182804
0.8089999999999999	0.27186436379858625
0.81	0.2698607901278776
0.8109999999999999	0.2678707018956012
0.812	0.26589402414743146
0.813	0.26393068213184534
0.8140000000000001	0.26198060130307593
0.815	0.26004370732398685
0.8160000000000001	0.25811992606887985
0.817	0.25620918362622364
0.8180000000000001	0.25431140630131466
0.819	0.2524265206188667
0.8200000000000001	0.25055445332553067
0.821	0.2486951313923486
0.8220000000000001	0.2468484820171373
0.823	0.2450144326268096
0.8240000000000001	0.24319291087962766
0.825	0.2413838446673953
0.8260000000000001	0.23958716211758393
0.827	0.23780279159540024
0.8280000000000001	0.23603066170579098
0.829	0.23427070129538766
0.8300000000000001	0.2325228394543942
0.831	0.23078700551841325
0.8320000000000001	0.22906312907022
0.833	0.2273511399414755
0.8339999999999999	0.2256509682143881
0.835	0.2239625442233176
0.8359999999999999	0.22228579855632818
0.837	0.2206206620566886
0.8379999999999999	0.21896706582431966
0.839	0.21732494121719073
0.8399999999999999	0.21569421985266796
0.841	0.2140748336088109
0.8419999999999999	0.21246671462562317
0.843	0.21086979530625494
0.8439999999999999	0.20928400831815544
0.845	0.2077092865941846
0.8459999999999999	0.20614556333367684
0.847	0.20459277200345977
0.8479999999999999	0.20305084633882928
0.849	0.20151972034448515
0.8499999999999999	0.19999932829541864
0.851	0.1984896047377637
0.8519999999999999	0.19699048448960435
0.853	0.19550190264174247
0.8539999999999999	0.1940237945584274
0.855	0.19255609587804645
0.8559999999999999	0.1910987425137753
0.857	0.18965167065419458
0.8579999999999999	0.18821481676386598
0.859	0.18678811758387567
0.8599999999999999	0.18537151013233846
0.861	0.18396493170487233
0.8619999999999999	0.18256831987503352
0.863	0.18118161249472056
0.8639999999999999	0.17980474769454546
0.865	0.1784376638841724
0.8659999999999999	0.17708029975262252
0.867	0.17573259426855162
0.8679999999999999	0.1743944866804928
0.869	0.17306591651707165
0.8699999999999999	0.17174682358719123
0.871	0.1704371479801873
0.8719999999999999	0.1691368300659565
0.873	0.16784581049505562
0.8739999999999999	0.16656403019877328
0.875	0.16529143038917532
0.8759999999999999	0.164027952559123
0.877	0.16277353848226678
0.8779999999999999	0.16152813021301235
0.879	0.16029167008646394
0.8799999999999999	0.15906410071834234
0.881	0.15784536500487856
0.8819999999999999	0.1566354061226839
0.883	0.1554341675285982
0.8839999999999999	0.1542415929595146
0.885	0.15305762643218074
0.8859999999999999	0.15188221224298246
0.887	0.15071529496769995
0.8879999999999999	0.14955681946124963
0.889	0.14840673085740086
0.8899999999999999	0.14726497456847426
0.891	0.14613149628502126
0.8919999999999999	0.14500624197548176
0.893	0.1438891578858279
0.8939999999999999	0.14278019053918248
0.895	0.14167928673542587
0.8959999999999999	0.14058639355078165
0.897	0.1395014583373851
0.8979999999999999	0.13842442872283695
0.899	0.137355252609737
0.8999999999999999	0.13629387817520586
0.901	0.13524025387038674
0.9019999999999999	0.13419432841993426
0.903	0.13315605082148807
0.9039999999999999	0.13212537034512922
0.905	0.13110223653282568
0.9059999999999999	0.13008659919785984
0.907	0.12907840842424612
0.9079999999999999	0.12807761456613082
0.909	0.12708416824718297
0.9099999999999999	0.12609802035996856
0.911	0.1251191220653143
0.9119999999999999	0.12414742479165873
0.913	0.12318288023439146
0.9139999999999999	0.12222544035517909
0.915	0.121275057381282
0.9159999999999999	0.1203316838048586
0.917	0.11939527238225846
0.9179999999999999	0.11846577613330618
0.919	0.11754314834057254
0.9199999999999999	0.116627342548639
0.921	0.11571831256334841
0.9219999999999999	0.11481601245104942
0.923	0.1139203965378296
0.9239999999999999	0.11303141940874031
0.925	0.11214903590701217
0.9259999999999999	0.11127320113326346
0.927	0.11040387044469677
0.9279999999999999	0.10954099945429173
0.929	0.10868454402998695
0.9299999999999999	0.10783446029385524
0.931	0.10699070462127055
0.9319999999999999	0.10615323364007016
0.933	0.10532200422970585
0.9339999999999999	0.10449697352039206
0.935	0.10367809889224458
0.9359999999999999	0.10286533797441529
0.937	0.10205864864421857
0.938	0.10125798902625281
0.9390000000000001	0.10046331749151571
0.94	0.09967459265651465
0.9410000000000001	0.09889177338237054
0.942	0.09811481877391709
0.9430000000000001	0.09734368817879492
0.944	0.09657834118654061
0.9450000000000001	0.09581873762767149
0.946	0.0950648375727651
0.9470000000000001	0.09431660133153505
0.948	0.09357398945190173
0.9490000000000001	0.09283696271906074
0.95	0.09210548215454503
0.9510000000000001	0.0913795090152853
0.952	0.0906590047926656
0.9530000000000001	0.08994393121157694
0.954	0.08923425022946554
0.9550000000000001	0.08852992403537942
0.956	0.08783091504901261
0.9570000000000001	0.08713718591974465
0.958	0.08644869952567899
0.9590000000000001	0.08576541897267773
0.96	0.08508730759339493
0.9609999999999999	0.08441432894630715
0.962	0.083746446814742
0.9629999999999999	0.083083625205904
0.964	0.08242582834989996
0.9649999999999999	0.081773020698761
0.966	0.08112516692546398
0.9669999999999999	0.08048223192295167
0.968	0.07984418080315002
0.9689999999999999	0.0792109788959854
0.97	0.07858259174840107
0.9709999999999999	0.07795898512337054
0.972	0.07734012499891296
0.9729999999999999	0.07672597756710416
0.974	0.07611650923309031
0.9749999999999999	0.07551168661409904
0.976	0.07491147653845008
0.9769999999999999	0.07431584604456612
0.978	0.07372476237998264
0.9789999999999999	0.07313819300035897
0.98	0.07255610556848698
0.9809999999999999	0.07197846795330118
0.982	0.0714052482288891
0.9829999999999999	0.07083641467350063
0.984	0.07027193576855852
0.9849999999999999	0.06971178019766888
0.986	0.06915591684563194
0.9869999999999999	0.06860431479745356
0.988	0.0680569433373569
0.9889999999999999	0.06751377194779536
0.99	0.06697477030846537
0.9909999999999999	0.06643990829532091
0.992	0.06590915597958796
0.9929999999999999	0.06538248362678051
0.994	0.06485986169571774
0.9949999999999999	0.06434126083754117
0.996	0.06382665189473449
0.9969999999999999	0.06331600590014339
0.998	0.06280929407599736
0.9989999999999999	0.062306487832932335
1.	0.061807558769015024