0	0.
0.001	0.
0.002	130.66580969013154
0.003	109.4940151514159
0.004	79.01030279994691
0.005	59.17159859143851
0.006	46.65524745595332
0.007	38.253298624109746
0.008	32.2553953666742
0.009000000000000001	27.766490317455215
0.010000000000000002	24.285525700537285
0.011	21.51120585444382
0.012	19.251343123766606
0.013000000000000001	17.377474665862554
0.014000000000000002	15.80044599119431
0.015	14.456445956836477
0.016	13.298608618871073
0.017	12.291749151158196
0.018000000000000002	11.408947339163268
0.019000000000000003	10.629263287386223
0.02	9.936170332069086
0.021	9.316455501496533
0.022	8.759432535647745
0.023	8.256368555214108
0.024	7.800059696060688
0.025	7.384512474880137
0.026000000000000002	7.004701416344029
0.027000000000000003	6.6563824950536645
0.028	6.33594797547123
0.029	6.0403123338866465
0.03	5.7668217806240625
0.031	5.5131818882338255
0.032	5.277399244503402
0.033	5.057734066259075
0.034	4.852661450726865
0.035	4.660839486637944
0.036000000000000004	4.481082852814455
0.037000000000000005	4.312340836454409
0.038	4.15367893397385
0.039	4.004263373322765
0.04	3.8633480322975964
0.041	3.7302633324323113
0.042	3.6044067701424045
0.043000000000000003	3.485234811260467
0.044	3.3722559261507077
0.045	3.265024583124429
0.046	3.163136050354222
0.047	3.0662218826295784
0.048	2.9739459903298857
0.049	2.8860012052262203
0.05	2.8021062716421925
0.051000000000000004	2.7220032030230503
0.052000000000000005	2.645454953384029
0.053000000000000005	2.57224336092582
0.054	2.502167327572897
0.055	2.4350412035942903
0.056	2.37069335097518
0.057	2.3089648629846216
0.058	2.249708420574955
0.059000000000000004	2.192787268931479
0.06	2.1380742997787565
0.061	2.0854512269549104
0.062	2.034807844455151
0.063	1.986041357512913
0.064	1.9390557785139109
0.065	1.8937613805602016
0.066	1.850074202413624
0.067	1.8079155992831595
0.068	1.7672118346137777
0.069	1.727893708606298
0.07	1.689896219664354
0.07100000000000001	1.653158255473978
0.07200000000000001	1.6176223107053846
0.07300000000000001	1.5832342287459358
0.074	1.5499429651082384
0.075	1.5177003704427081
0.076	1.486460991280892
0.077	1.4561818868725855
0.078	1.4268224606108029
0.079	1.3983443047261472
0.08	1.3707110570490342
0.081	1.3438882687764435
0.082	1.3178432822524444
0.083	1.2925451179254992
0.084	1.2679643696720488
0.085	1.2440731077729827
0.08600000000000001	1.2208447889352156
0.08700000000000001	1.1982541727214138
0.088	1.1762772439180642
0.089	1.1548911403136242
0.09	1.1340740854908242
0.091	1.113805326206655
0.092	1.0940650740188793
0.093	1.0748344508212733
0.094	1.0560954379866612
0.095	1.0378308288545026
0.096	1.0200241842907627
0.097	1.0026597911180664
0.098	0.9857226231747654
0.099	0.969198304846085
0.1	0.9530730768500776
0.101	0.9373337641534488
0.10200000000000001	0.921967745835503
0.10300000000000001	0.9069629267910275
0.10400000000000001	0.8923077111216241
0.10500000000000001	0.8779909771105464
0.106	0.8640020536789862
0.107	0.8503306982028336
0.108	0.836967075624332
0.109	0.8239017387538067
0.11	0.8111256096934603
0.111	0.7986299622998267
0.112	0.7864064056389805
0.113	0.7744468683404981
0.114	0.7627435838176218
0.115	0.7512890762921267
0.116	0.7400761475685507
0.117	0.7290978645144321
0.11800000000000001	0.7183475472109518
0.11900000000000001	0.7078187577172758
0.12	0.6975052894285856
0.121	0.6874011569784758
0.122	0.6775005866631798
0.123	0.667798007352028
0.124	0.6582880418518826
0.125	0.6489654987153589
0.126	0.6398253644474395
0.127	0.6308627960924621
0.128	0.6220731141957244
0.129	0.6134517961005193
0.13	0.6049944695627053
0.131	0.5966969066850712
0.132	0.5885550181230074
0.133	0.5805648475744893
0.134	0.5727225665268459
0.135	0.5650244692413522
0.136	0.5574669679733645
0.137	0.5500465884123554
0.138	0.5427599653274535
0.139	0.5356038384099752
0.14	0.5285750482996165
0.14100000000000001	0.5216705327907798
0.14200000000000002	0.5148873232065251
0.14300000000000002	0.5082225409305912
0.14400000000000002	0.5016733940917828
0.14500000000000002	0.4952371743874555
0.146	0.4889112540478949
0.147	0.48269308293237206
0.148	0.4765801857443176
0.149	0.47057015936146734
0.15	0.4646606702883959
0.151	0.4588494522009728
0.152	0.4531343036043966
0.153	0.4475130855802376
0.154	0.44198371962809574
0.155	0.43654418559690755
0.156	0.4311925196919487
0.157	0.4259268125697844
0.158	0.4207452075094642
0.159	0.4156458986470432
0.16	0.4106271292886028
0.161	0.4056871902827082
0.162	0.4008244184644896
0.163	0.39603719514813485
0.164	0.3913239446889971
0.165	0.3866831330918143
0.166	0.3821132666764011
0.167	0.37761289079171384
0.168	0.3731805885778065
0.169	0.3688149797777287
0.17	0.36451471958763376
0.171	0.3602784975527912
0.17200000000000001	0.35610503650545217
0.17300000000000001	0.3519930915344554
0.17400000000000002	0.34794144900280066
0.17500000000000002	0.34394892559314133
0.176	0.34001436738359814
0.177	0.33613664897106477
0.178	0.33231467261161396
0.179	0.32854736739173135
0.18	0.324833688446592
0.181	0.32117261617504833
0.182	0.31756315551041125
0.183	0.31400433520254717
0.184	0.31049520712276474
0.185	0.307034845599349
0.186	0.3036223467746825
0.187	0.30025682797629705
0.188	0.2969374271221047
0.189	0.2936633021308127
0.19	0.29043363036536285
0.191	0.28724760808519445
0.192	0.28410444992044004
0.193	0.2810033883664283
0.194	0.27794367328379466
0.195	0.274924571432295
0.196	0.2719453660003722
0.197	0.26900535616316007
0.198	0.26610385665098757
0.199	0.26324019732879694
0.2	0.2604137227924475
0.201	0.25762379197699886
0.202	0.2548697777766021
0.203	0.2521510666701272
0.20400000000000001	0.24946705837505467
0.20500000000000002	0.24681716549589344
0.20600000000000002	0.2442008131856187
0.20700000000000002	0.2416174388275528
0.20800000000000002	0.2390664917170538
0.20900000000000002	0.23654743275441173
0.21	0.23405973415008674
0.211	0.23160287913952035
0.212	0.22917636170138095
0.213	0.22677968628542908
0.214	0.22441236755781208
0.215	0.2220739301330684
0.216	0.21976390834324352
0.217	0.2174818459824387
0.218	0.21522729608177743
0.219	0.21299982068324522
0.22	0.21079899061840013
0.221	0.20862438529068164
0.222	0.20647559247432218
0.223	0.2043522081130816
0.224	0.2022538361152992
0.225	0.20018008817545813
0.226	0.19813058357736477
0.227	0.19610494902865666
0.228	0.19410281846833322
0.229	0.19212383291424667
0.23	0.1901676402845852
0.231	0.18823389524445105
0.232	0.18632225904564234
0.233	0.1844323993777268
0.234	0.18256399021809525
0.23500000000000001	0.18071671168904105
0.23600000000000002	0.17889024991194316
0.23700000000000002	0.17708429688389707
0.23800000000000002	0.1752985503321936
0.23900000000000002	0.1735327135886115
0.24	0.17178649546942157
0.241	0.17005961014636864
0.242	0.1683517770271036
0.243	0.16666272064475582
0.244	0.16499217053932336
0.245	0.16333986115332494
0.246	0.1617055317145468
0.247	0.1600889261435561
0.248	0.15848979294533166
0.249	0.1569078851062103
0.25	0.15534296000631054
0.251	0.15379477931746113
0.252	0.15226310891736056
0.253	0.15074771879375776
0.254	0.14924838296430135
0.255	0.14776487937988586
0.256	0.14629698985835451
0.257	0.14484449998693685
0.258	0.14340719905333518
0.259	0.14198487996501985
0.26	0.140577339175337
0.261	0.13918437660784946
0.262	0.13780579558943742
0.263	0.1364414027738389
0.264	0.1350910080807031
0.265	0.13375442462075815
0.266	0.13243146864082603
0.267	0.1311219594508572
0.268	0.12982571937000845
0.269	0.12854257365755933
0.27	0.12727235046590016
0.271	0.12601488076973122
0.272	0.12476999831984617
0.273	0.12353753958226091
0.274	0.12231734368761087
0.275	0.12110925237886629
0.276	0.11991310995704195
0.277	0.118728763234006
0.278	0.1175560614828777
0.279	0.11639485639199465
0.28	0.11524500201513457
0.281	0.11410635472450951
0.28200000000000003	0.11297877317177865
0.28300000000000003	0.11186211824311465
0.28400000000000003	0.11075625301226306
0.28500000000000003	0.10966104270241571
0.28600000000000003	0.10857635464403913
0.28700000000000003	0.1075020582386308
0.28800000000000003	0.10643802491414894
0.28900000000000003	0.10538412809077076
0.29	0.10434024314267915
0.291	0.10330624736320035
0.292	0.10228201992397057
0.293	0.10126744184518306
0.294	0.10026239596364683
0.295	0.09926676689284586
0.296	0.09828044099022662
0.297	0.09730330633540273
0.298	0.09633525268556731
0.299	0.0953761714547901
0.3	0.09442595568068492
0.301	0.09348449999208897
0.302	0.09255170058652533
0.303	0.09162745519663508
0.304	0.09071166306755807
0.305	0.08980422492318656
0.306	0.08890504294956023
0.307	0.08801402076008838
0.308	0.08713106337183484
0.309	0.08625607718988973
0.31	0.08538896997026955
0.311	0.08452965080172313
0.312	0.08367803008624218
0.313	0.08283401951091582
0.314	0.08199753202905669
0.315	0.08116848183326741
0.316	0.08034678434122886
0.317	0.0795323561699795
0.318	0.07872511511603561
0.319	0.07792498013681852
0.32	0.07713187133008245
0.321	0.07634570991012304
0.322	0.07556641819998716
0.323	0.07479391960145965
0.324	0.07402813858127726
0.325	0.07326900065656043
0.326	0.072516432370277
0.327	0.07177036128044342
0.328	0.0710307159395386
0.329	0.07029742588012881
0.33	0.06957042159763886
0.331	0.06884963453550284
0.332	0.06813499706612527
0.333	0.06742644248058666
0.334	0.06672390497120566
0.335	0.06602731961676508
0.336	0.06533662236789692
0.337	0.06465175003521254
0.338	0.06397264027070988
0.339	0.06329923155918583
0.34	0.06263146320392766
0.341	0.06196927530986437
0.342	0.06131260877651093
0.343	0.060661405278839634
0.34400000000000003	0.060015607261066924
0.34500000000000003	0.05937515792215379
0.34600000000000003	0.058740001200712925
0.34700000000000003	0.058110081769818085
0.34800000000000003	0.057485345017350975
0.34900000000000003	0.05686573704606266
0.35000000000000003	0.0562512046489356
0.35100000000000003	0.055641695308594294
0.352	0.05503715718287127
0.353	0.054437539095328204
0.354	0.05384279052215538
0.355	0.05325286158624912
0.356	0.052667703044886834
0.357	0.05208726627970628
0.358	0.05151150329060342
0.359	0.050940366678550224
0.36	0.050373809647143754
0.361	0.049811785982850645
0.362	0.0492542500564101
0.363	0.04870115680437122
0.364	0.0481524617274858
0.365	0.047608120878887564
0.366	0.047068090856134864
0.367	0.04653232879611677
0.368	0.04600079236191816
0.369	0.04547343973902637
0.37	0.04495022962752257
0.371	0.04443112122937395
0.372	0.04391607424918173
0.373	0.043405048878946674
0.374	0.04289800579738294
0.375	0.04239490616082297
0.376	0.041895711589439416
0.377	0.041400384172359216
0.378	0.040908886454159535
0.379	0.040421181424414275
0.38	0.039937232522156266
0.381	0.03945700361960668
0.382	0.03898045901991633
0.383	0.0385075634490185
0.384	0.038038282056946086
0.385	0.03757258039953929
0.386	0.03711042444128425
0.387	0.03665178054852437
0.388	0.0361966154810984
0.389	0.03574489638909865
0.39	0.03529659080731431
0.391	0.03485166664742543
0.392	0.03441009219578254
0.393	0.03397183610513611
0.394	0.033536867394277414
0.395	0.03310515543432428
0.396	0.03267666995664961
0.397	0.0322513810335909
0.398	0.03182925908591583
0.399	0.031410274871586735
0.4	0.030994399478347236
0.401	0.03058160433030155
0.402	0.030171861169505747
0.403	0.029765142064387747
0.404	0.029361419392291817
0.405	0.02896066585101602
0.406	0.028562854437457354
0.40700000000000003	0.028167958457492336
0.40800000000000003	0.027775951512748503
0.40900000000000003	0.027386807502245106
0.41000000000000003	0.027000500616361767
0.41100000000000003	0.026617005329767546
0.41200000000000003	0.02623629640340991
0.41300000000000003	0.025858348879013202
0.41400000000000003	0.025483138069188487
0.41500000000000004	0.025110639564834822
0.41600000000000004	0.024740829222458204
0.41700000000000004	0.02437368316285822
0.418	0.024009177771761647
0.419	0.02364728969044144
0.42	0.023287995815250286
0.421	0.022931273293622566
0.422	0.02257709952409743
0.423	0.02222545214794613
0.424	0.02187630904783973
0.425	0.021529648346209306
0.426	0.021185448400308924
0.427	0.020843687801681398
0.428	0.0205043453674907
0.429	0.020167400145735672
0.43	0.019832831407013418
0.431	0.019500618640385863
0.432	0.019170741556246602
0.433	0.018843180077119014
0.434	0.018517914341597885
0.435	0.018194924691984096
0.436	0.0178741916874034
0.437	0.01755569608144398
0.438	0.017239418833989748
0.439	0.0169253411067012
0.44	0.016613444255392663
0.441	0.016303709827658722
0.442	0.01599611956905895
0.443	0.015690655412433637
0.444	0.015387299473941405
0.445	0.015086034060588168
0.446	0.014786841656932687
0.447	0.014489704933724895
0.448	0.014194606732807013
0.449	0.01390153007844499
0.45	0.01361045816433
0.451	0.013321374356901857
0.452	0.013034262194278811
0.453	0.012749105380092126
0.454	0.012465887781017794
0.455	0.012184593433102556
0.456	0.011905206530379454
0.457	0.011627711424598322
0.458	0.011352092628091679
0.459	0.011078334807264563
0.46	0.01080642278420707
0.461	0.010536341531102672
0.462	0.010268076169128861
0.463	0.010001611972147875
0.464	0.009736934356544052
0.465	0.009474028884938106
0.466	0.009212881263508036
0.467	0.00895347733729182
0.468	0.00869580309596148
0.46900000000000003	0.00843984466326674
0.47000000000000003	0.008185588298793676
0.47100000000000003	0.007933020402007197
0.47200000000000003	0.007682127498820488
0.47300000000000003	0.007432896251541593
0.47400000000000003	0.007185313454342125
0.47500000000000003	0.006939366023278717
0.47600000000000003	0.006695041005680347
0.47700000000000004	0.006452325576169914
0.47800000000000004	0.006211207029020922
0.47900000000000004	0.005971672787693907
0.48	0.0057337103904000625
0.481	0.005497307497717503
0.482	0.005262451890855608
0.483	0.005029131464173889
0.484	0.004797334233436235
0.485	0.004567048321818509
0.486	0.00433826197333083
0.487	0.004110963537887016
0.488	0.0038851414794825586
0.489	0.0036607843678064978
0.49	0.003437880888335238
0.491	0.0032164198232673166
0.492	0.0029963900681803995
0.493	0.0027777806210235265
0.494	0.002560580581219644
0.495	0.002344779154406079
0.496	0.002130365641585569
0.497	0.0019173294492744728
0.498	0.0017056600785573576
0.499	0.0014953471321930512
0.5	0.0012863803077586321
0.5009999999999999	0.001078749394713662
0.502	0.0008724442833860962
0.5029999999999999	0.000667454954559084
0.504	0.00046377148047983455
0.5049999999999999	0.0002613840254306124
0.506	0.00006028284492101026
0.5069999999999999	9.72598742685091e-6
0.508	1.3533121874988682e-6
0.5089999999999999	1.7452136654855543e-7
0.51	2.1485529395126507e-8
0.5109999999999999	2.563584744740907e-9
0.512	2.990568881170417e-10
0.5129999999999999	3.429770304899915e-11
0.514	3.88145917285038e-12
0.5149999999999999	4.3459106459671476e-13
0.516	4.823401567809924e-14
0.5169999999999999	5.314171442461136e-15
0.518	5.818160162072889e-16
0.5189999999999999	6.333380663641429e-17
0.52	6.84983135172389e-18
0.5209999999999999	7.156748556423223e-19
0.522	5.678003302782912e-20
0.5229999999999999	1.7244852125609096e-21
0.524	0.
0.5249999999999999	0.
0.526	0.
0.5269999999999999	0.
0.528	0.
0.5289999999999999	0.
0.53	0.
0.5309999999999999	0.
0.532	0.
0.5329999999999999	0.
0.534	0.
0.5349999999999999	0.
0.536	0.
0.5369999999999999	0.
0.538	0.
0.5389999999999999	0.
0.54	0.
0.5409999999999999	0.
0.542	0.
0.5429999999999999	0.
0.544	0.
0.5449999999999999	0.
0.546	0.
0.5469999999999999	0.
0.548	0.
0.5489999999999999	0.
0.55	0.
0.5509999999999999	0.
0.552	0.
0.5529999999999999	0.
0.554	0.
0.5549999999999999	0.
0.556	0.
0.5569999999999999	0.
0.558	0.
0.5589999999999999	0.
0.56	0.
0.5609999999999999	0.
0.562	0.
0.563	0.
0.5640000000000001	0.
0.565	0.
0.5660000000000001	0.
0.567	0.
0.5680000000000001	0.
0.569	0.
0.5700000000000001	0.
0.571	0.
0.5720000000000001	0.
0.573	0.
0.5740000000000001	0.
0.575	0.
0.5760000000000001	0.
0.577	0.
0.5779999999999998	0.
0.579	0.
0.5799999999999998	0.
0.581	0.
0.5819999999999999	0.
0.583	0.
0.5839999999999999	0.
0.585	0.
0.5859999999999999	0.
0.587	0.
0.5879999999999999	0.
0.589	0.
0.5899999999999999	0.
0.591	0.
0.5919999999999999	0.
0.593	0.
0.5939999999999999	0.
0.595	0.
0.5959999999999999	0.
0.597	0.
0.5979999999999999	0.
0.599	0.
0.5999999999999999	0.
0.601	0.
0.6019999999999999	0.
0.603	0.
0.6039999999999999	0.
0.605	0.
0.6059999999999999	0.
0.607	0.
0.6079999999999999	0.
0.609	0.
0.6099999999999999	0.
0.611	0.
0.6119999999999999	0.
0.613	0.
0.6139999999999999	0.
0.615	0.
0.6159999999999999	0.
0.617	0.
0.6179999999999999	0.
0.619	0.
0.6199999999999999	0.
0.621	0.
0.6219999999999999	0.
0.623	0.
0.6239999999999999	0.
0.625	0.
0.6259999999999999	0.
0.627	0.
0.6279999999999999	0.
0.629	0.
0.6299999999999999	0.
0.631	0.
0.6319999999999999	0.
0.633	0.
0.6339999999999999	0.
0.635	0.
0.6359999999999999	0.
0.637	0.
0.6379999999999999	0.
0.639	0.
0.6399999999999999	0.
0.641	0.
0.6419999999999999	0.
0.643	0.
0.6439999999999999	0.
0.645	0.
0.6459999999999999	0.
0.647	0.
0.6479999999999999	0.
0.649	0.
0.6499999999999999	0.
0.651	0.
0.6519999999999999	0.
0.653	0.
0.6539999999999999	0.
0.655	0.
0.6559999999999999	0.
0.657	0.
0.6579999999999999	0.
0.659	0.
0.6599999999999999	0.
0.661	0.
0.6619999999999999	0.
0.663	0.
0.6639999999999999	0.
0.665	0.
0.6659999999999999	0.
0.667	0.
0.6679999999999999	0.
0.669	0.
0.6699999999999999	0.
0.671	0.
0.6719999999999999	0.
0.673	0.
0.6739999999999999	0.
0.675	0.
0.6759999999999999	0.
0.677	0.
0.6779999999999999	0.
0.679	0.
0.6799999999999999	0.
0.681	0.
0.6819999999999999	0.
0.683	0.
0.6839999999999999	0.
0.685	0.
0.6859999999999999	0.
0.687	0.
0.688	0.
0.6890000000000001	0.
0.69	0.
0.6910000000000001	0.
0.692	0.
0.6930000000000001	0.
0.694	0.
0.6950000000000001	0.
0.696	0.
0.6970000000000001	0.
0.698	0.
0.6990000000000001	0.
0.7	0.
0.7010000000000001	0.
0.702	0.
0.7030000000000001	0.
0.704	0.
0.7049999999999998	0.
0.706	0.
0.7069999999999999	0.
0.708	0.
0.7089999999999999	0.
0.71	0.
0.7109999999999999	0.
0.712	0.
0.7129999999999999	0.
0.714	0.
0.7149999999999999	0.
0.716	0.
0.7169999999999999	0.
0.718	0.
0.7189999999999999	0.
0.72	0.
0.7209999999999999	0.
0.722	0.
0.7229999999999999	0.
0.724	0.
0.7249999999999999	0.
0.726	0.
0.7269999999999999	0.
0.728	0.
0.7289999999999999	0.
0.73	0.
0.7309999999999999	0.
0.732	0.
0.7329999999999999	0.
0.734	0.
0.7349999999999999	0.
0.736	0.
0.7369999999999999	0.
0.738	0.
0.7389999999999999	0.
0.74	0.
0.7409999999999999	0.
0.742	0.
0.7429999999999999	0.
0.744	0.
0.7449999999999999	0.
0.746	0.
0.7469999999999999	0.
0.748	0.
0.7489999999999999	0.
0.75	0.
0.7509999999999999	0.
0.752	0.
0.7529999999999999	0.
0.754	0.
0.7549999999999999	0.
0.756	0.
0.7569999999999999	0.
0.758	0.
0.7589999999999999	0.
0.76	0.
0.7609999999999999	0.
0.762	0.
0.7629999999999999	0.
0.764	0.
0.7649999999999999	0.
0.766	0.
0.7669999999999999	0.
0.768	0.
0.7689999999999999	0.
0.77	0.
0.7709999999999999	0.
0.772	0.
0.7729999999999999	0.
0.774	0.
0.7749999999999999	0.
0.776	0.
0.7769999999999999	0.
0.778	0.
0.7789999999999999	0.
0.78	0.
0.7809999999999999	0.
0.782	0.
0.7829999999999999	0.
0.784	0.
0.7849999999999999	0.
0.786	0.
0.7869999999999999	0.
0.788	0.
0.7889999999999999	0.
0.79	0.
0.7909999999999999	0.
0.792	0.
0.7929999999999999	0.
0.794	0.
0.7949999999999999	0.
0.796	0.
0.7969999999999999	0.
0.798	0.
0.7989999999999999	0.
0.8	0.
0.8009999999999999	0.
0.802	0.
0.8029999999999999	0.
0.804	0.
0.8049999999999999	0.
0.806	0.
0.8069999999999999	0.
0.808	0.
0.8089999999999999	0.
0.81	0.
0.8109999999999999	0.
0.812	0.
0.813	0.
0.8140000000000001	0.
0.815	0.
0.8160000000000001	0.
0.817	0.
0.8180000000000001	0.
0.819	0.
0.8200000000000001	0.
0.821	0.
0.8220000000000001	0.
0.823	0.
0.8240000000000001	0.
0.825	0.
0.8260000000000001	0.
0.827	0.
0.8280000000000001	0.
0.829	0.
0.8300000000000001	0.
0.831	0.
0.8320000000000001	0.
0.833	0.
0.8339999999999999	0.
0.835	0.
0.8359999999999999	0.
0.837	0.
0.8379999999999999	0.
0.839	0.
0.8399999999999999	0.
0.841	0.
0.8419999999999999	0.
0.843	0.
0.8439999999999999	0.
0.845	0.
0.8459999999999999	0.
0.847	0.
0.8479999999999999	0.
0.849	0.
0.8499999999999999	0.
0.851	0.
0.8519999999999999	0.
0.853	0.
0.8539999999999999	0.
0.855	0.
0.8559999999999999	0.
0.857	0.
0.8579999999999999	0.
0.859	0.
0.8599999999999999	0.
0.861	0.
0.8619999999999999	0.
0.863	0.
0.8639999999999999	0.
0.865	0.
0.8659999999999999	0.
0.867	0.
0.8679999999999999	0.
0.869	0.
0.8699999999999999	0.
0.871	0.
0.8719999999999999	0.
0.873	0.
0.8739999999999999	0.
0.875	0.
0.8759999999999999	0.
0.877	0.
0.8779999999999999	0.
0.879	0.
0.8799999999999999	0.
0.881	0.
0.8819999999999999	0.
0.883	0.
0.8839999999999999	0.
0.885	0.
0.8859999999999999	0.
0.887	0.
0.8879999999999999	0.
0.889	0.
0.8899999999999999	0.
0.891	0.
0.8919999999999999	0.
0.893	0.
0.8939999999999999	0.
0.895	0.
0.8959999999999999	0.
0.897	0.
0.8979999999999999	0.
0.899	0.
0.8999999999999999	0.
0.901	0.
0.9019999999999999	0.
0.903	0.
0.9039999999999999	0.
0.905	0.
0.9059999999999999	0.
0.907	0.
0.9079999999999999	0.
0.909	0.
0.9099999999999999	0.
0.911	0.
0.9119999999999999	0.
0.913	0.
0.9139999999999999	0.
0.915	0.
0.9159999999999999	0.
0.917	0.
0.9179999999999999	0.
0.919	0.
0.9199999999999999	0.
0.921	0.
0.9219999999999999	0.
0.923	0.
0.9239999999999999	0.
0.925	0.
0.9259999999999999	0.
0.927	0.
0.9279999999999999	0.
0.929	0.
0.9299999999999999	0.
0.931	0.
0.9319999999999999	0.
0.933	0.
0.9339999999999999	0.
0.935	0.
0.9359999999999999	0.
0.937	0.
0.938	0.
0.9390000000000001	0.
0.94	0.
0.9410000000000001	0.
0.942	0.
0.9430000000000001	0.
0.944	0.
0.9450000000000001	0.
0.946	0.
0.9470000000000001	0.
0.948	0.
0.9490000000000001	0.
0.95	0.
0.9510000000000001	0.
0.952	0.
0.9530000000000001	0.
0.954	0.
0.9550000000000001	0.
0.956	0.
0.9570000000000001	0.
0.958	0.
0.9590000000000001	0.
0.96	0.
0.9609999999999999	0.
0.962	0.
0.9629999999999999	0.
0.964	0.
0.9649999999999999	0.
0.966	0.
0.9669999999999999	0.
0.968	0.
0.9689999999999999	0.
0.97	0.
0.9709999999999999	0.
0.972	0.
0.9729999999999999	0.
0.974	0.
0.9749999999999999	0.
0.976	0.
0.9769999999999999	0.
0.978	0.
0.9789999999999999	0.
0.98	0.
0.9809999999999999	0.
0.982	0.
0.9829999999999999	0.
0.984	0.
0.9849999999999999	0.
0.986	0.
0.9869999999999999	0.
0.988	0.
0.9889999999999999	0.
0.99	0.
0.9909999999999999	0.
0.992	0.
0.9929999999999999	0.
0.994	0.
0.9949999999999999	0.
0.996	0.
0.9969999999999999	0.
0.998	0.
0.9989999999999999	0.
1.	0.