0	0.
0.001	0.
0.002	6.446460719569999
0.003	45.512461131015236
0.004	58.35975347935084
0.005	55.90356884474002
0.006	49.82813674782469
0.007	43.83244520069957
0.008	38.677202875831284
0.009000000000000001	34.37303032982216
0.010000000000000002	30.783993827506535
0.011	27.770527142641694
0.012	25.21719851415976
0.013000000000000001	23.033509404672483
0.014000000000000002	21.14935271849189
0.015	19.510302353931348
0.016	18.073790773964816
0.017	16.80621199484845
0.018000000000000002	15.680771674917464
0.019000000000000003	14.675897176330373
0.02	13.77405699037219
0.021	12.960877601846121
0.022	12.22447696030162
0.023	11.554956679539929
0.024	10.944011499804569
0.025	10.384626155974587
0.026000000000000002	9.870837996937336
0.027000000000000003	9.397549518380435
0.028	8.960379123332125
0.029	8.555541411552817
0.03	8.179750465306384
0.031	7.830141184031428
0.032	7.504204889978075
0.033	7.199736297155088
0.034	6.914789588814335
0.035	6.647641842388602
0.036000000000000004	6.396762416969767
0.037000000000000005	6.160787207039433
0.038	5.938496889315857
0.039	5.728798463110834
0.04	5.530709520504138
0.041	5.343344789678694
0.042	5.165904579578398
0.043000000000000003	4.99766482163948
0.044	4.8379684584449425
0.045	4.686217972756051
0.046	4.541868885614725
0.047	4.404424080858714
0.048	4.273428836792566
0.049	4.148466464938611
0.05	4.029154471569254
0.051000000000000004	3.9151411708065145
0.052000000000000005	3.806102688853845
0.053000000000000005	3.701740308012767
0.054	3.6017781066007863
0.055	3.5059608572712735
0.056	3.41405215151577
0.057	3.3258327226177147
0.058	3.2410989431522808
0.059000000000000004	3.159661476326511
0.06	3.0813440631935434
0.061	3.005982430159986
0.062	2.9334233031594548
0.063	2.8635235166281316
0.064	2.7961492068717932
0.065	2.731175080718261
0.066	2.6684837514188002
0.067	2.6079651347582633
0.068	2.549515899128494
0.069	2.493038964065259
0.07	2.438443042374057
0.07100000000000001	2.3856422215064255
0.07200000000000001	2.3345555803565636
0.07300000000000001	2.2851068380454063
0.074	2.237224031641834
0.075	2.190839220098467
0.076	2.1458882119647225
0.077	2.1023103146939164
0.078	2.0600481035824174
0.079	2.0190472085912305
0.08	1.9792561174589502
0.081	1.9406259936863226
0.082	1.9031105081100275
0.083	1.866665682897495
0.084	1.8312497469205369
0.085	1.796823001560177
0.08600000000000001	1.7633476960738865
0.08700000000000001	1.7307879117535958
0.088	1.6991094541572227
0.089	1.6682797527806985
0.09	1.6382677675655921
0.091	1.6090439017280596
0.092	1.5805799204061066
0.093	1.552848874686265
0.094	1.5258250306005878
0.095	1.499483802724199
0.096	1.473801692028693
0.097	1.4487562276769002
0.098	1.424325912485677
0.099	1.4004901717723424
0.1	1.3772293053601925
0.101	1.354524442511866
0.10200000000000001	1.332357499588722
0.10300000000000001	1.3107111402435594
0.10400000000000001	1.289568737983062
0.10500000000000001	1.268914340921196
0.106	1.2487326385952608
0.107	1.2290089306915741
0.108	1.2097290975671944
0.109	1.190879572433265
0.11	1.1724473151140158
0.111	1.154419787259586
0.112	1.136784928930882
0.113	1.119531136467072
0.114	1.1026472415566748
0.115	1.0861224914286078
0.116	1.0699465301138886
0.117	1.0541093806839232
0.11800000000000001	1.0386014284367415
0.11900000000000001	1.0234134049467711
0.12	1.008536372948606
0.121	0.9939617119894191
0.122	0.9796811048137666
0.123	0.9656865244332314
0.124	0.9519702218481392
0.125	0.9385247143744866
0.126	0.9253427745455898
0.127	0.912417419563843
0.128	0.8997419012557402
0.129	0.8873096965161014
0.13	0.8751144982091507
0.131	0.8631502065016137
0.132	0.8514109205980457
0.133	0.8398909308754435
0.134	0.8285847113680516
0.135	0.8174869126141578
0.136	0.8065923548161145
0.137	0.7958960213229541
0.138	0.785393052398005
0.139	0.7750787392731965
0.14	0.7649485184628532
0.14100000000000001	0.754997966332472
0.14200000000000002	0.7452227939036044
0.14300000000000002	0.7356188418871896
0.14400000000000002	0.7261820759277086
0.14500000000000002	0.7169085820623563
0.146	0.7077945623593632
0.147	0.6988363307547141
0.148	0.6900303090569558
0.149	0.6813730231241574
0.15	0.6728610991945642
0.151	0.6644912603751203
0.152	0.6562603232691658
0.153	0.6481651947466489
0.154	0.6402028688405691
0.155	0.6323704237726893
0.156	0.6246650190976647
0.157	0.6170838929574689
0.158	0.6096243594493933
0.159	0.6022838060957388
0.16	0.5950596914112727
0.161	0.5879495425663473
0.162	0.580950953141385
0.163	0.5740615809661418
0.164	0.5672791460394055
0.165	0.5606014285367306
0.166	0.5540262668782662
0.167	0.5475515558861574
0.168	0.5411752449952353
0.169	0.5348953365427139
0.17	0.5287098841121144
0.171	0.5226169909417381
0.17200000000000001	0.5166148083924302
0.17300000000000001	0.5107015344660846
0.17400000000000002	0.5048754123850093
0.17500000000000002	0.49913472921420676
0.176	0.493477814538044
0.177	0.4879030391827426
0.178	0.48240881398344526
0.179	0.47699358859380464
0.18	0.4716558503386071
0.181	0.46639412310714734
0.182	0.4612069662814605
0.183	0.45609297370323726
0.184	0.4510507726757739
0.185	0.44607902300554003
0.186	0.44117641606018665
0.187	0.4363416738783547
0.188	0.43157354829781897
0.189	0.4268708201100171
0.19	0.42223229824979597
0.191	0.4176568190140769
0.192	0.4131432452935106
0.193	0.4086904658411987
0.194	0.40429739455908487
0.195	0.39996296981384055
0.196	0.39568615376397354
0.197	0.3914659317177831
0.198	0.3873013115078781
0.199	0.38319132288948643
0.2	0.379135016949155
0.201	0.3751314655402104
0.202	0.3711797607343928
0.203	0.36727901428512705
0.20400000000000001	0.36342835711674
0.20500000000000002	0.3596269388195948
0.20600000000000002	0.35587392716618327
0.20700000000000002	0.3521685076421543
0.20800000000000002	0.34850988299052266
0.20900000000000002	0.34489727276806126
0.21	0.34132991291706244
0.211	0.33780705534964234
0.212	0.3343279675446843
0.213	0.33089193215341695
0.214	0.3274982466237284
0.215	0.324146222827348
0.216	0.32083518670593586
0.217	0.317564477916183
0.218	0.31433344950048536
0.219	0.31114146755619254
0.22	0.3079879109133334
0.221	0.3048721708308258
0.222	0.30179365069211705
0.223	0.29875176571731765
0.224	0.295745942673161
0.225	0.29277561960501325
0.226	0.28984024556347987
0.227	0.28693928034401733
0.228	0.28407219423518953
0.229	0.281238467774907
0.23	0.27843759150590364
0.231	0.2756690657450517
0.232	0.2729324003575295
0.233	0.27022711453655085
0.234	0.26755273658522627
0.23500000000000001	0.26490880371389885
0.23600000000000002	0.262294861833473
0.23700000000000002	0.2597104653570557
0.23800000000000002	0.2571551770088141
0.23900000000000002	0.2546285676384892
0.24	0.25213021603499136
0.241	0.24965970875521798
0.242	0.24721663994209572
0.243	0.24480061116657273
0.244	0.24241123125444922
0.245	0.24004811613387278
0.246	0.23771088867376067
0.247	0.23539917853815098
0.248	0.23311262203439648
0.249	0.2308508619691777
0.25	0.22861354750940224
0.251	0.22640033404798124
0.252	0.22421088306543124
0.253	0.22204486200389598
0.254	0.21990194413847847
0.255	0.21778180845479697
0.256	0.21568413952668497
0.257	0.2136086274034465
0.258	0.2115549674883389
0.259	0.20952286043235863
0.26	0.20751201202362726
0.261	0.20552213307884876
0.262	0.20355293934249352
0.263	0.20160415138456883
0.264	0.19967549450323854
0.265	0.19776669862188476
0.266	0.19587749820495104
0.267	0.19400763215703276
0.268	0.19215684374148784
0.269	0.19032488048272228
0.27	0.18851149408998327
0.271	0.1867164403700332
0.272	0.18493947914488035
0.273	0.18318037417220673
0.274	0.18143889306883532
0.275	0.17971480723631347
0.276	0.17800789178060067
0.277	0.17631792544556577
0.278	0.17464469054057696
0.279	0.17298797287114673
0.28	0.17134756166619738
0.281	0.1697232495224568
0.28200000000000003	0.16811483233057076
0.28300000000000003	0.16652210921530491
0.28400000000000003	0.16494488247425546
0.28500000000000003	0.16338295751609072
0.28600000000000003	0.1618361428028757
0.28700000000000003	0.16030424979297236
0.28800000000000003	0.15878709288036874
0.28900000000000003	0.15728448934446224
0.29	0.1557962592938417
0.291	0.15432222561358633
0.292	0.1528622139134499
0.293	0.1514160524777474
0.294	0.1499835722145735
0.295	0.14856460661376866
0.296	0.14715899168649946
0.297	0.1457665659325489
0.298	0.14438717028889958
0.299	0.14302064808547027
0.3	0.14166684500041513
0.301	0.14032560902127364
0.302	0.13899679040129306
0.303	0.13768024162072903
0.304	0.13637581734188783
0.305	0.13508337437516327
0.306	0.13380277164070822
0.307	0.13253387012670384
0.308	0.1312765328590649
0.309	0.1300306248590341
0.31	0.12879601311365152
0.311	0.12757256653665328
0.312	0.12636015593897773
0.313	0.12515865399308837
0.314	0.12396793520234432
0.315	0.12278787586553534
0.316	0.12161835405238432
0.317	0.12045924956754978
0.318	0.1193104439233162
0.319	0.1181718203090408
0.32	0.11704326356528223
0.321	0.1159246601519275
0.322	0.11481589812477701
0.323	0.11371686710216414
0.324	0.11262745825034916
0.325	0.11154756424347577
0.326	0.11047707924750785
0.327	0.10941589889348032
0.328	0.10836392025109741
0.329	0.1073210418079513
0.33	0.1062871634423692
0.331	0.1052621864035822
0.332	0.10424601328739891
0.333	0.10323854801508824
0.334	0.10223969581218761
0.335	0.10124936318429784
0.336	0.10026745789896219
0.337	0.09929388896566507
0.338	0.09832856661410201
0.339	0.09737140227295836
0.34	0.09642230855662626
0.341	0.09548119923913956
0.342	0.09454798923863426
0.343	0.09362259460107779
0.34400000000000003	0.09270493247881695
0.34500000000000003	0.09179492111594903
0.34600000000000003	0.09089247982750522
0.34700000000000003	0.08999752898701674
0.34800000000000003	0.08910999000670242
0.34900000000000003	0.08822978532210816
0.35000000000000003	0.08735683837543466
0.35100000000000003	0.08649107360162042
0.352	0.08563241641073246
0.353	0.08478079317295091
0.354	0.08393613120921968
0.355	0.08309835876371903
0.356	0.08226740500683019
0.357	0.08144320000484781
0.358	0.08062567471710819
0.359	0.07981476097691367
0.36	0.07901039148138934
0.361	0.07821249977510812
0.362	0.07742102023962767
0.363	0.07663588808133323
0.364	0.07585703931568874
0.365	0.07508441075850758
0.366	0.0743179400127882
0.367	0.07355756545704545
0.368	0.07280322623196808
0.369	0.07205486223204817
0.37	0.07131241409280763
0.371	0.07057582317973297
0.372	0.0698450315759287
0.373	0.06911998207846738
0.374	0.0684006181760905
0.375	0.06768688405135567
0.376	0.06697872456204597
0.377	0.0662760852345275
0.378	0.0655789122542211
0.379	0.06488715245523817
0.38	0.06420075331091561
0.381	0.06351966292612472
0.382	0.06284383002476546
0.383	0.062173203944990776
0.384	0.06150773462913602
0.385	0.060847372611646404
0.386	0.060192069015129766
0.387	0.0595417755418509
0.388	0.0588964444599188
0.389	0.058256028602564174
0.39	0.05762048135691919
0.391	0.05698975665370455
0.392	0.05636380896473611
0.393	0.05574259329159924
0.394	0.055126065158113136
0.395	0.054514180607249337
0.396	0.05390689618755206
0.397	0.053304168950651806
0.398	0.05270595644605931
0.399	0.05211221670599141
0.4	0.05152290824793294
0.401	0.050937990063829236
0.402	0.05035742161189529
0.403	0.04978116281303421
0.404	0.04920917404582072
0.405	0.04864141613468094
0.406	0.04807785034991139
0.40700000000000003	0.04751843839590321
0.40800000000000003	0.04696314241299809
0.40900000000000003	0.04641192496266005
0.41000000000000003	0.04586474902861809
0.41100000000000003	0.04532157800833656
0.41200000000000003	0.04478237570553115
0.41300000000000003	0.044247106329830345
0.41400000000000003	0.04371573448831838
0.41500000000000004	0.0431882251784388
0.41600000000000004	0.0426645437860085
0.41700000000000004	0.04214465608089057
0.418	0.04162852820547826
0.419	0.041116126679105296
0.42	0.040607418384132205
0.421	0.040102370566562816
0.422	0.03960095083275581
0.423	0.03910312713740724
0.424	0.03860886778679333
0.425	0.03811814142997504
0.426	0.0376309170539962
0.427	0.037147163982419504
0.428	0.03666685186986813
0.429	0.0361899506944082
0.43	0.03571643075990571
0.431	0.035246262685751505
0.432	0.03477941740486146
0.433	0.03431586616130426
0.434	0.033855580506502524
0.435	0.03339853229044281
0.436	0.03294469366305059
0.437	0.032494037068738824
0.438	0.032046535242560036
0.439	0.03160216120630547
0.44	0.03116088826473937
0.441	0.030722690003944154
0.442	0.03028754028528562
0.443	0.029855413242867942
0.444	0.029426283279586827
0.445	0.02900012506645277
0.446	0.02857691353643247
0.447	0.028156623880301372
0.448	0.02773923154632505
0.449	0.02732471223816889
0.45	0.026913041906113343
0.451	0.026504196747711616
0.452	0.026098153207723455
0.453	0.02569488796803558
0.454	0.025294377950251277
0.455	0.024896600310879143
0.456	0.024501532438649942
0.457	0.024109151951561433
0.458	0.023719436694347274
0.459	0.02333236473552608
0.46	0.02294791436365638
0.461	0.022566064088272445
0.462	0.02218679263304471
0.463	0.021810078934574526
0.464	0.021435902141707583
0.465	0.021064241609503244
0.466	0.020695076901702626
0.467	0.02032838778132253
0.468	0.0199641542152619
0.46900000000000003	0.019602356368721294
0.47000000000000003	0.019242974600236745
0.47100000000000003	0.01888598946636953
0.47200000000000003	0.01853138171208816
0.47300000000000003	0.018179132271654512
0.47400000000000003	0.017829222269316995
0.47500000000000003	0.017481633009571156
0.47600000000000003	0.017136345983626882
0.47700000000000004	0.016793342861824028
0.47800000000000004	0.016452605491827272
0.47900000000000004	0.016114115899724255
0.48	0.015777856285444612
0.481	0.015443809017380966
0.482	0.015111956641648765
0.483	0.014782281866222801
0.484	0.014454767568322825
0.485	0.014129396788864318
0.486	0.013806152733347466
0.487	0.01348501876434494
0.488	0.013165978406211101
0.489	0.012849015339322045
0.49	0.0125341134014806
0.491	0.012221256578615853
0.492	0.011910429014628549
0.493	0.011601615000746624
0.494	0.011294798975927672
0.495	0.010989965527460708
0.496	0.010687099385892554
0.497	0.010386185428038435
0.498	0.01008720866872363
0.499	0.009790154265639723
0.5	0.00949500751622927
0.5009999999999999	0.009201753851017177
0.502	0.008910378839613592
0.5029999999999999	0.008620868185057019
0.504	0.008333207721410508
0.5049999999999999	0.0080473834171221
0.506	0.007763381366629188
0.5069999999999999	0.0074811877936198515
0.508	0.007200789052067265
0.5089999999999999	0.006922171616704779
0.51	0.006645322087630453
0.5109999999999999	0.00637022719131295
0.512	0.006096873768439899
0.5129999999999999	0.005825248788504808
0.514	0.005555339332991982
0.5149999999999999	0.0052871326028118715
0.516	0.00502061591555209
0.5169999999999999	0.00475577670439489
0.518	0.004492602515491909
0.5189999999999999	0.004231081006523382
0.52	0.003971199948146957
0.5209999999999999	0.003712947219664984
0.522	0.003456310810281655
0.5229999999999999	0.003201278816332171
0.524	0.0029478394415062645
0.5249999999999999	0.002695980992261683
0.526	0.002445691884588192
0.5269999999999999	0.0021969606322523416
0.528	0.0019497758541041886
0.5289999999999999	0.0017041262689671283
0.53	0.0014600006973213347
0.5309999999999999	0.001217388055696274
0.532	0.0009762773604095423
0.5329999999999999	0.0007366577239865176
0.534	0.0004985183560305172
0.5349999999999999	0.0002618485591412291
0.536	0.0000514990593657115
0.5369999999999999	7.756580794195482e-6
0.538	1.0440196748947538e-6
0.5389999999999999	1.3202474028586513e-7
0.54	1.6045167133417264e-8
0.5409999999999999	1.8970065476769654e-9
0.542	2.1978994032873857e-10
0.5429999999999999	2.5073813959140452e-11
0.544	2.8256422695009883e-12
0.5449999999999999	3.152875125173807e-13
0.546	3.4892723718942786e-14
0.5469999999999999	3.834981888160119e-15
0.548	4.189823908099114e-16
0.5489999999999999	4.551607411904626e-17
0.55	4.907353207410773e-18
0.5509999999999999	5.012602681472762e-19
0.552	3.3060623585913356e-20
0.5529999999999999	0.
0.554	0.
0.5549999999999999	0.
0.556	0.
0.5569999999999999	0.
0.558	0.
0.5589999999999999	0.
0.56	0.
0.5609999999999999	0.
0.562	0.
0.563	0.
0.5640000000000001	0.
0.565	0.
0.5660000000000001	0.
0.567	0.
0.5680000000000001	0.
0.569	0.
0.5700000000000001	0.
0.571	0.
0.5720000000000001	0.
0.573	0.
0.5740000000000001	0.
0.575	0.
0.5760000000000001	0.
0.577	0.
0.5779999999999998	0.
0.579	0.
0.5799999999999998	0.
0.581	0.
0.5819999999999999	0.
0.583	0.
0.5839999999999999	0.
0.585	0.
0.5859999999999999	0.
0.587	0.
0.5879999999999999	0.
0.589	0.
0.5899999999999999	0.
0.591	0.
0.5919999999999999	0.
0.593	0.
0.5939999999999999	0.
0.595	0.
0.5959999999999999	0.
0.597	0.
0.5979999999999999	0.
0.599	0.
0.5999999999999999	0.
0.601	0.
0.6019999999999999	0.
0.603	0.
0.6039999999999999	0.
0.605	0.
0.6059999999999999	0.
0.607	0.
0.6079999999999999	0.
0.609	0.
0.6099999999999999	0.
0.611	0.
0.6119999999999999	0.
0.613	0.
0.6139999999999999	0.
0.615	0.
0.6159999999999999	0.
0.617	0.
0.6179999999999999	0.
0.619	0.
0.6199999999999999	0.
0.621	0.
0.6219999999999999	0.
0.623	0.
0.6239999999999999	0.
0.625	0.
0.6259999999999999	0.
0.627	0.
0.6279999999999999	0.
0.629	0.
0.6299999999999999	0.
0.631	0.
0.6319999999999999	0.
0.633	0.
0.6339999999999999	0.
0.635	0.
0.6359999999999999	0.
0.637	0.
0.6379999999999999	0.
0.639	0.
0.6399999999999999	0.
0.641	0.
0.6419999999999999	0.
0.643	0.
0.6439999999999999	0.
0.645	0.
0.6459999999999999	0.
0.647	0.
0.6479999999999999	0.
0.649	0.
0.6499999999999999	0.
0.651	0.
0.6519999999999999	0.
0.653	0.
0.6539999999999999	0.
0.655	0.
0.6559999999999999	0.
0.657	0.
0.6579999999999999	0.
0.659	0.
0.6599999999999999	0.
0.661	0.
0.6619999999999999	0.
0.663	0.
0.6639999999999999	0.
0.665	0.
0.6659999999999999	0.
0.667	0.
0.6679999999999999	0.
0.669	0.
0.6699999999999999	0.
0.671	0.
0.6719999999999999	0.
0.673	0.
0.6739999999999999	0.
0.675	0.
0.6759999999999999	0.
0.677	0.
0.6779999999999999	0.
0.679	0.
0.6799999999999999	0.
0.681	0.
0.6819999999999999	0.
0.683	0.
0.6839999999999999	0.
0.685	0.
0.6859999999999999	0.
0.687	0.
0.688	0.
0.6890000000000001	0.
0.69	0.
0.6910000000000001	0.
0.692	0.
0.6930000000000001	0.
0.694	0.
0.6950000000000001	0.
0.696	0.
0.6970000000000001	0.
0.698	0.
0.6990000000000001	0.
0.7	0.
0.7010000000000001	0.
0.702	0.
0.7030000000000001	0.
0.704	0.
0.7049999999999998	0.
0.706	0.
0.7069999999999999	0.
0.708	0.
0.7089999999999999	0.
0.71	0.
0.7109999999999999	0.
0.712	0.
0.7129999999999999	0.
0.714	0.
0.7149999999999999	0.
0.716	0.
0.7169999999999999	0.
0.718	0.
0.7189999999999999	0.
0.72	0.
0.7209999999999999	0.
0.722	0.
0.7229999999999999	0.
0.724	0.
0.7249999999999999	0.
0.726	0.
0.7269999999999999	0.
0.728	0.
0.7289999999999999	0.
0.73	0.
0.7309999999999999	0.
0.732	0.
0.7329999999999999	0.
0.734	0.
0.7349999999999999	0.
0.736	0.
0.7369999999999999	0.
0.738	0.
0.7389999999999999	0.
0.74	0.
0.7409999999999999	0.
0.742	0.
0.7429999999999999	0.
0.744	0.
0.7449999999999999	0.
0.746	0.
0.7469999999999999	0.
0.748	0.
0.7489999999999999	0.
0.75	0.
0.7509999999999999	0.
0.752	0.
0.7529999999999999	0.
0.754	0.
0.7549999999999999	0.
0.756	0.
0.7569999999999999	0.
0.758	0.
0.7589999999999999	0.
0.76	0.
0.7609999999999999	0.
0.762	0.
0.7629999999999999	0.
0.764	0.
0.7649999999999999	0.
0.766	0.
0.7669999999999999	0.
0.768	0.
0.7689999999999999	0.
0.77	0.
0.7709999999999999	0.
0.772	0.
0.7729999999999999	0.
0.774	0.
0.7749999999999999	0.
0.776	0.
0.7769999999999999	0.
0.778	0.
0.7789999999999999	0.
0.78	0.
0.7809999999999999	0.
0.782	0.
0.7829999999999999	0.
0.784	0.
0.7849999999999999	0.
0.786	0.
0.7869999999999999	0.
0.788	0.
0.7889999999999999	0.
0.79	0.
0.7909999999999999	0.
0.792	0.
0.7929999999999999	0.
0.794	0.
0.7949999999999999	0.
0.796	0.
0.7969999999999999	0.
0.798	0.
0.7989999999999999	0.
0.8	0.
0.8009999999999999	0.
0.802	0.
0.8029999999999999	0.
0.804	0.
0.8049999999999999	0.
0.806	0.
0.8069999999999999	0.
0.808	0.
0.8089999999999999	0.
0.81	0.
0.8109999999999999	0.
0.812	0.
0.813	0.
0.8140000000000001	0.
0.815	0.
0.8160000000000001	0.
0.817	0.
0.8180000000000001	0.
0.819	0.
0.8200000000000001	0.
0.821	0.
0.8220000000000001	0.
0.823	0.
0.8240000000000001	0.
0.825	0.
0.8260000000000001	0.
0.827	0.
0.8280000000000001	0.
0.829	0.
0.8300000000000001	0.
0.831	0.
0.8320000000000001	0.
0.833	0.
0.8339999999999999	0.
0.835	0.
0.8359999999999999	0.
0.837	0.
0.8379999999999999	0.
0.839	0.
0.8399999999999999	0.
0.841	0.
0.8419999999999999	0.
0.843	0.
0.8439999999999999	0.
0.845	0.
0.8459999999999999	0.
0.847	0.
0.8479999999999999	0.
0.849	0.
0.8499999999999999	0.
0.851	0.
0.8519999999999999	0.
0.853	0.
0.8539999999999999	0.
0.855	0.
0.8559999999999999	0.
0.857	0.
0.8579999999999999	0.
0.859	0.
0.8599999999999999	0.
0.861	0.
0.8619999999999999	0.
0.863	0.
0.8639999999999999	0.
0.865	0.
0.8659999999999999	0.
0.867	0.
0.8679999999999999	0.
0.869	0.
0.8699999999999999	0.
0.871	0.
0.8719999999999999	0.
0.873	0.
0.8739999999999999	0.
0.875	0.
0.8759999999999999	0.
0.877	0.
0.8779999999999999	0.
0.879	0.
0.8799999999999999	0.
0.881	0.
0.8819999999999999	0.
0.883	0.
0.8839999999999999	0.
0.885	0.
0.8859999999999999	0.
0.887	0.
0.8879999999999999	0.
0.889	0.
0.8899999999999999	0.
0.891	0.
0.8919999999999999	0.
0.893	0.
0.8939999999999999	0.
0.895	0.
0.8959999999999999	0.
0.897	0.
0.8979999999999999	0.
0.899	0.
0.8999999999999999	0.
0.901	0.
0.9019999999999999	0.
0.903	0.
0.9039999999999999	0.
0.905	0.
0.9059999999999999	0.
0.907	0.
0.9079999999999999	0.
0.909	0.
0.9099999999999999	0.
0.911	0.
0.9119999999999999	0.
0.913	0.
0.9139999999999999	0.
0.915	0.
0.9159999999999999	0.
0.917	0.
0.9179999999999999	0.
0.919	0.
0.9199999999999999	0.
0.921	0.
0.9219999999999999	0.
0.923	0.
0.9239999999999999	0.
0.925	0.
0.9259999999999999	0.
0.927	0.
0.9279999999999999	0.
0.929	0.
0.9299999999999999	0.
0.931	0.
0.9319999999999999	0.
0.933	0.
0.9339999999999999	0.
0.935	0.
0.9359999999999999	0.
0.937	0.
0.938	0.
0.9390000000000001	0.
0.94	0.
0.9410000000000001	0.
0.942	0.
0.9430000000000001	0.
0.944	0.
0.9450000000000001	0.
0.946	0.
0.9470000000000001	0.
0.948	0.
0.9490000000000001	0.
0.95	0.
0.9510000000000001	0.
0.952	0.
0.9530000000000001	0.
0.954	0.
0.9550000000000001	0.
0.956	0.
0.9570000000000001	0.
0.958	0.
0.9590000000000001	0.
0.96	0.
0.9609999999999999	0.
0.962	0.
0.9629999999999999	0.
0.964	0.
0.9649999999999999	0.
0.966	0.
0.9669999999999999	0.
0.968	0.
0.9689999999999999	0.
0.97	0.
0.9709999999999999	0.
0.972	0.
0.9729999999999999	0.
0.974	0.
0.9749999999999999	0.
0.976	0.
0.9769999999999999	0.
0.978	0.
0.9789999999999999	0.
0.98	0.
0.9809999999999999	0.
0.982	0.
0.9829999999999999	0.
0.984	0.
0.9849999999999999	0.
0.986	0.
0.9869999999999999	0.
0.988	0.
0.9889999999999999	0.
0.99	0.
0.9909999999999999	0.
0.992	0.
0.9929999999999999	0.
0.994	0.
0.9949999999999999	0.
0.996	0.
0.9969999999999999	0.
0.998	0.
0.9989999999999999	0.
1.	0.