# BEGIN PLOT
RatioPlotReference=/afs/phas.gla.ac.uk/user/d/dkar/MCTune/lh2015-qg/Pythia-8205/results/uu-200.yoda/MC_LHQG_EE/GA_20_00_R2
RatioPlot=1
DrawOnly=/afs/phas.gla.ac.uk/user/d/dkar/MCTune/lh2015-qg/Pythia-8205/results/uu-200.yoda/MC_LHQG_EE/GA_20_00_R2 /afs/phas.gla.ac.uk/user/d/dkar/MCTune/lh2015-qg/Pythia-8205/results/uu-200-alphasx11.yoda/MC_LHQG_EE/GA_20_00_R2 /afs/phas.gla.ac.uk/user/d/dkar/MCTune/lh2015-qg/Pythia-8205/results/uu-200-alphasx12.yoda/MC_LHQG_EE/GA_20_00_R2
Legend=1
LogY=1
# END PLOT

# BEGIN HISTOGRAM /afs/phas.gla.ac.uk/user/d/dkar/MCTune/lh2015-qg/Pythia-8205/results/uu-200.yoda/MC_LHQG_EE/GA_20_00_R2
LineColor={[HTML]{EE3311}}
LineStyle=solid
Path=/afs/phas.gla.ac.uk/user/d/dkar/MCTune/lh2015-qg/Pythia-8205/results/uu-200.yoda/MC_LHQG_EE/GA_20_00_R2
ScaledBy=4.2025105798203848e-06
Title=1
XLabel=
YLabel=
# xlow	 xhigh	 val	 errminus	 errplus
0.000000e+00	2.000000e-03	0.000000e+00	0.000000e+00	0.000000e+00
2.000000e-03	4.000000e-03	0.000000e+00	0.000000e+00	0.000000e+00
4.000000e-03	6.000000e-03	0.000000e+00	0.000000e+00	0.000000e+00
6.000000e-03	8.000000e-03	0.000000e+00	0.000000e+00	0.000000e+00
8.000000e-03	1.000000e-02	0.000000e+00	0.000000e+00	0.000000e+00
1.000000e-02	1.200000e-02	0.000000e+00	0.000000e+00	0.000000e+00
1.200000e-02	1.400000e-02	0.000000e+00	0.000000e+00	0.000000e+00
1.400000e-02	1.600000e-02	0.000000e+00	0.000000e+00	0.000000e+00
1.600000e-02	1.800000e-02	0.000000e+00	0.000000e+00	0.000000e+00
1.800000e-02	2.000000e-02	0.000000e+00	0.000000e+00	0.000000e+00
2.000000e-02	2.200000e-02	0.000000e+00	0.000000e+00	0.000000e+00
2.200000e-02	2.400000e-02	0.000000e+00	0.000000e+00	0.000000e+00
2.400000e-02	2.600000e-02	0.000000e+00	0.000000e+00	0.000000e+00
2.600000e-02	2.800000e-02	0.000000e+00	0.000000e+00	0.000000e+00
2.800000e-02	3.000000e-02	0.000000e+00	0.000000e+00	0.000000e+00
3.000000e-02	3.200000e-02	0.000000e+00	0.000000e+00	0.000000e+00
3.200000e-02	3.400000e-02	0.000000e+00	0.000000e+00	0.000000e+00
3.400000e-02	3.600000e-02	0.000000e+00	0.000000e+00	0.000000e+00
3.600000e-02	3.800000e-02	0.000000e+00	0.000000e+00	0.000000e+00
3.800000e-02	4.000000e-02	0.000000e+00	0.000000e+00	0.000000e+00
4.000000e-02	4.200000e-02	0.000000e+00	0.000000e+00	0.000000e+00
4.200000e-02	4.400000e-02	0.000000e+00	0.000000e+00	0.000000e+00
4.400000e-02	4.600000e-02	0.000000e+00	0.000000e+00	0.000000e+00
4.600000e-02	4.800000e-02	0.000000e+00	0.000000e+00	0.000000e+00
4.800000e-02	5.000000e-02	2.101255e-03	2.101256e-03	2.101256e-03
5.000000e-02	5.200000e-02	1.260753e-02	5.147004e-03	5.147004e-03
5.200000e-02	5.400000e-02	1.260753e-02	5.147004e-03	5.147004e-03
5.400000e-02	5.600000e-02	3.151883e-02	8.138126e-03	8.138126e-03
5.600000e-02	5.800000e-02	3.782259e-02	8.914871e-03	8.914871e-03
5.800000e-02	6.000000e-02	5.043015e-02	1.029401e-02	1.029401e-02
6.000000e-02	6.200000e-02	1.050627e-01	1.485812e-02	1.485812e-02
6.200000e-02	6.400000e-02	1.449866e-01	1.745434e-02	1.745434e-02
6.400000e-02	6.600000e-02	1.533916e-01	1.795313e-02	1.795313e-02
6.600000e-02	6.800000e-02	2.521506e-01	2.301810e-02	2.301810e-02
6.800000e-02	7.000000e-02	3.362008e-01	2.657901e-02	2.657901e-02
7.000000e-02	7.200000e-02	3.971373e-01	2.888748e-02	2.888748e-02
7.200000e-02	7.400000e-02	5.127065e-01	3.282266e-02	3.282266e-02
7.400000e-02	7.600000e-02	6.156680e-01	3.596770e-02	3.596770e-02
7.600000e-02	7.800000e-02	7.984770e-01	4.096101e-02	4.096101e-02
7.800000e-02	8.000000e-02	8.867295e-01	4.316533e-02	4.316533e-02
8.000000e-02	8.200000e-02	1.002299e+00	4.589211e-02	4.589211e-02
8.200000e-02	8.400000e-02	1.117868e+00	4.846572e-02	4.846572e-02
8.400000e-02	8.600000e-02	1.260753e+00	5.147004e-02	5.147004e-02
8.600000e-02	8.800000e-02	1.472980e+00	5.563369e-02	5.563369e-02
8.800000e-02	9.000000e-02	1.668396e+00	5.920918e-02	5.920918e-02
9.000000e-02	9.200000e-02	1.954167e+00	6.407968e-02	6.407968e-02
9.200000e-02	9.400000e-02	2.122268e+00	6.677895e-02	6.677895e-02
9.400000e-02	9.600000e-02	2.252545e+00	6.879806e-02	6.879806e-02
9.600000e-02	9.800000e-02	2.260950e+00	6.892630e-02	6.892630e-02
9.800000e-02	1.000000e-01	2.550924e+00	7.321299e-02	7.321299e-02
1.000000e-01	1.020000e-01	2.752645e+00	7.605266e-02	7.605266e-02
1.020000e-01	1.040000e-01	2.893428e+00	7.797328e-02	7.797328e-02
1.040000e-01	1.060000e-01	3.069934e+00	8.031634e-02	8.031634e-02
1.060000e-01	1.080000e-01	3.284262e+00	8.307269e-02	8.307269e-02
1.080000e-01	1.100000e-01	3.431350e+00	8.491256e-02	8.491256e-02
1.100000e-01	1.120000e-01	3.668791e+00	8.780130e-02	8.780130e-02
1.120000e-01	1.140000e-01	3.792766e+00	8.927245e-02	8.927245e-02
1.140000e-01	1.160000e-01	4.091144e+00	9.271751e-02	9.271751e-02
1.160000e-01	1.180000e-01	4.040714e+00	9.214430e-02	9.214430e-02
1.180000e-01	1.200000e-01	4.225624e+00	9.422906e-02	9.422906e-02
1.200000e-01	1.220000e-01	4.368509e+00	9.580895e-02	9.580895e-02
1.220000e-01	1.240000e-01	4.408433e+00	9.624575e-02	9.624575e-02
1.240000e-01	1.260000e-01	4.467268e+00	9.688587e-02	9.688587e-02
1.260000e-01	1.280000e-01	4.719419e+00	9.958265e-02	9.958265e-02
1.280000e-01	1.300000e-01	4.683698e+00	9.920507e-02	9.920507e-02
1.300000e-01	1.320000e-01	4.908532e+00	1.015583e-01	1.015583e-01
1.320000e-01	1.340000e-01	4.816077e+00	1.005973e-01	1.005973e-01
1.340000e-01	1.360000e-01	4.919038e+00	1.016669e-01	1.016669e-01
1.360000e-01	1.380000e-01	5.196405e+00	1.044939e-01	1.044939e-01
1.380000e-01	1.400000e-01	5.032505e+00	1.028328e-01	1.028328e-01
1.400000e-01	1.420000e-01	5.173290e+00	1.042612e-01	1.042612e-01
1.420000e-01	1.440000e-01	4.885418e+00	1.013189e-01	1.013189e-01
1.440000e-01	1.460000e-01	5.122860e+00	1.037518e-01	1.037518e-01
1.460000e-01	1.480000e-01	5.257340e+00	1.051048e-01	1.051048e-01
1.480000e-01	1.500000e-01	5.213215e+00	1.046628e-01	1.046628e-01
1.500000e-01	1.520000e-01	5.236330e+00	1.048945e-01	1.048945e-01
1.520000e-01	1.540000e-01	5.261545e+00	1.051468e-01	1.051468e-01
1.540000e-01	1.560000e-01	5.089240e+00	1.034108e-01	1.034108e-01
1.560000e-01	1.580000e-01	5.202710e+00	1.045572e-01	1.045572e-01
1.580000e-01	1.600000e-01	5.227925e+00	1.048103e-01	1.048103e-01
1.600000e-01	1.620000e-01	5.192200e+00	1.044516e-01	1.044516e-01
1.620000e-01	1.640000e-01	5.265745e+00	1.051888e-01	1.051888e-01
1.640000e-01	1.660000e-01	5.154380e+00	1.040705e-01	1.040705e-01
1.660000e-01	1.680000e-01	5.152280e+00	1.040493e-01	1.040493e-01
1.680000e-01	1.700000e-01	5.295165e+00	1.054822e-01	1.054822e-01
1.700000e-01	1.720000e-01	5.017800e+00	1.026824e-01	1.026824e-01
1.720000e-01	1.740000e-01	5.143875e+00	1.039644e-01	1.039644e-01
1.740000e-01	1.760000e-01	5.015695e+00	1.026609e-01	1.026609e-01
1.760000e-01	1.780000e-01	5.007290e+00	1.025748e-01	1.025748e-01
1.780000e-01	1.800000e-01	5.030405e+00	1.028113e-01	1.028113e-01
1.800000e-01	1.820000e-01	5.036710e+00	1.028757e-01	1.028757e-01
1.820000e-01	1.840000e-01	4.750938e+00	9.991464e-02	9.991464e-02
1.840000e-01	1.860000e-01	4.698407e+00	9.936072e-02	9.936072e-02
1.860000e-01	1.880000e-01	4.706812e+00	9.944955e-02	9.944955e-02
1.880000e-01	1.900000e-01	4.618559e+00	9.851280e-02	9.851280e-02
1.900000e-01	1.920000e-01	4.587040e+00	9.817608e-02	9.817608e-02
1.920000e-01	1.940000e-01	4.391623e+00	9.606208e-02	9.606208e-02
1.940000e-01	1.960000e-01	4.400028e+00	9.615395e-02	9.615395e-02
1.960000e-01	1.980000e-01	4.402130e+00	9.617691e-02	9.617691e-02
1.980000e-01	2.000000e-01	4.381117e+00	9.594709e-02	9.594709e-02
2.000000e-01	2.020000e-01	4.307573e+00	9.513839e-02	9.513839e-02
2.020000e-01	2.040000e-01	4.330687e+00	9.539329e-02	9.539329e-02
2.040000e-01	2.060000e-01	4.269750e+00	9.471978e-02	9.471978e-02
2.060000e-01	2.080000e-01	4.339092e+00	9.548581e-02	9.548581e-02
2.080000e-01	2.100000e-01	4.007094e+00	9.176016e-02	9.176016e-02
2.100000e-01	2.120000e-01	4.028106e+00	9.200043e-02	9.200043e-02
2.120000e-01	2.140000e-01	3.830588e+00	8.971647e-02	8.971647e-02
2.140000e-01	2.160000e-01	3.855803e+00	9.001126e-02	9.001126e-02
2.160000e-01	2.180000e-01	3.843196e+00	8.986398e-02	8.986398e-02
2.180000e-01	2.200000e-01	3.782259e+00	8.914871e-02	8.914871e-02
2.200000e-01	2.220000e-01	3.746538e+00	8.872673e-02	8.872673e-02
2.220000e-01	2.240000e-01	3.538514e+00	8.622830e-02	8.622830e-02
2.240000e-01	2.260000e-01	3.601551e+00	8.699299e-02	8.699299e-02
2.260000e-01	2.280000e-01	3.490185e+00	8.563743e-02	8.563743e-02
2.280000e-01	2.300000e-01	3.397730e+00	8.449555e-02	8.449555e-02
2.300000e-01	2.320000e-01	3.338894e+00	8.376079e-02	8.376079e-02
2.320000e-01	2.340000e-01	3.443957e+00	8.506840e-02	8.506840e-02
2.340000e-01	2.360000e-01	3.355705e+00	8.397138e-02	8.397138e-02
2.360000e-01	2.380000e-01	3.128769e+00	8.108232e-02	8.108232e-02
2.380000e-01	2.400000e-01	3.126668e+00	8.105509e-02	8.105509e-02
2.400000e-01	2.420000e-01	3.074136e+00	8.037129e-02	8.037129e-02
2.420000e-01	2.440000e-01	3.034212e+00	7.984770e-02	7.984770e-02
2.440000e-01	2.460000e-01	2.983782e+00	7.918137e-02	7.918137e-02
2.460000e-01	2.480000e-01	2.870314e+00	7.766122e-02	7.766122e-02
2.480000e-01	2.500000e-01	2.922846e+00	7.836865e-02	7.836865e-02
2.500000e-01	2.520000e-01	2.771555e+00	7.631347e-02	7.631347e-02
2.520000e-01	2.540000e-01	2.845099e+00	7.731934e-02	7.731934e-02
2.540000e-01	2.560000e-01	2.815682e+00	7.691858e-02	7.691858e-02
2.560000e-01	2.580000e-01	2.632873e+00	7.437968e-02	7.437968e-02
2.580000e-01	2.600000e-01	2.555126e+00	7.327327e-02	7.327327e-02
2.600000e-01	2.620000e-01	2.571936e+00	7.351391e-02	7.351391e-02
2.620000e-01	2.640000e-01	2.548822e+00	7.318284e-02	7.318284e-02
2.640000e-01	2.660000e-01	2.525709e+00	7.285026e-02	7.285026e-02
2.660000e-01	2.680000e-01	2.370216e+00	7.057216e-02	7.057216e-02
2.680000e-01	2.700000e-01	2.437456e+00	7.156618e-02	7.156618e-02
2.700000e-01	2.720000e-01	2.296672e+00	6.946866e-02	6.946866e-02
2.720000e-01	2.740000e-01	2.340798e+00	7.013284e-02	7.013284e-02
2.740000e-01	2.760000e-01	2.200014e+00	6.799112e-02	6.799112e-02
2.760000e-01	2.780000e-01	2.279862e+00	6.921396e-02	6.921396e-02
2.780000e-01	2.800000e-01	2.067635e+00	6.591381e-02	6.591381e-02
2.800000e-01	2.820000e-01	2.176901e+00	6.763300e-02	6.763300e-02
2.820000e-01	2.840000e-01	1.994091e+00	6.473094e-02	6.473094e-02
2.840000e-01	2.860000e-01	2.244140e+00	6.866959e-02	6.866959e-02
2.860000e-01	2.880000e-01	1.937357e+00	6.380347e-02	6.380347e-02
2.880000e-01	2.900000e-01	2.044521e+00	6.554436e-02	6.554436e-02
2.900000e-01	2.920000e-01	1.865914e+00	6.261599e-02	6.261599e-02
2.920000e-01	2.940000e-01	1.931053e+00	6.369959e-02	6.369959e-02
2.940000e-01	2.960000e-01	1.819687e+00	6.183549e-02	6.183549e-02
2.960000e-01	2.980000e-01	1.853307e+00	6.240411e-02	6.240411e-02
2.980000e-01	3.000000e-01	1.744042e+00	6.053658e-02	6.053658e-02
3.000000e-01	3.020000e-01	1.815484e+00	6.176405e-02	6.176405e-02
3.020000e-01	3.040000e-01	1.834396e+00	6.208490e-02	6.208490e-02
3.040000e-01	3.060000e-01	1.672599e+00	5.928370e-02	5.928370e-02
3.060000e-01	3.080000e-01	1.596954e+00	5.792761e-02	5.792761e-02
3.080000e-01	3.100000e-01	1.605359e+00	5.807986e-02	5.807986e-02
3.100000e-01	3.120000e-01	1.622169e+00	5.838315e-02	5.838315e-02
3.120000e-01	3.140000e-01	1.578042e+00	5.758359e-02	5.758359e-02
3.140000e-01	3.160000e-01	1.529714e+00	5.669497e-02	5.669497e-02
3.160000e-01	3.180000e-01	1.590650e+00	5.781317e-02	5.781317e-02
3.180000e-01	3.200000e-01	1.462473e+00	5.543492e-02	5.543492e-02
3.200000e-01	3.220000e-01	1.403638e+00	5.430840e-02	5.430840e-02
3.220000e-01	3.240000e-01	1.393132e+00	5.410478e-02	5.410478e-02
3.240000e-01	3.260000e-01	1.391031e+00	5.406397e-02	5.406397e-02
3.260000e-01	3.280000e-01	1.399436e+00	5.422705e-02	5.422705e-02
3.280000e-01	3.300000e-01	1.325892e+00	5.278293e-02	5.278293e-02
3.300000e-01	3.320000e-01	1.346904e+00	5.319953e-02	5.319953e-02
3.320000e-01	3.340000e-01	1.376322e+00	5.377737e-02	5.377737e-02
3.340000e-01	3.360000e-01	1.281765e+00	5.189718e-02	5.189718e-02
3.360000e-01	3.380000e-01	1.288069e+00	5.202463e-02	5.202463e-02
3.380000e-01	3.400000e-01	1.199817e+00	5.021078e-02	5.021078e-02
3.400000e-01	3.420000e-01	1.172500e+00	4.963590e-02	4.963590e-02
3.420000e-01	3.440000e-01	1.241842e+00	5.108256e-02	5.108256e-02
3.440000e-01	3.460000e-01	1.132576e+00	4.878353e-02	4.878353e-02
3.460000e-01	3.480000e-01	1.105260e+00	4.819164e-02	4.819164e-02
3.480000e-01	3.500000e-01	1.094754e+00	4.796204e-02	4.796204e-02
3.500000e-01	3.520000e-01	1.122070e+00	4.855673e-02	4.855673e-02
3.520000e-01	3.540000e-01	1.000197e+00	4.584398e-02	4.584398e-02
3.540000e-01	3.560000e-01	1.012805e+00	4.613201e-02	4.613201e-02
3.560000e-01	3.580000e-01	9.791850e-01	4.535987e-02	4.535987e-02
3.580000e-01	3.600000e-01	1.069539e+00	4.740648e-02	4.740648e-02
3.600000e-01	3.620000e-01	1.044324e+00	4.684433e-02	4.684433e-02
3.620000e-01	3.640000e-01	9.014385e-01	4.352186e-02	4.352186e-02
3.640000e-01	3.660000e-01	9.371600e-01	4.437580e-02	4.437580e-02
3.660000e-01	3.680000e-01	9.518685e-01	4.472269e-02	4.472269e-02
3.680000e-01	3.700000e-01	1.008602e+00	4.603620e-02	4.603620e-02
3.700000e-01	3.720000e-01	8.804260e-01	4.301162e-02	4.301162e-02
3.720000e-01	3.740000e-01	8.405020e-01	4.202511e-02	4.202511e-02
3.740000e-01	3.760000e-01	8.341985e-01	4.186722e-02	4.186722e-02
3.760000e-01	3.780000e-01	8.489070e-01	4.223471e-02	4.223471e-02
3.780000e-01	3.800000e-01	8.384010e-01	4.197254e-02	4.197254e-02
3.800000e-01	3.820000e-01	8.846285e-01	4.311415e-02	4.311415e-02
3.820000e-01	3.840000e-01	7.648570e-01	4.008940e-02	4.008940e-02
3.840000e-01	3.860000e-01	8.299960e-01	4.176162e-02	4.176162e-02
3.860000e-01	3.880000e-01	7.942745e-01	4.085307e-02	4.085307e-02
3.880000e-01	3.900000e-01	7.879705e-01	4.069063e-02	4.069063e-02
3.900000e-01	3.920000e-01	7.480470e-01	3.964641e-02	3.964641e-02
3.920000e-01	3.940000e-01	7.711605e-01	4.025426e-02	4.025426e-02
3.940000e-01	3.960000e-01	7.018195e-01	3.840184e-02	3.840184e-02
3.960000e-01	3.980000e-01	7.249330e-01	3.902909e-02	3.902909e-02
3.980000e-01	4.000000e-01	6.261740e-01	3.627329e-02	3.627329e-02
4.000000e-01	4.020000e-01	6.681990e-01	3.747075e-02	3.747075e-02
4.020000e-01	4.040000e-01	7.228320e-01	3.897248e-02	3.897248e-02
4.040000e-01	4.060000e-01	6.681990e-01	3.747075e-02	3.747075e-02
4.060000e-01	4.080000e-01	6.997180e-01	3.834431e-02	3.834431e-02
4.080000e-01	4.100000e-01	6.471865e-01	3.687688e-02	3.687688e-02
4.100000e-01	4.120000e-01	6.051615e-01	3.565948e-02	3.565948e-02
4.120000e-01	4.140000e-01	5.967565e-01	3.541098e-02	3.541098e-02
4.140000e-01	4.160000e-01	5.988580e-01	3.547327e-02	3.547327e-02
4.160000e-01	4.180000e-01	5.841490e-01	3.503493e-02	3.503493e-02
4.180000e-01	4.200000e-01	6.261740e-01	3.627329e-02	3.627329e-02
4.200000e-01	4.220000e-01	6.114655e-01	3.584473e-02	3.584473e-02
4.220000e-01	4.240000e-01	5.778450e-01	3.484538e-02	3.484538e-02
4.240000e-01	4.260000e-01	5.274150e-01	3.329014e-02	3.329014e-02
4.260000e-01	4.280000e-01	5.148075e-01	3.288985e-02	3.288985e-02
4.280000e-01	4.300000e-01	5.568325e-01	3.420596e-02	3.420596e-02
4.300000e-01	4.320000e-01	5.484275e-01	3.394682e-02	3.394682e-02
4.320000e-01	4.340000e-01	6.429840e-01	3.675696e-02	3.675696e-02
4.340000e-01	4.360000e-01	4.454661e-01	3.059474e-02	3.059474e-02
4.360000e-01	4.380000e-01	5.463265e-01	3.388172e-02	3.388172e-02
4.380000e-01	4.400000e-01	4.727824e-01	3.151883e-02	3.151883e-02
4.400000e-01	4.420000e-01	4.811874e-01	3.179776e-02	3.179776e-02
4.420000e-01	4.440000e-01	4.685799e-01	3.137843e-02	3.137843e-02
4.440000e-01	4.460000e-01	4.538711e-01	3.088202e-02	3.088202e-02
4.460000e-01	4.480000e-01	3.698209e-01	2.787630e-02	2.787630e-02
4.480000e-01	4.500000e-01	4.517699e-01	3.081045e-02	3.081045e-02
4.500000e-01	4.520000e-01	4.265548e-01	2.993828e-02	2.993828e-02
4.520000e-01	4.540000e-01	4.139473e-01	2.949252e-02	2.949252e-02
4.540000e-01	4.560000e-01	3.887322e-01	2.858016e-02	2.858016e-02
4.560000e-01	4.580000e-01	4.538711e-01	3.088202e-02	3.088202e-02
4.580000e-01	4.600000e-01	4.097448e-01	2.934244e-02	2.934244e-02
4.600000e-01	4.620000e-01	4.181498e-01	2.964185e-02	2.964185e-02
4.620000e-01	4.640000e-01	4.307573e-01	3.008540e-02	3.008540e-02
4.640000e-01	4.660000e-01	4.307573e-01	3.008540e-02	3.008540e-02
4.660000e-01	4.680000e-01	4.223523e-01	2.979043e-02	2.979043e-02
4.680000e-01	4.700000e-01	4.034410e-01	2.911585e-02	2.911585e-02
4.700000e-01	4.720000e-01	3.887322e-01	2.858016e-02	2.858016e-02
4.720000e-01	4.740000e-01	3.530109e-01	2.723538e-02	2.723538e-02
4.740000e-01	4.760000e-01	3.383021e-01	2.666194e-02	2.666194e-02
4.760000e-01	4.780000e-01	3.656184e-01	2.771746e-02	2.771746e-02
4.780000e-01	4.800000e-01	3.340996e-01	2.649582e-02	2.649582e-02
4.800000e-01	4.820000e-01	3.803272e-01	2.826950e-02	2.826950e-02
4.820000e-01	4.840000e-01	3.046820e-01	2.530247e-02	2.530247e-02
4.840000e-01	4.860000e-01	4.265548e-01	2.993828e-02	2.993828e-02
4.860000e-01	4.880000e-01	4.034410e-01	2.911585e-02	2.911585e-02
4.880000e-01	4.900000e-01	3.404033e-01	2.674461e-02	2.674461e-02
4.900000e-01	4.920000e-01	3.193908e-01	2.590601e-02	2.590601e-02
4.920000e-01	4.940000e-01	3.004795e-01	2.512736e-02	2.512736e-02
4.940000e-01	4.960000e-01	2.731632e-01	2.395799e-02	2.395799e-02
4.960000e-01	4.980000e-01	3.109858e-01	2.556287e-02	2.556287e-02
4.980000e-01	5.000000e-01	2.941757e-01	2.486239e-02	2.486239e-02
5.000000e-01	5.020000e-01	3.172895e-01	2.582066e-02	2.582066e-02
5.020000e-01	5.040000e-01	3.088845e-01	2.547637e-02	2.547637e-02
5.040000e-01	5.060000e-01	2.647581e-01	2.358653e-02	2.358653e-02
5.060000e-01	5.080000e-01	2.878719e-01	2.459456e-02	2.459456e-02
5.080000e-01	5.100000e-01	2.920745e-01	2.477343e-02	2.477343e-02
5.100000e-01	5.120000e-01	2.773657e-01	2.414159e-02	2.414159e-02
5.120000e-01	5.140000e-01	2.017205e-01	2.058801e-02	2.058801e-02
5.140000e-01	5.160000e-01	2.479481e-01	2.282547e-02	2.282547e-02
5.160000e-01	5.180000e-01	2.857707e-01	2.450464e-02	2.450464e-02
5.180000e-01	5.200000e-01	2.227330e-01	2.163375e-02	2.163375e-02
5.200000e-01	5.220000e-01	2.269355e-01	2.183688e-02	2.183688e-02
5.220000e-01	5.240000e-01	2.542519e-01	2.311381e-02	2.311381e-02
5.240000e-01	5.260000e-01	2.983782e-01	2.503935e-02	2.503935e-02
5.260000e-01	5.280000e-01	2.227330e-01	2.163375e-02	2.163375e-02
5.280000e-01	5.300000e-01	2.311381e-01	2.203815e-02	2.203815e-02
5.300000e-01	5.320000e-01	2.038217e-01	2.069496e-02	2.069496e-02
5.320000e-01	5.340000e-01	1.786067e-01	1.937262e-02	1.937262e-02
5.340000e-01	5.360000e-01	1.996192e-01	2.048050e-02	2.048050e-02
5.360000e-01	5.380000e-01	2.017205e-01	2.058801e-02	2.058801e-02
5.380000e-01	5.400000e-01	1.996192e-01	2.048050e-02	2.048050e-02
5.400000e-01	5.420000e-01	1.786067e-01	1.937262e-02	1.937262e-02
5.420000e-01	5.440000e-01	1.975180e-01	2.037243e-02	2.037243e-02
5.440000e-01	5.460000e-01	1.870117e-01	1.982320e-02	1.982320e-02
5.460000e-01	5.480000e-01	2.017205e-01	2.058801e-02	2.058801e-02
5.480000e-01	5.500000e-01	1.786067e-01	1.937262e-02	1.937262e-02
5.500000e-01	5.520000e-01	1.807079e-01	1.948624e-02	1.948624e-02
5.520000e-01	5.540000e-01	1.702017e-01	1.891130e-02	1.891130e-02
5.540000e-01	5.560000e-01	1.891130e-01	1.993426e-02	1.993426e-02
5.560000e-01	5.580000e-01	1.828092e-01	1.959920e-02	1.959920e-02
5.580000e-01	5.600000e-01	1.975180e-01	2.037243e-02	2.037243e-02
5.600000e-01	5.620000e-01	2.206318e-01	2.153146e-02	2.153146e-02
5.620000e-01	5.640000e-01	1.702017e-01	1.891130e-02	1.891130e-02
5.640000e-01	5.660000e-01	2.122268e-01	2.111736e-02	2.111736e-02
5.660000e-01	5.680000e-01	1.807079e-01	1.948624e-02	1.948624e-02
5.680000e-01	5.700000e-01	1.323791e-01	1.667820e-02	1.667820e-02
5.700000e-01	5.720000e-01	1.702017e-01	1.891130e-02	1.891130e-02
5.720000e-01	5.740000e-01	1.828092e-01	1.959920e-02	1.959920e-02
5.740000e-01	5.760000e-01	1.638979e-01	1.855778e-02	1.855778e-02
5.760000e-01	5.780000e-01	1.449866e-01	1.745434e-02	1.745434e-02
5.780000e-01	5.800000e-01	1.596954e-01	1.831832e-02	1.831832e-02
5.800000e-01	5.820000e-01	1.428853e-01	1.732739e-02	1.732739e-02
5.820000e-01	5.840000e-01	1.617966e-01	1.843844e-02	1.843844e-02
5.840000e-01	5.860000e-01	1.470878e-01	1.758037e-02	1.758037e-02
5.860000e-01	5.880000e-01	1.281765e-01	1.641133e-02	1.641133e-02
5.880000e-01	5.900000e-01	1.344803e-01	1.681004e-02	1.681004e-02
5.900000e-01	5.920000e-01	1.428853e-01	1.732739e-02	1.732739e-02
5.920000e-01	5.940000e-01	1.239740e-01	1.614005e-02	1.614005e-02
5.940000e-01	5.960000e-01	1.575941e-01	1.819740e-02	1.819740e-02
5.960000e-01	5.980000e-01	2.101255e-01	2.101256e-02	2.101256e-02
5.980000e-01	6.000000e-01	1.281765e-01	1.641133e-02	1.641133e-02
6.000000e-01	6.020000e-01	1.260753e-01	1.627626e-02	1.627626e-02
6.020000e-01	6.040000e-01	1.281765e-01	1.641133e-02	1.641133e-02
6.040000e-01	6.060000e-01	1.071640e-01	1.500596e-02	1.500596e-02
6.060000e-01	6.080000e-01	1.344803e-01	1.681004e-02	1.681004e-02
6.080000e-01	6.100000e-01	1.386828e-01	1.707068e-02	1.707068e-02
6.100000e-01	6.120000e-01	1.344803e-01	1.681004e-02	1.681004e-02
6.120000e-01	6.140000e-01	1.302778e-01	1.654530e-02	1.654530e-02
6.140000e-01	6.160000e-01	8.825270e-02	1.361769e-02	1.361769e-02
6.160000e-01	6.180000e-01	1.071640e-01	1.500596e-02	1.500596e-02
6.180000e-01	6.200000e-01	1.071640e-01	1.500596e-02	1.500596e-02
6.200000e-01	6.220000e-01	1.197715e-01	1.586413e-02	1.586413e-02
6.220000e-01	6.240000e-01	1.008602e-01	1.455792e-02	1.455792e-02
6.240000e-01	6.260000e-01	1.218728e-01	1.600269e-02	1.600269e-02
6.260000e-01	6.280000e-01	1.113665e-01	1.529737e-02	1.529737e-02
6.280000e-01	6.300000e-01	1.092653e-01	1.515237e-02	1.515237e-02
6.300000e-01	6.320000e-01	1.134678e-01	1.544101e-02	1.544101e-02
6.320000e-01	6.340000e-01	1.449866e-01	1.745434e-02	1.745434e-02
6.340000e-01	6.360000e-01	1.323791e-01	1.667820e-02	1.667820e-02
6.360000e-01	6.380000e-01	1.029615e-01	1.470879e-02	1.470879e-02
6.380000e-01	6.400000e-01	8.825270e-02	1.361769e-02	1.361769e-02
6.400000e-01	6.420000e-01	1.092653e-01	1.515237e-02	1.515237e-02
6.420000e-01	6.440000e-01	8.405020e-02	1.328951e-02	1.328951e-02
6.440000e-01	6.460000e-01	1.260753e-01	1.627626e-02	1.627626e-02
6.460000e-01	6.480000e-01	9.245525e-02	1.393815e-02	1.393815e-02
6.480000e-01	6.500000e-01	7.354395e-02	1.243119e-02	1.243119e-02
6.500000e-01	6.520000e-01	1.008602e-01	1.455792e-02	1.455792e-02
6.520000e-01	6.540000e-01	1.029615e-01	1.470879e-02	1.470879e-02
6.540000e-01	6.560000e-01	8.615145e-02	1.345460e-02	1.345460e-02
6.560000e-01	6.580000e-01	8.825270e-02	1.361769e-02	1.361769e-02
6.580000e-01	6.600000e-01	9.035400e-02	1.377885e-02	1.377885e-02
6.600000e-01	6.620000e-01	9.035400e-02	1.377885e-02	1.377885e-02
6.620000e-01	6.640000e-01	7.984770e-02	1.295301e-02	1.295301e-02
6.640000e-01	6.660000e-01	9.455650e-02	1.409565e-02	1.409565e-02
6.660000e-01	6.680000e-01	7.984770e-02	1.295301e-02	1.295301e-02
6.680000e-01	6.700000e-01	6.513890e-02	1.169929e-02	1.169929e-02
6.700000e-01	6.720000e-01	6.513890e-02	1.169929e-02	1.169929e-02
6.720000e-01	6.740000e-01	9.455650e-02	1.409565e-02	1.409565e-02
6.740000e-01	6.760000e-01	8.825270e-02	1.361769e-02	1.361769e-02
6.760000e-01	6.780000e-01	4.832887e-02	1.007727e-02	1.007727e-02
6.780000e-01	6.800000e-01	6.093640e-02	1.131561e-02	1.131561e-02
6.800000e-01	6.820000e-01	6.934140e-02	1.207079e-02	1.207079e-02
6.820000e-01	6.840000e-01	6.093640e-02	1.131561e-02	1.131561e-02
6.840000e-01	6.860000e-01	6.724015e-02	1.188649e-02	1.188649e-02
6.860000e-01	6.880000e-01	5.463265e-02	1.071434e-02	1.071434e-02
6.880000e-01	6.900000e-01	6.513890e-02	1.169929e-02	1.169929e-02
6.900000e-01	6.920000e-01	6.724015e-02	1.188649e-02	1.188649e-02
6.920000e-01	6.940000e-01	9.665775e-02	1.425141e-02	1.425141e-02
6.940000e-01	6.960000e-01	6.513890e-02	1.169929e-02	1.169929e-02
6.960000e-01	6.980000e-01	6.303765e-02	1.150905e-02	1.150905e-02
6.980000e-01	7.000000e-01	5.253140e-02	1.050628e-02	1.050628e-02
7.000000e-01	7.020000e-01	5.043015e-02	1.029401e-02	1.029401e-02
7.020000e-01	7.040000e-01	6.724015e-02	1.188649e-02	1.188649e-02
7.040000e-01	7.060000e-01	6.934140e-02	1.207079e-02	1.207079e-02
7.060000e-01	7.080000e-01	5.883515e-02	1.111880e-02	1.111880e-02
7.080000e-01	7.100000e-01	8.615145e-02	1.345460e-02	1.345460e-02
7.100000e-01	7.120000e-01	5.253140e-02	1.050628e-02	1.050628e-02
7.120000e-01	7.140000e-01	5.463265e-02	1.071434e-02	1.071434e-02
7.140000e-01	7.160000e-01	6.303765e-02	1.150905e-02	1.150905e-02
7.160000e-01	7.180000e-01	3.992385e-02	9.159159e-03	9.159159e-03
7.180000e-01	7.200000e-01	4.832887e-02	1.007727e-02	1.007727e-02
7.200000e-01	7.220000e-01	4.202510e-02	9.397099e-03	9.397099e-03
7.220000e-01	7.240000e-01	5.883515e-02	1.111880e-02	1.111880e-02
7.240000e-01	7.260000e-01	5.883515e-02	1.111880e-02	1.111880e-02
7.260000e-01	7.280000e-01	5.463265e-02	1.071434e-02	1.071434e-02
7.280000e-01	7.300000e-01	4.412636e-02	9.629161e-03	9.629161e-03
7.300000e-01	7.320000e-01	4.622761e-02	9.855761e-03	9.855761e-03
7.320000e-01	7.340000e-01	5.253140e-02	1.050628e-02	1.050628e-02
7.340000e-01	7.360000e-01	3.992385e-02	9.159159e-03	9.159159e-03
7.360000e-01	7.380000e-01	5.463265e-02	1.071434e-02	1.071434e-02
7.380000e-01	7.400000e-01	4.622761e-02	9.855761e-03	9.855761e-03
7.400000e-01	7.420000e-01	4.412636e-02	9.629161e-03	9.629161e-03
7.420000e-01	7.440000e-01	5.253140e-02	1.050628e-02	1.050628e-02
7.440000e-01	7.460000e-01	4.622761e-02	9.855761e-03	9.855761e-03
7.460000e-01	7.480000e-01	3.992385e-02	9.159159e-03	9.159159e-03
7.480000e-01	7.500000e-01	4.622761e-02	9.855761e-03	9.855761e-03
7.500000e-01	7.520000e-01	4.832887e-02	1.007727e-02	1.007727e-02
7.520000e-01	7.540000e-01	4.832887e-02	1.007727e-02	1.007727e-02
7.540000e-01	7.560000e-01	5.463265e-02	1.071434e-02	1.071434e-02
7.560000e-01	7.580000e-01	4.832887e-02	1.007727e-02	1.007727e-02
7.580000e-01	7.600000e-01	4.202510e-02	9.397099e-03	9.397099e-03
7.600000e-01	7.620000e-01	3.992385e-02	9.159159e-03	9.159159e-03
7.620000e-01	7.640000e-01	3.992385e-02	9.159159e-03	9.159159e-03
7.640000e-01	7.660000e-01	3.362008e-02	8.405021e-03	8.405021e-03
7.660000e-01	7.680000e-01	4.412636e-02	9.629161e-03	9.629161e-03
7.680000e-01	7.700000e-01	3.782259e-02	8.914871e-03	8.914871e-03
7.700000e-01	7.720000e-01	2.731632e-02	7.576183e-03	7.576183e-03
7.720000e-01	7.740000e-01	3.362008e-02	8.405021e-03	8.405021e-03
7.740000e-01	7.760000e-01	2.941757e-02	7.862177e-03	7.862177e-03
7.760000e-01	7.780000e-01	2.311381e-02	6.969075e-03	6.969075e-03
7.780000e-01	7.800000e-01	4.622761e-02	9.855761e-03	9.855761e-03
7.800000e-01	7.820000e-01	3.782259e-02	8.914871e-03	8.914871e-03
7.820000e-01	7.840000e-01	3.151883e-02	8.138126e-03	8.138126e-03
7.840000e-01	7.860000e-01	4.202510e-02	9.397099e-03	9.397099e-03
7.860000e-01	7.880000e-01	4.202510e-02	9.397099e-03	9.397099e-03
7.880000e-01	7.900000e-01	3.362008e-02	8.405021e-03	8.405021e-03
7.900000e-01	7.920000e-01	3.572134e-02	8.663697e-03	8.663697e-03
7.920000e-01	7.940000e-01	2.311381e-02	6.969075e-03	6.969075e-03
7.940000e-01	7.960000e-01	1.891130e-02	6.303767e-03	6.303767e-03
7.960000e-01	7.980000e-01	3.362008e-02	8.405021e-03	8.405021e-03
7.980000e-01	8.000000e-01	2.311381e-02	6.969075e-03	6.969075e-03
8.000000e-01	8.020000e-01	3.572134e-02	8.663697e-03	8.663697e-03
8.020000e-01	8.040000e-01	2.101255e-02	6.644754e-03	6.644754e-03
8.040000e-01	8.060000e-01	3.151883e-02	8.138126e-03	8.138126e-03
8.060000e-01	8.080000e-01	2.941757e-02	7.862177e-03	7.862177e-03
8.080000e-01	8.100000e-01	3.782259e-02	8.914871e-03	8.914871e-03
8.100000e-01	8.120000e-01	2.521506e-02	7.278961e-03	7.278961e-03
8.120000e-01	8.140000e-01	3.362009e-02	8.405021e-03	8.405021e-03
8.140000e-01	8.160000e-01	3.151883e-02	8.138126e-03	8.138126e-03
8.160000e-01	8.180000e-01	2.521506e-02	7.278961e-03	7.278961e-03
8.180000e-01	8.200000e-01	3.782259e-02	8.914871e-03	8.914871e-03
8.200000e-01	8.220000e-01	2.311381e-02	6.969075e-03	6.969075e-03
8.220000e-01	8.240000e-01	2.311381e-02	6.969075e-03	6.969075e-03
8.240000e-01	8.260000e-01	3.572134e-02	8.663697e-03	8.663697e-03
8.260000e-01	8.280000e-01	2.311381e-02	6.969075e-03	6.969075e-03
8.280000e-01	8.300000e-01	2.941757e-02	7.862177e-03	7.862177e-03
8.300000e-01	8.320000e-01	4.832887e-02	1.007727e-02	1.007727e-02
8.320000e-01	8.340000e-01	2.521506e-02	7.278961e-03	7.278961e-03
8.340000e-01	8.360000e-01	1.681004e-02	5.943248e-03	5.943248e-03
8.360000e-01	8.380000e-01	2.101255e-02	6.644754e-03	6.644754e-03
8.380000e-01	8.400000e-01	2.101255e-02	6.644754e-03	6.644754e-03
8.400000e-01	8.420000e-01	1.891130e-02	6.303767e-03	6.303767e-03
8.420000e-01	8.440000e-01	2.311381e-02	6.969075e-03	6.969075e-03
8.440000e-01	8.460000e-01	3.782259e-02	8.914871e-03	8.914871e-03
8.460000e-01	8.480000e-01	1.891130e-02	6.303767e-03	6.303767e-03
8.480000e-01	8.500000e-01	1.470878e-02	5.559400e-03	5.559400e-03
8.500000e-01	8.520000e-01	1.050627e-02	4.698550e-03	4.698550e-03
8.520000e-01	8.540000e-01	1.681004e-02	5.943248e-03	5.943248e-03
8.540000e-01	8.560000e-01	2.311381e-02	6.969075e-03	6.969075e-03
8.560000e-01	8.580000e-01	1.050627e-02	4.698550e-03	4.698550e-03
8.580000e-01	8.600000e-01	1.470878e-02	5.559400e-03	5.559400e-03
8.600000e-01	8.620000e-01	1.260753e-02	5.147004e-03	5.147004e-03
8.620000e-01	8.640000e-01	1.470878e-02	5.559400e-03	5.559400e-03
8.640000e-01	8.660000e-01	1.681004e-02	5.943248e-03	5.943248e-03
8.660000e-01	8.680000e-01	1.891130e-02	6.303767e-03	6.303767e-03
8.680000e-01	8.700000e-01	1.681004e-02	5.943248e-03	5.943248e-03
8.700000e-01	8.720000e-01	2.521506e-02	7.278961e-03	7.278961e-03
8.720000e-01	8.740000e-01	1.260753e-02	5.147004e-03	5.147004e-03
8.740000e-01	8.760000e-01	2.521506e-02	7.278961e-03	7.278961e-03
8.760000e-01	8.780000e-01	1.891130e-02	6.303767e-03	6.303767e-03
8.780000e-01	8.800000e-01	8.405020e-03	4.202511e-03	4.202511e-03
8.800000e-01	8.820000e-01	1.681004e-02	5.943248e-03	5.943248e-03
8.820000e-01	8.840000e-01	1.050627e-02	4.698550e-03	4.698550e-03
8.840000e-01	8.860000e-01	2.731632e-02	7.576183e-03	7.576183e-03
8.860000e-01	8.880000e-01	1.891130e-02	6.303767e-03	6.303767e-03
8.880000e-01	8.900000e-01	1.681004e-02	5.943248e-03	5.943248e-03
8.900000e-01	8.920000e-01	4.202510e-03	2.971624e-03	2.971624e-03
8.920000e-01	8.940000e-01	1.050627e-02	4.698550e-03	4.698550e-03
8.940000e-01	8.960000e-01	1.470878e-02	5.559400e-03	5.559400e-03
8.960000e-01	8.980000e-01	1.050627e-02	4.698550e-03	4.698550e-03
8.980000e-01	9.000000e-01	2.521506e-02	7.278961e-03	7.278961e-03
9.000000e-01	9.020000e-01	2.311381e-02	6.969075e-03	6.969075e-03
9.020000e-01	9.040000e-01	2.101255e-02	6.644754e-03	6.644754e-03
9.040000e-01	9.060000e-01	8.405020e-03	4.202511e-03	4.202511e-03
9.060000e-01	9.080000e-01	4.202510e-03	2.971624e-03	2.971624e-03
9.080000e-01	9.100000e-01	1.470878e-02	5.559400e-03	5.559400e-03
9.100000e-01	9.120000e-01	1.470878e-02	5.559400e-03	5.559400e-03
9.120000e-01	9.140000e-01	2.311381e-02	6.969075e-03	6.969075e-03
9.140000e-01	9.160000e-01	1.050627e-02	4.698550e-03	4.698550e-03
9.160000e-01	9.180000e-01	1.050627e-02	4.698550e-03	4.698550e-03
9.180000e-01	9.200000e-01	8.405020e-03	4.202511e-03	4.202511e-03
9.200000e-01	9.220000e-01	8.405020e-03	4.202511e-03	4.202511e-03
9.220000e-01	9.240000e-01	1.050627e-02	4.698550e-03	4.698550e-03
9.240000e-01	9.260000e-01	1.050627e-02	4.698550e-03	4.698550e-03
9.260000e-01	9.280000e-01	2.101255e-03	2.101256e-03	2.101256e-03
9.280000e-01	9.300000e-01	1.470878e-02	5.559400e-03	5.559400e-03
9.300000e-01	9.320000e-01	4.202510e-03	2.971624e-03	2.971624e-03
9.320000e-01	9.340000e-01	2.101255e-02	6.644754e-03	6.644754e-03
9.340000e-01	9.360000e-01	1.260753e-02	5.147004e-03	5.147004e-03
9.360000e-01	9.380000e-01	4.202511e-03	2.971624e-03	2.971624e-03
9.380000e-01	9.400000e-01	6.303765e-03	3.639481e-03	3.639481e-03
9.400000e-01	9.420000e-01	8.405020e-03	4.202511e-03	4.202511e-03
9.420000e-01	9.440000e-01	8.405020e-03	4.202511e-03	4.202511e-03
9.440000e-01	9.460000e-01	1.260753e-02	5.147004e-03	5.147004e-03
9.460000e-01	9.480000e-01	6.303765e-03	3.639481e-03	3.639481e-03
9.480000e-01	9.500000e-01	6.303765e-03	3.639481e-03	3.639481e-03
9.500000e-01	9.520000e-01	6.303765e-03	3.639481e-03	3.639481e-03
9.520000e-01	9.540000e-01	8.405020e-03	4.202511e-03	4.202511e-03
9.540000e-01	9.560000e-01	1.891130e-02	6.303767e-03	6.303767e-03
9.560000e-01	9.580000e-01	8.405020e-03	4.202511e-03	4.202511e-03
9.580000e-01	9.600000e-01	6.303765e-03	3.639481e-03	3.639481e-03
9.600000e-01	9.620000e-01	8.405020e-03	4.202511e-03	4.202511e-03
9.620000e-01	9.640000e-01	6.303765e-03	3.639481e-03	3.639481e-03
9.640000e-01	9.660000e-01	1.050627e-02	4.698550e-03	4.698550e-03
9.660000e-01	9.680000e-01	4.202510e-03	2.971624e-03	2.971624e-03
9.680000e-01	9.700000e-01	2.101255e-03	2.101256e-03	2.101256e-03
9.700000e-01	9.720000e-01	1.260753e-02	5.147004e-03	5.147004e-03
9.720000e-01	9.740000e-01	8.405020e-03	4.202511e-03	4.202511e-03
9.740000e-01	9.760000e-01	1.050627e-02	4.698550e-03	4.698550e-03
9.760000e-01	9.780000e-01	1.260753e-02	5.147004e-03	5.147004e-03
9.780000e-01	9.800000e-01	1.260753e-02	5.147004e-03	5.147004e-03
9.800000e-01	9.820000e-01	6.303765e-03	3.639481e-03	3.639481e-03
9.820000e-01	9.840000e-01	6.303765e-03	3.639481e-03	3.639481e-03
9.840000e-01	9.860000e-01	6.303765e-03	3.639481e-03	3.639481e-03
9.860000e-01	9.880000e-01	1.260753e-02	5.147004e-03	5.147004e-03
9.880000e-01	9.900000e-01	8.405020e-03	4.202511e-03	4.202511e-03
9.900000e-01	9.920000e-01	1.470878e-02	5.559400e-03	5.559400e-03
9.920000e-01	9.940000e-01	8.405020e-03	4.202511e-03	4.202511e-03
9.940000e-01	9.960000e-01	1.050627e-02	4.698550e-03	4.698550e-03
9.960000e-01	9.980000e-01	8.405020e-03	4.202511e-03	4.202511e-03
9.980000e-01	1.000000e+00	1.260753e-02	5.147004e-03	5.147004e-03
# END HISTOGRAM

# BEGIN HISTOGRAM /afs/phas.gla.ac.uk/user/d/dkar/MCTune/lh2015-qg/Pythia-8205/results/uu-200-alphasx11.yoda/MC_LHQG_EE/GA_20_00_R2
LineColor={[HTML]{3366FF}}
LineStyle=solid
Path=/afs/phas.gla.ac.uk/user/d/dkar/MCTune/lh2015-qg/Pythia-8205/results/uu-200-alphasx11.yoda/MC_LHQG_EE/GA_20_00_R2
ScaledBy=4.7914520495436145e-06
Title=1.1
XLabel=
YLabel=
# xlow	 xhigh	 val	 errminus	 errplus
0.000000e+00	2.000000e-03	0.000000e+00	0.000000e+00	0.000000e+00
2.000000e-03	4.000000e-03	0.000000e+00	0.000000e+00	0.000000e+00
4.000000e-03	6.000000e-03	0.000000e+00	0.000000e+00	0.000000e+00
6.000000e-03	8.000000e-03	0.000000e+00	0.000000e+00	0.000000e+00
8.000000e-03	1.000000e-02	0.000000e+00	0.000000e+00	0.000000e+00
1.000000e-02	1.200000e-02	0.000000e+00	0.000000e+00	0.000000e+00
1.200000e-02	1.400000e-02	0.000000e+00	0.000000e+00	0.000000e+00
1.400000e-02	1.600000e-02	0.000000e+00	0.000000e+00	0.000000e+00
1.600000e-02	1.800000e-02	0.000000e+00	0.000000e+00	0.000000e+00
1.800000e-02	2.000000e-02	0.000000e+00	0.000000e+00	0.000000e+00
2.000000e-02	2.200000e-02	0.000000e+00	0.000000e+00	0.000000e+00
2.200000e-02	2.400000e-02	0.000000e+00	0.000000e+00	0.000000e+00
2.400000e-02	2.600000e-02	0.000000e+00	0.000000e+00	0.000000e+00
2.600000e-02	2.800000e-02	0.000000e+00	0.000000e+00	0.000000e+00
2.800000e-02	3.000000e-02	0.000000e+00	0.000000e+00	0.000000e+00
3.000000e-02	3.200000e-02	0.000000e+00	0.000000e+00	0.000000e+00
3.200000e-02	3.400000e-02	0.000000e+00	0.000000e+00	0.000000e+00
3.400000e-02	3.600000e-02	0.000000e+00	0.000000e+00	0.000000e+00
3.600000e-02	3.800000e-02	0.000000e+00	0.000000e+00	0.000000e+00
3.800000e-02	4.000000e-02	0.000000e+00	0.000000e+00	0.000000e+00
4.000000e-02	4.200000e-02	0.000000e+00	0.000000e+00	0.000000e+00
4.200000e-02	4.400000e-02	2.395726e-03	2.395726e-03	2.395726e-03
4.400000e-02	4.600000e-02	2.395726e-03	2.395726e-03	2.395726e-03
4.600000e-02	4.800000e-02	2.395726e-03	2.395726e-03	2.395726e-03
4.800000e-02	5.000000e-02	2.395726e-03	2.395726e-03	2.395726e-03
5.000000e-02	5.200000e-02	2.156154e-02	7.187178e-03	7.187178e-03
5.200000e-02	5.400000e-02	2.156153e-02	7.187178e-03	7.187178e-03
5.400000e-02	5.600000e-02	4.312307e-02	1.016420e-02	1.016420e-02
5.600000e-02	5.800000e-02	7.666325e-02	1.355227e-02	1.355227e-02
5.800000e-02	6.000000e-02	8.864185e-02	1.457263e-02	1.457263e-02
6.000000e-02	6.200000e-02	1.677008e-01	2.004408e-02	2.004408e-02
6.200000e-02	6.400000e-02	1.988452e-01	2.182610e-02	2.182610e-02
6.400000e-02	6.600000e-02	2.779042e-01	2.580276e-02	2.580276e-02
6.600000e-02	6.800000e-02	3.737332e-01	2.992261e-02	2.992261e-02
6.800000e-02	7.000000e-02	4.959153e-01	3.446850e-02	3.446850e-02
7.000000e-02	7.200000e-02	6.396590e-01	3.914648e-02	3.914648e-02
7.200000e-02	7.400000e-02	7.474665e-01	4.231696e-02	4.231696e-02
7.400000e-02	7.600000e-02	8.960015e-01	4.633114e-02	4.633114e-02
7.600000e-02	7.800000e-02	1.037349e+00	4.985183e-02	4.985183e-02
7.800000e-02	8.000000e-02	1.267339e+00	5.510170e-02	5.510170e-02
8.000000e-02	8.200000e-02	1.439831e+00	5.873195e-02	5.873195e-02
8.200000e-02	8.400000e-02	1.669821e+00	6.324897e-02	6.324897e-02
8.400000e-02	8.600000e-02	1.914185e+00	6.771900e-02	6.771900e-02
8.600000e-02	8.800000e-02	2.180110e+00	7.226996e-02	7.226996e-02
8.800000e-02	9.000000e-02	2.326250e+00	7.465291e-02	7.465291e-02
9.000000e-02	9.200000e-02	2.573010e+00	7.851259e-02	7.851259e-02
9.200000e-02	9.400000e-02	2.747898e+00	8.113698e-02	8.113698e-02
9.400000e-02	9.600000e-02	2.872475e+00	8.295580e-02	8.295580e-02
9.600000e-02	9.800000e-02	3.270166e+00	8.851227e-02	8.851227e-02
9.800000e-02	1.000000e-01	3.490573e+00	9.144646e-02	9.144646e-02
1.000000e-01	1.020000e-01	3.665461e+00	9.370934e-02	9.370934e-02
1.020000e-01	1.040000e-01	3.746915e+00	9.474483e-02	9.474483e-02
1.040000e-01	1.060000e-01	4.017632e+00	9.810784e-02	9.810784e-02
1.060000e-01	1.080000e-01	4.202103e+00	1.003349e-01	1.003349e-01
1.080000e-01	1.100000e-01	4.563858e+00	1.045646e-01	1.045646e-01
1.100000e-01	1.120000e-01	4.654895e+00	1.056023e-01	1.056023e-01
1.120000e-01	1.140000e-01	4.968736e+00	1.091042e-01	1.091042e-01
1.140000e-01	1.160000e-01	4.954361e+00	1.089463e-01	1.089463e-01
1.160000e-01	1.180000e-01	5.043005e+00	1.099166e-01	1.099166e-01
1.180000e-01	1.200000e-01	5.102895e+00	1.105674e-01	1.105674e-01
1.200000e-01	1.220000e-01	5.071750e+00	1.102294e-01	1.102294e-01
1.220000e-01	1.240000e-01	5.397570e+00	1.137150e-01	1.137150e-01
1.240000e-01	1.260000e-01	5.517355e+00	1.149699e-01	1.149699e-01
1.260000e-01	1.280000e-01	5.416735e+00	1.139167e-01	1.139167e-01
1.280000e-01	1.300000e-01	5.680265e+00	1.166549e-01	1.166549e-01
1.300000e-01	1.320000e-01	5.519755e+00	1.149948e-01	1.149948e-01
1.320000e-01	1.340000e-01	5.507775e+00	1.148700e-01	1.148700e-01
1.340000e-01	1.360000e-01	5.754535e+00	1.174150e-01	1.174150e-01
1.360000e-01	1.380000e-01	5.780885e+00	1.176836e-01	1.176836e-01
1.380000e-01	1.400000e-01	5.718600e+00	1.170478e-01	1.170478e-01
1.400000e-01	1.420000e-01	5.795260e+00	1.178298e-01	1.178298e-01
1.420000e-01	1.440000e-01	5.859945e+00	1.184855e-01	1.184855e-01
1.440000e-01	1.460000e-01	5.919840e+00	1.190895e-01	1.190895e-01
1.460000e-01	1.480000e-01	5.847965e+00	1.183644e-01	1.183644e-01
1.480000e-01	1.500000e-01	5.809635e+00	1.179758e-01	1.179758e-01
1.500000e-01	1.520000e-01	5.701830e+00	1.168761e-01	1.168761e-01
1.520000e-01	1.540000e-01	5.606000e+00	1.158898e-01	1.158898e-01
1.540000e-01	1.560000e-01	5.479025e+00	1.145698e-01	1.145698e-01
1.560000e-01	1.580000e-01	5.685060e+00	1.167041e-01	1.167041e-01
1.580000e-01	1.600000e-01	5.639540e+00	1.162359e-01	1.162359e-01
1.600000e-01	1.620000e-01	5.567665e+00	1.154929e-01	1.154929e-01
1.620000e-01	1.640000e-01	5.572460e+00	1.155426e-01	1.155426e-01
1.640000e-01	1.660000e-01	5.598810e+00	1.158155e-01	1.158155e-01
1.660000e-01	1.680000e-01	5.239455e+00	1.120370e-01	1.120370e-01
1.680000e-01	1.700000e-01	5.368820e+00	1.134118e-01	1.134118e-01
1.700000e-01	1.720000e-01	5.383195e+00	1.135635e-01	1.135635e-01
1.720000e-01	1.740000e-01	5.203515e+00	1.116521e-01	1.116521e-01
1.740000e-01	1.760000e-01	5.004670e+00	1.094980e-01	1.094980e-01
1.760000e-01	1.780000e-01	5.019045e+00	1.096552e-01	1.096552e-01
1.780000e-01	1.800000e-01	5.086125e+00	1.103855e-01	1.103855e-01
1.800000e-01	1.820000e-01	5.021440e+00	1.096813e-01	1.096813e-01
1.820000e-01	1.840000e-01	4.836971e+00	1.076478e-01	1.076478e-01
1.840000e-01	1.860000e-01	4.753120e+00	1.067107e-01	1.067107e-01
1.860000e-01	1.880000e-01	4.808222e+00	1.073275e-01	1.073275e-01
1.880000e-01	1.900000e-01	4.793848e+00	1.071669e-01	1.071669e-01
1.900000e-01	1.920000e-01	4.463237e+00	1.034055e-01	1.034055e-01
1.920000e-01	1.940000e-01	4.444072e+00	1.031832e-01	1.031832e-01
1.940000e-01	1.960000e-01	4.329077e+00	1.018395e-01	1.018395e-01
1.960000e-01	1.980000e-01	4.393761e+00	1.025975e-01	1.025975e-01
1.980000e-01	2.000000e-01	4.348242e+00	1.020647e-01	1.020647e-01
2.000000e-01	2.020000e-01	4.408136e+00	1.027652e-01	1.027652e-01
2.020000e-01	2.040000e-01	4.250018e+00	1.009053e-01	1.009053e-01
2.040000e-01	2.060000e-01	3.984092e+00	9.769747e-02	9.769747e-02
2.060000e-01	2.080000e-01	3.986488e+00	9.772683e-02	9.772683e-02
2.080000e-01	2.100000e-01	3.979301e+00	9.763870e-02	9.763870e-02
2.100000e-01	2.120000e-01	3.881076e+00	9.642611e-02	9.642611e-02
2.120000e-01	2.140000e-01	3.636712e+00	9.334112e-02	9.334112e-02
2.140000e-01	2.160000e-01	3.660669e+00	9.364806e-02	9.364806e-02
2.160000e-01	2.180000e-01	3.531300e+00	9.197841e-02	9.197841e-02
2.180000e-01	2.200000e-01	3.643899e+00	9.343332e-02	9.343332e-02
2.200000e-01	2.220000e-01	3.401931e+00	9.027788e-02	9.027788e-02
2.220000e-01	2.240000e-01	3.437867e+00	9.075344e-02	9.075344e-02
2.240000e-01	2.260000e-01	3.330059e+00	8.931915e-02	8.931915e-02
2.260000e-01	2.280000e-01	3.286936e+00	8.873893e-02	8.873893e-02
2.280000e-01	2.300000e-01	3.344433e+00	8.951172e-02	8.951172e-02
2.300000e-01	2.320000e-01	3.152775e+00	8.690906e-02	8.690906e-02
2.320000e-01	2.340000e-01	3.030593e+00	8.520841e-02	8.520841e-02
2.340000e-01	2.360000e-01	3.061738e+00	8.564511e-02	8.564511e-02
2.360000e-01	2.380000e-01	2.937160e+00	8.388462e-02	8.388462e-02
2.380000e-01	2.400000e-01	2.963513e+00	8.426010e-02	8.426010e-02
2.400000e-01	2.420000e-01	2.867684e+00	8.288658e-02	8.288658e-02
2.420000e-01	2.440000e-01	2.858101e+00	8.274798e-02	8.274798e-02
2.440000e-01	2.460000e-01	2.855705e+00	8.271328e-02	8.271328e-02
2.460000e-01	2.480000e-01	2.664047e+00	7.988947e-02	7.988947e-02
2.480000e-01	2.500000e-01	2.486763e+00	7.718552e-02	7.718552e-02
2.500000e-01	2.520000e-01	2.611341e+00	7.909524e-02	7.909524e-02
2.520000e-01	2.540000e-01	2.544261e+00	7.807274e-02	7.807274e-02
2.540000e-01	2.560000e-01	2.510721e+00	7.755643e-02	7.755643e-02
2.560000e-01	2.580000e-01	2.383747e+00	7.556987e-02	7.556987e-02
2.580000e-01	2.600000e-01	2.390934e+00	7.568372e-02	7.568372e-02
2.600000e-01	2.620000e-01	2.230421e+00	7.309909e-02	7.309909e-02
2.620000e-01	2.640000e-01	2.357394e+00	7.515098e-02	7.515098e-02
2.640000e-01	2.660000e-01	2.113030e+00	7.114944e-02	7.114944e-02
2.660000e-01	2.680000e-01	2.134592e+00	7.151152e-02	7.151152e-02
2.680000e-01	2.700000e-01	2.148966e+00	7.175190e-02	7.175190e-02
2.700000e-01	2.720000e-01	2.148966e+00	7.175190e-02	7.175190e-02
2.720000e-01	2.740000e-01	1.914185e+00	6.771900e-02	6.771900e-02
2.740000e-01	2.760000e-01	1.995640e+00	6.914481e-02	6.914481e-02
2.760000e-01	2.780000e-01	1.930955e+00	6.801500e-02	6.801500e-02
2.780000e-01	2.800000e-01	1.969287e+00	6.868677e-02	6.868677e-02
2.800000e-01	2.820000e-01	1.794399e+00	6.556590e-02	6.556590e-02
2.820000e-01	2.840000e-01	1.906998e+00	6.759175e-02	6.759175e-02
2.840000e-01	2.860000e-01	1.677008e+00	6.338495e-02	6.338495e-02
2.860000e-01	2.880000e-01	1.741693e+00	6.459582e-02	6.459582e-02
2.880000e-01	2.900000e-01	1.808773e+00	6.582800e-02	6.582800e-02
2.900000e-01	2.920000e-01	1.638676e+00	6.265636e-02	6.265636e-02
2.920000e-01	2.940000e-01	1.734505e+00	6.446239e-02	6.446239e-02
2.940000e-01	2.960000e-01	1.583575e+00	6.159393e-02	6.159393e-02
2.960000e-01	2.980000e-01	1.526077e+00	6.046538e-02	6.046538e-02
2.980000e-01	3.000000e-01	1.466184e+00	5.926698e-02	5.926698e-02
3.000000e-01	3.020000e-01	1.487746e+00	5.970119e-02	5.970119e-02
3.020000e-01	3.040000e-01	1.521286e+00	6.037040e-02	6.037040e-02
3.040000e-01	3.060000e-01	1.279317e+00	5.536149e-02	5.536149e-02
3.060000e-01	3.080000e-01	1.332023e+00	5.649040e-02	5.649040e-02
3.080000e-01	3.100000e-01	1.444623e+00	5.882958e-02	5.882958e-02
3.100000e-01	3.120000e-01	1.329628e+00	5.643957e-02	5.643957e-02
3.120000e-01	3.140000e-01	1.252964e+00	5.478832e-02	5.478832e-02
3.140000e-01	3.160000e-01	1.315253e+00	5.613366e-02	5.613366e-02
3.160000e-01	3.180000e-01	1.236194e+00	5.442042e-02	5.442042e-02
3.180000e-01	3.200000e-01	1.252964e+00	5.478832e-02	5.478832e-02
3.200000e-01	3.220000e-01	1.260152e+00	5.494522e-02	5.494522e-02
3.220000e-01	3.240000e-01	1.159531e+00	5.270598e-02	5.270598e-02
3.240000e-01	3.260000e-01	1.188280e+00	5.335534e-02	5.335534e-02
3.260000e-01	3.280000e-01	1.109221e+00	5.154988e-02	5.154988e-02
3.280000e-01	3.300000e-01	1.149948e+00	5.248774e-02	5.248774e-02
3.300000e-01	3.320000e-01	1.030162e+00	4.967883e-02	4.967883e-02
3.320000e-01	3.340000e-01	1.114012e+00	5.166111e-02	5.166111e-02
3.340000e-01	3.360000e-01	1.073285e+00	5.070796e-02	5.070796e-02
3.360000e-01	3.380000e-01	9.678735e-01	4.815350e-02	4.815350e-02
3.380000e-01	3.400000e-01	1.018183e+00	4.938916e-02	4.938916e-02
3.400000e-01	3.420000e-01	1.015788e+00	4.933102e-02	4.933102e-02
3.420000e-01	3.440000e-01	8.744400e-01	4.577028e-02	4.577028e-02
3.440000e-01	3.460000e-01	9.463120e-01	4.761411e-02	4.761411e-02
3.460000e-01	3.480000e-01	8.696485e-01	4.564471e-02	4.564471e-02
3.480000e-01	3.500000e-01	9.223545e-01	4.700754e-02	4.700754e-02
3.500000e-01	3.520000e-01	8.576700e-01	4.532926e-02	4.532926e-02
3.520000e-01	3.540000e-01	8.145470e-01	4.417500e-02	4.417500e-02
3.540000e-01	3.560000e-01	7.881940e-01	4.345453e-02	4.345453e-02
3.560000e-01	3.580000e-01	8.552740e-01	4.526591e-02	4.526591e-02
3.580000e-01	3.600000e-01	8.888145e-01	4.614494e-02	4.614494e-02
3.600000e-01	3.620000e-01	8.313170e-01	4.462743e-02	4.462743e-02
3.620000e-01	3.640000e-01	7.450710e-01	4.224909e-02	4.224909e-02
3.640000e-01	3.660000e-01	7.522580e-01	4.245237e-02	4.245237e-02
3.660000e-01	3.680000e-01	7.187180e-01	4.149519e-02	4.149519e-02
3.680000e-01	3.700000e-01	7.762150e-01	4.312307e-02	4.312307e-02
3.700000e-01	3.720000e-01	7.259050e-01	4.170215e-02	4.170215e-02
3.720000e-01	3.740000e-01	7.043435e-01	4.107815e-02	4.107815e-02
3.740000e-01	3.760000e-01	6.420545e-01	3.921972e-02	3.921972e-02
3.760000e-01	3.780000e-01	6.995520e-01	4.093819e-02	4.093819e-02
3.780000e-01	3.800000e-01	6.300760e-01	3.885215e-02	3.885215e-02
3.800000e-01	3.820000e-01	6.540330e-01	3.958389e-02	3.958389e-02
3.820000e-01	3.840000e-01	6.492420e-01	3.943863e-02	3.943863e-02
3.840000e-01	3.860000e-01	6.180975e-01	3.848106e-02	3.848106e-02
3.860000e-01	3.880000e-01	6.779905e-01	4.030235e-02	4.030235e-02
3.880000e-01	3.900000e-01	6.348675e-01	3.899959e-02	3.899959e-02
3.900000e-01	3.920000e-01	5.749740e-01	3.711443e-02	3.711443e-02
3.920000e-01	3.940000e-01	5.198725e-01	3.529125e-02	3.529125e-02
3.940000e-01	3.960000e-01	6.252845e-01	3.870414e-02	3.870414e-02
3.960000e-01	3.980000e-01	5.869530e-01	3.749904e-02	3.749904e-02
3.980000e-01	4.000000e-01	5.366425e-01	3.585594e-02	3.585594e-02
4.000000e-01	4.020000e-01	5.222685e-01	3.537247e-02	3.537247e-02
4.020000e-01	4.040000e-01	5.031025e-01	3.471737e-02	3.471737e-02
4.040000e-01	4.060000e-01	5.222685e-01	3.537247e-02	3.537247e-02
4.060000e-01	4.080000e-01	5.606000e-01	3.664756e-02	3.664756e-02
4.080000e-01	4.100000e-01	4.887281e-01	3.421781e-02	3.421781e-02
4.100000e-01	4.120000e-01	4.647708e-01	3.336860e-02	3.336860e-02
4.120000e-01	4.140000e-01	4.695623e-01	3.354016e-02	3.354016e-02
4.140000e-01	4.160000e-01	4.408136e-01	3.249721e-02	3.249721e-02
4.160000e-01	4.180000e-01	4.623751e-01	3.328249e-02	3.328249e-02
4.180000e-01	4.200000e-01	4.623751e-01	3.328249e-02	3.328249e-02
4.200000e-01	4.220000e-01	4.647708e-01	3.336860e-02	3.336860e-02
4.220000e-01	4.240000e-01	4.360221e-01	3.232011e-02	3.232011e-02
4.240000e-01	4.260000e-01	3.881076e-01	3.049261e-02	3.049261e-02
4.260000e-01	4.280000e-01	4.264392e-01	3.196297e-02	3.196297e-02
4.280000e-01	4.300000e-01	4.240435e-01	3.187306e-02	3.187306e-02
4.300000e-01	4.320000e-01	3.425888e-01	2.864872e-02	2.864872e-02
4.320000e-01	4.340000e-01	4.432093e-01	3.258540e-02	3.258540e-02
4.340000e-01	4.360000e-01	4.048777e-01	3.114444e-02	3.114444e-02
4.360000e-01	4.380000e-01	3.905033e-01	3.058658e-02	3.058658e-02
4.380000e-01	4.400000e-01	3.928990e-01	3.068026e-02	3.068026e-02
4.400000e-01	4.420000e-01	3.785247e-01	3.011381e-02	3.011381e-02
4.420000e-01	4.440000e-01	3.186315e-01	2.762886e-02	2.762886e-02
4.440000e-01	4.460000e-01	3.545674e-01	2.914527e-02	2.914527e-02
4.460000e-01	4.480000e-01	3.401931e-01	2.854837e-02	2.854837e-02
4.480000e-01	4.500000e-01	3.186315e-01	2.762886e-02	2.762886e-02
4.500000e-01	4.520000e-01	3.521717e-01	2.904663e-02	2.904663e-02
4.520000e-01	4.540000e-01	3.473802e-01	2.884836e-02	2.884836e-02
4.540000e-01	4.560000e-01	3.497760e-01	2.894767e-02	2.894767e-02
4.560000e-01	4.580000e-01	2.994657e-01	2.678503e-02	2.678503e-02
4.580000e-01	4.600000e-01	2.779042e-01	2.580276e-02	2.580276e-02
4.600000e-01	4.620000e-01	3.282144e-01	2.804126e-02	2.804126e-02
4.620000e-01	4.640000e-01	2.563427e-01	2.478158e-02	2.478158e-02
4.640000e-01	4.660000e-01	2.898828e-01	2.635299e-02	2.635299e-02
4.660000e-01	4.680000e-01	2.970700e-01	2.667768e-02	2.667768e-02
4.680000e-01	4.700000e-01	2.826957e-01	2.602425e-02	2.602425e-02
4.700000e-01	4.720000e-01	2.946743e-01	2.656989e-02	2.656989e-02
4.720000e-01	4.740000e-01	2.802999e-01	2.591374e-02	2.591374e-02
4.740000e-01	4.760000e-01	2.395726e-01	2.395726e-02	2.395726e-02
4.760000e-01	4.780000e-01	2.659256e-01	2.524054e-02	2.524054e-02
4.780000e-01	4.800000e-01	2.036367e-01	2.208750e-02	2.208750e-02
4.800000e-01	4.820000e-01	2.563427e-01	2.478158e-02	2.478158e-02
4.820000e-01	4.840000e-01	2.611341e-01	2.501211e-02	2.501211e-02
4.840000e-01	4.860000e-01	2.659256e-01	2.524054e-02	2.524054e-02
4.860000e-01	4.880000e-01	2.275939e-01	2.335065e-02	2.335065e-02
4.880000e-01	4.900000e-01	2.347811e-01	2.371648e-02	2.371648e-02
4.900000e-01	4.920000e-01	2.156153e-01	2.272785e-02	2.272785e-02
4.920000e-01	4.940000e-01	2.395726e-01	2.395726e-02	2.395726e-02
4.940000e-01	4.960000e-01	2.347811e-01	2.371648e-02	2.371648e-02
4.960000e-01	4.980000e-01	2.132196e-01	2.260123e-02	2.260123e-02
4.980000e-01	5.000000e-01	1.964495e-01	2.169422e-02	2.169422e-02
5.000000e-01	5.020000e-01	2.180110e-01	2.285377e-02	2.285377e-02
5.020000e-01	5.040000e-01	2.204068e-01	2.297900e-02	2.297900e-02
5.040000e-01	5.060000e-01	2.347811e-01	2.371648e-02	2.371648e-02
5.060000e-01	5.080000e-01	2.012410e-01	2.195719e-02	2.195719e-02
5.080000e-01	5.100000e-01	2.180110e-01	2.285377e-02	2.285377e-02
5.100000e-01	5.120000e-01	1.916581e-01	2.142802e-02	2.142802e-02
5.120000e-01	5.140000e-01	1.964495e-01	2.169422e-02	2.169422e-02
5.140000e-01	5.160000e-01	1.653051e-01	1.990040e-02	1.990040e-02
5.160000e-01	5.180000e-01	1.605136e-01	1.960986e-02	1.960986e-02
5.180000e-01	5.200000e-01	1.820752e-01	2.088546e-02	2.088546e-02
5.200000e-01	5.220000e-01	1.796794e-01	2.074760e-02	2.074760e-02
5.220000e-01	5.240000e-01	1.581179e-01	1.946297e-02	1.946297e-02
5.240000e-01	5.260000e-01	1.605136e-01	1.960986e-02	1.960986e-02
5.260000e-01	5.280000e-01	1.796794e-01	2.074760e-02	2.074760e-02
5.280000e-01	5.300000e-01	1.724922e-01	2.032841e-02	2.032841e-02
5.300000e-01	5.320000e-01	1.269735e-01	1.744115e-02	1.744115e-02
5.320000e-01	5.340000e-01	1.293692e-01	1.760492e-02	1.760492e-02
5.340000e-01	5.360000e-01	1.724922e-01	2.032841e-02	2.032841e-02
5.360000e-01	5.380000e-01	1.509307e-01	1.901549e-02	1.901549e-02
5.380000e-01	5.400000e-01	1.796794e-01	2.074760e-02	2.074760e-02
5.400000e-01	5.420000e-01	1.748880e-01	2.046909e-02	2.046909e-02
5.420000e-01	5.440000e-01	1.533264e-01	1.916581e-02	1.916581e-02
5.440000e-01	5.460000e-01	1.485350e-01	1.886397e-02	1.886397e-02
5.460000e-01	5.480000e-01	1.557222e-01	1.931496e-02	1.931496e-02
5.480000e-01	5.500000e-01	1.317649e-01	1.776718e-02	1.776718e-02
5.500000e-01	5.520000e-01	1.341606e-01	1.792797e-02	1.792797e-02
5.520000e-01	5.540000e-01	1.221820e-01	1.710891e-02	1.710891e-02
5.540000e-01	5.560000e-01	1.365564e-01	1.808734e-02	1.808734e-02
5.560000e-01	5.580000e-01	1.125991e-01	1.642427e-02	1.642427e-02
5.580000e-01	5.600000e-01	9.343330e-02	1.496130e-02	1.496130e-02
5.600000e-01	5.620000e-01	1.317649e-01	1.776718e-02	1.776718e-02
5.620000e-01	5.640000e-01	9.822475e-02	1.534013e-02	1.534013e-02
5.640000e-01	5.660000e-01	1.365564e-01	1.808734e-02	1.808734e-02
5.660000e-01	5.680000e-01	1.078076e-01	1.607102e-02	1.607102e-02
5.680000e-01	5.700000e-01	1.221820e-01	1.710891e-02	1.710891e-02
5.700000e-01	5.720000e-01	1.197863e-01	1.694034e-02	1.694034e-02
5.720000e-01	5.740000e-01	1.102034e-01	1.624861e-02	1.624861e-02
5.740000e-01	5.760000e-01	9.103760e-02	1.476825e-02	1.476825e-02
5.760000e-01	5.780000e-01	1.173906e-01	1.677008e-02	1.677008e-02
5.780000e-01	5.800000e-01	1.006205e-01	1.552608e-02	1.552608e-02
5.800000e-01	5.820000e-01	1.197863e-01	1.694034e-02	1.694034e-02
5.820000e-01	5.840000e-01	1.030162e-01	1.570983e-02	1.570983e-02
5.840000e-01	5.860000e-01	9.343330e-02	1.496130e-02	1.496130e-02
5.860000e-01	5.880000e-01	1.030162e-01	1.570983e-02	1.570983e-02
5.880000e-01	5.900000e-01	1.054119e-01	1.589145e-02	1.589145e-02
5.900000e-01	5.920000e-01	9.822475e-02	1.534013e-02	1.534013e-02
5.920000e-01	5.940000e-01	7.905895e-02	1.376240e-02	1.376240e-02
5.940000e-01	5.960000e-01	9.822475e-02	1.534013e-02	1.534013e-02
5.960000e-01	5.980000e-01	7.666325e-02	1.355227e-02	1.355227e-02
5.980000e-01	6.000000e-01	1.149948e-01	1.659808e-02	1.659808e-02
6.000000e-01	6.020000e-01	1.054119e-01	1.589145e-02	1.589145e-02
6.020000e-01	6.040000e-01	7.187180e-02	1.312193e-02	1.312193e-02
6.040000e-01	6.060000e-01	7.426750e-02	1.333884e-02	1.333884e-02
6.060000e-01	6.080000e-01	6.468460e-02	1.244856e-02	1.244856e-02
6.080000e-01	6.100000e-01	1.149948e-01	1.659808e-02	1.659808e-02
6.100000e-01	6.120000e-01	7.905895e-02	1.376240e-02	1.376240e-02
6.120000e-01	6.140000e-01	7.666325e-02	1.355227e-02	1.355227e-02
6.140000e-01	6.160000e-01	7.905895e-02	1.376240e-02	1.376240e-02
6.160000e-01	6.180000e-01	9.822475e-02	1.534013e-02	1.534013e-02
6.180000e-01	6.200000e-01	9.343330e-02	1.496130e-02	1.496130e-02
6.200000e-01	6.220000e-01	1.102034e-01	1.624861e-02	1.624861e-02
6.220000e-01	6.240000e-01	7.666325e-02	1.355227e-02	1.355227e-02
6.240000e-01	6.260000e-01	8.864185e-02	1.457263e-02	1.457263e-02
6.260000e-01	6.280000e-01	1.078076e-01	1.607102e-02	1.607102e-02
6.280000e-01	6.300000e-01	8.385040e-02	1.417331e-02	1.417331e-02
6.300000e-01	6.320000e-01	8.624615e-02	1.437436e-02	1.437436e-02
6.320000e-01	6.340000e-01	8.624615e-02	1.437436e-02	1.437436e-02
6.340000e-01	6.360000e-01	7.426750e-02	1.333884e-02	1.333884e-02
6.360000e-01	6.380000e-01	8.145470e-02	1.396936e-02	1.396936e-02
6.380000e-01	6.400000e-01	7.666325e-02	1.355227e-02	1.355227e-02
6.400000e-01	6.420000e-01	5.270595e-02	1.123695e-02	1.123695e-02
6.420000e-01	6.440000e-01	5.270595e-02	1.123695e-02	1.123695e-02
6.440000e-01	6.460000e-01	3.833161e-02	9.582904e-03	9.582904e-03
6.460000e-01	6.480000e-01	5.270595e-02	1.123695e-02	1.123695e-02
6.480000e-01	6.500000e-01	7.187180e-02	1.312193e-02	1.312193e-02
6.500000e-01	6.520000e-01	5.989315e-02	1.197863e-02	1.197863e-02
6.520000e-01	6.540000e-01	5.510170e-02	1.148950e-02	1.148950e-02
6.540000e-01	6.560000e-01	5.510170e-02	1.148950e-02	1.148950e-02
6.560000e-01	6.580000e-01	6.228890e-02	1.221585e-02	1.221585e-02
6.580000e-01	6.600000e-01	6.708035e-02	1.267699e-02	1.267699e-02
6.600000e-01	6.620000e-01	6.468460e-02	1.244856e-02	1.244856e-02
6.620000e-01	6.640000e-01	4.791452e-02	1.071401e-02	1.071401e-02
6.640000e-01	6.660000e-01	5.031025e-02	1.097860e-02	1.097860e-02
6.660000e-01	6.680000e-01	5.031025e-02	1.097860e-02	1.097860e-02
6.680000e-01	6.700000e-01	5.749740e-02	1.173661e-02	1.173661e-02
6.700000e-01	6.720000e-01	7.187180e-02	1.312193e-02	1.312193e-02
6.720000e-01	6.740000e-01	6.228890e-02	1.221585e-02	1.221585e-02
6.740000e-01	6.760000e-01	4.791452e-02	1.071401e-02	1.071401e-02
6.760000e-01	6.780000e-01	4.551879e-02	1.044273e-02	1.044273e-02
6.780000e-01	6.800000e-01	4.551879e-02	1.044273e-02	1.044273e-02
6.800000e-01	6.820000e-01	5.510170e-02	1.148950e-02	1.148950e-02
6.820000e-01	6.840000e-01	4.791452e-02	1.071401e-02	1.071401e-02
6.840000e-01	6.860000e-01	6.468460e-02	1.244856e-02	1.244856e-02
6.860000e-01	6.880000e-01	4.791452e-02	1.071401e-02	1.071401e-02
6.880000e-01	6.900000e-01	5.031025e-02	1.097860e-02	1.097860e-02
6.900000e-01	6.920000e-01	4.312307e-02	1.016420e-02	1.016420e-02
6.920000e-01	6.940000e-01	3.833161e-02	9.582904e-03	9.582904e-03
6.940000e-01	6.960000e-01	5.749740e-02	1.173661e-02	1.173661e-02
6.960000e-01	6.980000e-01	4.072734e-02	9.877831e-03	9.877831e-03
6.980000e-01	7.000000e-01	5.031025e-02	1.097860e-02	1.097860e-02
7.000000e-01	7.020000e-01	4.791452e-02	1.071401e-02	1.071401e-02
7.020000e-01	7.040000e-01	5.270595e-02	1.123695e-02	1.123695e-02
7.040000e-01	7.060000e-01	5.510170e-02	1.148950e-02	1.148950e-02
7.060000e-01	7.080000e-01	3.114444e-02	8.637914e-03	8.637914e-03
7.080000e-01	7.100000e-01	3.833161e-02	9.582904e-03	9.582904e-03
7.100000e-01	7.120000e-01	3.593589e-02	9.278607e-03	9.278607e-03
7.120000e-01	7.140000e-01	4.072734e-02	9.877831e-03	9.877831e-03
7.140000e-01	7.160000e-01	3.114444e-02	8.637914e-03	8.637914e-03
7.160000e-01	7.180000e-01	3.114444e-02	8.637914e-03	8.637914e-03
7.180000e-01	7.200000e-01	3.833161e-02	9.582904e-03	9.582904e-03
7.200000e-01	7.220000e-01	2.156153e-02	7.187178e-03	7.187178e-03
7.220000e-01	7.240000e-01	2.874871e-02	8.299039e-03	8.299039e-03
7.240000e-01	7.260000e-01	5.031025e-02	1.097860e-02	1.097860e-02
7.260000e-01	7.280000e-01	4.312307e-02	1.016420e-02	1.016420e-02
7.280000e-01	7.300000e-01	2.395726e-02	7.575950e-03	7.575950e-03
7.300000e-01	7.320000e-01	2.635298e-02	7.945724e-03	7.945724e-03
7.320000e-01	7.340000e-01	4.312307e-02	1.016420e-02	1.016420e-02
7.340000e-01	7.360000e-01	2.874871e-02	8.299039e-03	8.299039e-03
7.360000e-01	7.380000e-01	3.593589e-02	9.278607e-03	9.278607e-03
7.380000e-01	7.400000e-01	1.916581e-02	6.776136e-03	6.776136e-03
7.400000e-01	7.420000e-01	3.833161e-02	9.582904e-03	9.582904e-03
7.420000e-01	7.440000e-01	2.874871e-02	8.299039e-03	8.299039e-03
7.440000e-01	7.460000e-01	3.354016e-02	8.963986e-03	8.963986e-03
7.460000e-01	7.480000e-01	2.635298e-02	7.945724e-03	7.945724e-03
7.480000e-01	7.500000e-01	2.635298e-02	7.945724e-03	7.945724e-03
7.500000e-01	7.520000e-01	1.677008e-02	6.338495e-03	6.338495e-03
7.520000e-01	7.540000e-01	1.916581e-02	6.776136e-03	6.776136e-03
7.540000e-01	7.560000e-01	3.114444e-02	8.637914e-03	8.637914e-03
7.560000e-01	7.580000e-01	2.156153e-02	7.187178e-03	7.187178e-03
7.580000e-01	7.600000e-01	3.593589e-02	9.278607e-03	9.278607e-03
7.600000e-01	7.620000e-01	2.156153e-02	7.187178e-03	7.187178e-03
7.620000e-01	7.640000e-01	2.395726e-02	7.575950e-03	7.575950e-03
7.640000e-01	7.660000e-01	2.635298e-02	7.945724e-03	7.945724e-03
7.660000e-01	7.680000e-01	2.635298e-02	7.945724e-03	7.945724e-03
7.680000e-01	7.700000e-01	3.114444e-02	8.637914e-03	8.637914e-03
7.700000e-01	7.720000e-01	2.156153e-02	7.187178e-03	7.187178e-03
7.720000e-01	7.740000e-01	1.197863e-02	5.357007e-03	5.357007e-03
7.740000e-01	7.760000e-01	2.874871e-02	8.299039e-03	8.299039e-03
7.760000e-01	7.780000e-01	4.072734e-02	9.877831e-03	9.877831e-03
7.780000e-01	7.800000e-01	2.635298e-02	7.945724e-03	7.945724e-03
7.800000e-01	7.820000e-01	3.354016e-02	8.963986e-03	8.963986e-03
7.820000e-01	7.840000e-01	1.916581e-02	6.776136e-03	6.776136e-03
7.840000e-01	7.860000e-01	1.916581e-02	6.776136e-03	6.776136e-03
7.860000e-01	7.880000e-01	1.437435e-02	5.868307e-03	5.868307e-03
7.880000e-01	7.900000e-01	2.156153e-02	7.187178e-03	7.187178e-03
7.900000e-01	7.920000e-01	1.677008e-02	6.338495e-03	6.338495e-03
7.920000e-01	7.940000e-01	7.187180e-03	4.149519e-03	4.149519e-03
7.940000e-01	7.960000e-01	3.354016e-02	8.963986e-03	8.963986e-03
7.960000e-01	7.980000e-01	1.197863e-02	5.357007e-03	5.357007e-03
7.980000e-01	8.000000e-01	1.916581e-02	6.776136e-03	6.776136e-03
8.000000e-01	8.020000e-01	2.635298e-02	7.945724e-03	7.945724e-03
8.020000e-01	8.040000e-01	2.395726e-02	7.575950e-03	7.575950e-03
8.040000e-01	8.060000e-01	4.791452e-03	3.388068e-03	3.388068e-03
8.060000e-01	8.080000e-01	9.582905e-03	4.791452e-03	4.791452e-03
8.080000e-01	8.100000e-01	1.197863e-02	5.357007e-03	5.357007e-03
8.100000e-01	8.120000e-01	4.312307e-02	1.016420e-02	1.016420e-02
8.120000e-01	8.140000e-01	2.395726e-02	7.575950e-03	7.575950e-03
8.140000e-01	8.160000e-01	1.916581e-02	6.776136e-03	6.776136e-03
8.160000e-01	8.180000e-01	2.156153e-02	7.187178e-03	7.187178e-03
8.180000e-01	8.200000e-01	9.582905e-03	4.791452e-03	4.791452e-03
8.200000e-01	8.220000e-01	1.677008e-02	6.338495e-03	6.338495e-03
8.220000e-01	8.240000e-01	1.677008e-02	6.338495e-03	6.338495e-03
8.240000e-01	8.260000e-01	9.582905e-03	4.791452e-03	4.791452e-03
8.260000e-01	8.280000e-01	1.677008e-02	6.338495e-03	6.338495e-03
8.280000e-01	8.300000e-01	1.437435e-02	5.868307e-03	5.868307e-03
8.300000e-01	8.320000e-01	1.916581e-02	6.776136e-03	6.776136e-03
8.320000e-01	8.340000e-01	1.197863e-02	5.357007e-03	5.357007e-03
8.340000e-01	8.360000e-01	1.916581e-02	6.776136e-03	6.776136e-03
8.360000e-01	8.380000e-01	1.677008e-02	6.338495e-03	6.338495e-03
8.380000e-01	8.400000e-01	2.395726e-02	7.575950e-03	7.575950e-03
8.400000e-01	8.420000e-01	1.916581e-02	6.776136e-03	6.776136e-03
8.420000e-01	8.440000e-01	7.187180e-03	4.149519e-03	4.149519e-03
8.440000e-01	8.460000e-01	1.437435e-02	5.868307e-03	5.868307e-03
8.460000e-01	8.480000e-01	9.582905e-03	4.791452e-03	4.791452e-03
8.480000e-01	8.500000e-01	1.197863e-02	5.357007e-03	5.357007e-03
8.500000e-01	8.520000e-01	1.197863e-02	5.357007e-03	5.357007e-03
8.520000e-01	8.540000e-01	1.197863e-02	5.357007e-03	5.357007e-03
8.540000e-01	8.560000e-01	1.197863e-02	5.357007e-03	5.357007e-03
8.560000e-01	8.580000e-01	1.677008e-02	6.338495e-03	6.338495e-03
8.580000e-01	8.600000e-01	1.916581e-02	6.776136e-03	6.776136e-03
8.600000e-01	8.620000e-01	2.156153e-02	7.187178e-03	7.187178e-03
8.620000e-01	8.640000e-01	1.916581e-02	6.776136e-03	6.776136e-03
8.640000e-01	8.660000e-01	1.437435e-02	5.868307e-03	5.868307e-03
8.660000e-01	8.680000e-01	7.187180e-03	4.149519e-03	4.149519e-03
8.680000e-01	8.700000e-01	1.916581e-02	6.776136e-03	6.776136e-03
8.700000e-01	8.720000e-01	4.791452e-03	3.388068e-03	3.388068e-03
8.720000e-01	8.740000e-01	9.582905e-03	4.791452e-03	4.791452e-03
8.740000e-01	8.760000e-01	7.187180e-03	4.149519e-03	4.149519e-03
8.760000e-01	8.780000e-01	7.187180e-03	4.149519e-03	4.149519e-03
8.780000e-01	8.800000e-01	7.187180e-03	4.149519e-03	4.149519e-03
8.800000e-01	8.820000e-01	0.000000e+00	0.000000e+00	0.000000e+00
8.820000e-01	8.840000e-01	1.197863e-02	5.357007e-03	5.357007e-03
8.840000e-01	8.860000e-01	7.187180e-03	4.149519e-03	4.149519e-03
8.860000e-01	8.880000e-01	7.187180e-03	4.149519e-03	4.149519e-03
8.880000e-01	8.900000e-01	1.197863e-02	5.357007e-03	5.357007e-03
8.900000e-01	8.920000e-01	1.437435e-02	5.868307e-03	5.868307e-03
8.920000e-01	8.940000e-01	7.187180e-03	4.149519e-03	4.149519e-03
8.940000e-01	8.960000e-01	9.582905e-03	4.791452e-03	4.791452e-03
8.960000e-01	8.980000e-01	4.791452e-03	3.388068e-03	3.388068e-03
8.980000e-01	9.000000e-01	4.791452e-03	3.388068e-03	3.388068e-03
9.000000e-01	9.020000e-01	1.197863e-02	5.357007e-03	5.357007e-03
9.020000e-01	9.040000e-01	7.187180e-03	4.149519e-03	4.149519e-03
9.040000e-01	9.060000e-01	7.187180e-03	4.149519e-03	4.149519e-03
9.060000e-01	9.080000e-01	1.437435e-02	5.868307e-03	5.868307e-03
9.080000e-01	9.100000e-01	2.395726e-03	2.395726e-03	2.395726e-03
9.100000e-01	9.120000e-01	4.791452e-03	3.388068e-03	3.388068e-03
9.120000e-01	9.140000e-01	9.582905e-03	4.791452e-03	4.791452e-03
9.140000e-01	9.160000e-01	4.791452e-03	3.388068e-03	3.388068e-03
9.160000e-01	9.180000e-01	4.791452e-03	3.388068e-03	3.388068e-03
9.180000e-01	9.200000e-01	4.791452e-03	3.388068e-03	3.388068e-03
9.200000e-01	9.220000e-01	1.677008e-02	6.338495e-03	6.338495e-03
9.220000e-01	9.240000e-01	2.395726e-03	2.395726e-03	2.395726e-03
9.240000e-01	9.260000e-01	0.000000e+00	0.000000e+00	0.000000e+00
9.260000e-01	9.280000e-01	1.677008e-02	6.338495e-03	6.338495e-03
9.280000e-01	9.300000e-01	2.395726e-03	2.395726e-03	2.395726e-03
9.300000e-01	9.320000e-01	2.395726e-03	2.395726e-03	2.395726e-03
9.320000e-01	9.340000e-01	9.582905e-03	4.791452e-03	4.791452e-03
9.340000e-01	9.360000e-01	7.187180e-03	4.149519e-03	4.149519e-03
9.360000e-01	9.380000e-01	2.395726e-03	2.395726e-03	2.395726e-03
9.380000e-01	9.400000e-01	4.791452e-03	3.388068e-03	3.388068e-03
9.400000e-01	9.420000e-01	7.187180e-03	4.149519e-03	4.149519e-03
9.420000e-01	9.440000e-01	1.197863e-02	5.357007e-03	5.357007e-03
9.440000e-01	9.460000e-01	2.395726e-03	2.395726e-03	2.395726e-03
9.460000e-01	9.480000e-01	2.395726e-03	2.395726e-03	2.395726e-03
9.480000e-01	9.500000e-01	7.187180e-03	4.149519e-03	4.149519e-03
9.500000e-01	9.520000e-01	2.395726e-03	2.395726e-03	2.395726e-03
9.520000e-01	9.540000e-01	0.000000e+00	0.000000e+00	0.000000e+00
9.540000e-01	9.560000e-01	2.395726e-03	2.395726e-03	2.395726e-03
9.560000e-01	9.580000e-01	2.395726e-03	2.395726e-03	2.395726e-03
9.580000e-01	9.600000e-01	4.791452e-03	3.388068e-03	3.388068e-03
9.600000e-01	9.620000e-01	2.395726e-03	2.395726e-03	2.395726e-03
9.620000e-01	9.640000e-01	4.791452e-03	3.388068e-03	3.388068e-03
9.640000e-01	9.660000e-01	4.791452e-03	3.388068e-03	3.388068e-03
9.660000e-01	9.680000e-01	7.187180e-03	4.149519e-03	4.149519e-03
9.680000e-01	9.700000e-01	4.791452e-03	3.388068e-03	3.388068e-03
9.700000e-01	9.720000e-01	2.395726e-03	2.395726e-03	2.395726e-03
9.720000e-01	9.740000e-01	4.791452e-03	3.388068e-03	3.388068e-03
9.740000e-01	9.760000e-01	7.187180e-03	4.149519e-03	4.149519e-03
9.760000e-01	9.780000e-01	2.395726e-03	2.395726e-03	2.395726e-03
9.780000e-01	9.800000e-01	0.000000e+00	0.000000e+00	0.000000e+00
9.800000e-01	9.820000e-01	2.395726e-03	2.395726e-03	2.395726e-03
9.820000e-01	9.840000e-01	4.791452e-03	3.388068e-03	3.388068e-03
9.840000e-01	9.860000e-01	4.791452e-03	3.388068e-03	3.388068e-03
9.860000e-01	9.880000e-01	0.000000e+00	0.000000e+00	0.000000e+00
9.880000e-01	9.900000e-01	0.000000e+00	0.000000e+00	0.000000e+00
9.900000e-01	9.920000e-01	4.791452e-03	3.388068e-03	3.388068e-03
9.920000e-01	9.940000e-01	0.000000e+00	0.000000e+00	0.000000e+00
9.940000e-01	9.960000e-01	2.395726e-03	2.395726e-03	2.395726e-03
9.960000e-01	9.980000e-01	7.187180e-03	4.149519e-03	4.149519e-03
9.980000e-01	1.000000e+00	7.187180e-03	4.149519e-03	4.149519e-03
# END HISTOGRAM

# BEGIN HISTOGRAM /afs/phas.gla.ac.uk/user/d/dkar/MCTune/lh2015-qg/Pythia-8205/results/uu-200-alphasx12.yoda/MC_LHQG_EE/GA_20_00_R2
LineColor={[HTML]{109618}}
LineStyle=solid
Path=/afs/phas.gla.ac.uk/user/d/dkar/MCTune/lh2015-qg/Pythia-8205/results/uu-200-alphasx12.yoda/MC_LHQG_EE/GA_20_00_R2
ScaledBy=5.313072815662939e-06
Title=1.2
XLabel=
YLabel=
# xlow	 xhigh	 val	 errminus	 errplus
0.000000e+00	2.000000e-03	0.000000e+00	0.000000e+00	0.000000e+00
2.000000e-03	4.000000e-03	0.000000e+00	0.000000e+00	0.000000e+00
4.000000e-03	6.000000e-03	0.000000e+00	0.000000e+00	0.000000e+00
6.000000e-03	8.000000e-03	0.000000e+00	0.000000e+00	0.000000e+00
8.000000e-03	1.000000e-02	0.000000e+00	0.000000e+00	0.000000e+00
1.000000e-02	1.200000e-02	0.000000e+00	0.000000e+00	0.000000e+00
1.200000e-02	1.400000e-02	0.000000e+00	0.000000e+00	0.000000e+00
1.400000e-02	1.600000e-02	0.000000e+00	0.000000e+00	0.000000e+00
1.600000e-02	1.800000e-02	0.000000e+00	0.000000e+00	0.000000e+00
1.800000e-02	2.000000e-02	0.000000e+00	0.000000e+00	0.000000e+00
2.000000e-02	2.200000e-02	0.000000e+00	0.000000e+00	0.000000e+00
2.200000e-02	2.400000e-02	0.000000e+00	0.000000e+00	0.000000e+00
2.400000e-02	2.600000e-02	0.000000e+00	0.000000e+00	0.000000e+00
2.600000e-02	2.800000e-02	0.000000e+00	0.000000e+00	0.000000e+00
2.800000e-02	3.000000e-02	0.000000e+00	0.000000e+00	0.000000e+00
3.000000e-02	3.200000e-02	0.000000e+00	0.000000e+00	0.000000e+00
3.200000e-02	3.400000e-02	0.000000e+00	0.000000e+00	0.000000e+00
3.400000e-02	3.600000e-02	0.000000e+00	0.000000e+00	0.000000e+00
3.600000e-02	3.800000e-02	0.000000e+00	0.000000e+00	0.000000e+00
3.800000e-02	4.000000e-02	0.000000e+00	0.000000e+00	0.000000e+00
4.000000e-02	4.200000e-02	0.000000e+00	0.000000e+00	0.000000e+00
4.200000e-02	4.400000e-02	0.000000e+00	0.000000e+00	0.000000e+00
4.400000e-02	4.600000e-02	0.000000e+00	0.000000e+00	0.000000e+00
4.600000e-02	4.800000e-02	0.000000e+00	0.000000e+00	0.000000e+00
4.800000e-02	5.000000e-02	5.313075e-03	3.756910e-03	3.756910e-03
5.000000e-02	5.200000e-02	1.593922e-02	6.507160e-03	6.507160e-03
5.200000e-02	5.400000e-02	3.719151e-02	9.939849e-03	9.939849e-03
5.400000e-02	5.600000e-02	7.438300e-02	1.405707e-02	1.405707e-02
5.600000e-02	5.800000e-02	8.766570e-02	1.526064e-02	1.526064e-02
5.800000e-02	6.000000e-02	1.275138e-01	1.840503e-02	1.840503e-02
6.000000e-02	6.200000e-02	1.965837e-01	2.285239e-02	2.285239e-02
6.200000e-02	6.400000e-02	2.762798e-01	2.709146e-02	2.709146e-02
6.400000e-02	6.600000e-02	3.692585e-01	3.132010e-02	3.132010e-02
6.600000e-02	6.800000e-02	5.153680e-01	3.700127e-02	3.700127e-02
6.800000e-02	7.000000e-02	6.694470e-01	4.217121e-02	4.217121e-02
7.000000e-02	7.200000e-02	7.518000e-01	4.468986e-02	4.468986e-02
7.200000e-02	7.400000e-02	8.899395e-01	4.862260e-02	4.862260e-02
7.400000e-02	7.600000e-02	1.001514e+00	5.158062e-02	5.158062e-02
7.600000e-02	7.800000e-02	1.296390e+00	5.868481e-02	5.868481e-02
7.800000e-02	8.000000e-02	1.644396e+00	6.609385e-02	6.609385e-02
8.000000e-02	8.200000e-02	1.668305e+00	6.657261e-02	6.657261e-02
8.200000e-02	8.400000e-02	2.021624e+00	7.328381e-02	7.328381e-02
8.400000e-02	8.600000e-02	2.186330e+00	7.621066e-02	7.621066e-02
8.600000e-02	8.800000e-02	2.653880e+00	8.396504e-02	8.396504e-02
8.800000e-02	9.000000e-02	2.741545e+00	8.534058e-02	8.534058e-02
9.000000e-02	9.200000e-02	3.147995e+00	9.144815e-02	9.144815e-02
9.200000e-02	9.400000e-02	3.150652e+00	9.148673e-02	9.148673e-02
9.400000e-02	9.600000e-02	3.509284e+00	9.655331e-02	9.655331e-02
9.600000e-02	9.800000e-02	3.743060e+00	9.971748e-02	9.971748e-02
9.800000e-02	1.000000e-01	3.875886e+00	1.014714e-01	1.014714e-01
1.000000e-01	1.020000e-01	4.035279e+00	1.035368e-01	1.035368e-01
1.020000e-01	1.040000e-01	4.481577e+00	1.091122e-01	1.091122e-01
1.040000e-01	1.060000e-01	4.675504e+00	1.114480e-01	1.114480e-01
1.060000e-01	1.080000e-01	4.959753e+00	1.147857e-01	1.147857e-01
1.080000e-01	1.100000e-01	4.954440e+00	1.147242e-01	1.147242e-01
1.100000e-01	1.120000e-01	5.087265e+00	1.162519e-01	1.162519e-01
1.120000e-01	1.140000e-01	5.129770e+00	1.167366e-01	1.167366e-01
1.140000e-01	1.160000e-01	5.448555e+00	1.203091e-01	1.203091e-01
1.160000e-01	1.180000e-01	5.273225e+00	1.183576e-01	1.183576e-01
1.180000e-01	1.200000e-01	5.828440e+00	1.244326e-01	1.244326e-01
1.200000e-01	1.220000e-01	5.740775e+00	1.234932e-01	1.234932e-01
1.220000e-01	1.240000e-01	5.969235e+00	1.259265e-01	1.259265e-01
1.240000e-01	1.260000e-01	5.807190e+00	1.242055e-01	1.242055e-01
1.260000e-01	1.280000e-01	5.865630e+00	1.248289e-01	1.248289e-01
1.280000e-01	1.300000e-01	5.849695e+00	1.246592e-01	1.246592e-01
1.300000e-01	1.320000e-01	5.684990e+00	1.228917e-01	1.228917e-01
1.320000e-01	1.340000e-01	6.038305e+00	1.266530e-01	1.266530e-01
1.340000e-01	1.360000e-01	6.091440e+00	1.272090e-01	1.272090e-01
1.360000e-01	1.380000e-01	6.195045e+00	1.282862e-01	1.282862e-01
1.380000e-01	1.400000e-01	6.367720e+00	1.300618e-01	1.300618e-01
1.400000e-01	1.420000e-01	6.165820e+00	1.279833e-01	1.279833e-01
1.420000e-01	1.440000e-01	6.184415e+00	1.281762e-01	1.281762e-01
1.440000e-01	1.460000e-01	6.038305e+00	1.266530e-01	1.266530e-01
1.460000e-01	1.480000e-01	6.025025e+00	1.265136e-01	1.265136e-01
1.480000e-01	1.500000e-01	5.860320e+00	1.247724e-01	1.247724e-01
1.500000e-01	1.520000e-01	6.019710e+00	1.264578e-01	1.264578e-01
1.520000e-01	1.540000e-01	6.218950e+00	1.285335e-01	1.285335e-01
1.540000e-01	1.560000e-01	5.809845e+00	1.242339e-01	1.242339e-01
1.560000e-01	1.580000e-01	5.998460e+00	1.262344e-01	1.262344e-01
1.580000e-01	1.600000e-01	5.700925e+00	1.230639e-01	1.230639e-01
1.600000e-01	1.620000e-01	5.738120e+00	1.234647e-01	1.234647e-01
1.620000e-01	1.640000e-01	5.677020e+00	1.228056e-01	1.228056e-01
1.640000e-01	1.660000e-01	5.467150e+00	1.205143e-01	1.205143e-01
1.660000e-01	1.680000e-01	5.645140e+00	1.224603e-01	1.224603e-01
1.680000e-01	1.700000e-01	5.477780e+00	1.206313e-01	1.206313e-01
1.700000e-01	1.720000e-01	5.336980e+00	1.190709e-01	1.190709e-01
1.720000e-01	1.740000e-01	5.076640e+00	1.161305e-01	1.161305e-01
1.740000e-01	1.760000e-01	5.392770e+00	1.196916e-01	1.196916e-01
1.760000e-01	1.780000e-01	4.906622e+00	1.141693e-01	1.141693e-01
1.780000e-01	1.800000e-01	5.015540e+00	1.154295e-01	1.154295e-01
1.800000e-01	1.820000e-01	4.882714e+00	1.138908e-01	1.138908e-01
1.820000e-01	1.840000e-01	4.643625e+00	1.110674e-01	1.110674e-01
1.840000e-01	1.860000e-01	4.805674e+00	1.129887e-01	1.129887e-01
1.860000e-01	1.880000e-01	4.757856e+00	1.124252e-01	1.124252e-01
1.880000e-01	1.900000e-01	4.508142e+00	1.094351e-01	1.094351e-01
1.900000e-01	1.920000e-01	4.473607e+00	1.090151e-01	1.090151e-01
1.920000e-01	1.940000e-01	4.470951e+00	1.089828e-01	1.089828e-01
1.940000e-01	1.960000e-01	4.292963e+00	1.067914e-01	1.067914e-01
1.960000e-01	1.980000e-01	4.356719e+00	1.075815e-01	1.075815e-01
1.980000e-01	2.000000e-01	4.122944e+00	1.046554e-01	1.046554e-01
2.000000e-01	2.020000e-01	4.072470e+00	1.040128e-01	1.040128e-01
2.020000e-01	2.040000e-01	3.929018e+00	1.021645e-01	1.021645e-01
2.040000e-01	2.060000e-01	4.021996e+00	1.033662e-01	1.033662e-01
2.060000e-01	2.080000e-01	3.931674e+00	1.021990e-01	1.021990e-01
2.080000e-01	2.100000e-01	3.822756e+00	1.007735e-01	1.007735e-01
2.100000e-01	2.120000e-01	3.727120e+00	9.950494e-02	9.950494e-02
2.120000e-01	2.140000e-01	3.700555e+00	9.914968e-02	9.914968e-02
2.140000e-01	2.160000e-01	3.623515e+00	9.811219e-02	9.811219e-02
2.160000e-01	2.180000e-01	3.403023e+00	9.508026e-02	9.508026e-02
2.180000e-01	2.200000e-01	3.397710e+00	9.500600e-02	9.500600e-02
2.200000e-01	2.220000e-01	3.275509e+00	9.328188e-02	9.328188e-02
2.220000e-01	2.240000e-01	3.147995e+00	9.144815e-02	9.144815e-02
2.240000e-01	2.260000e-01	3.086895e+00	9.055634e-02	9.055634e-02
2.260000e-01	2.280000e-01	3.025795e+00	8.965565e-02	8.965565e-02
2.280000e-01	2.300000e-01	3.009856e+00	8.941920e-02	8.941920e-02
2.300000e-01	2.320000e-01	2.962038e+00	8.870605e-02	8.870605e-02
2.320000e-01	2.340000e-01	2.911564e+00	8.794700e-02	8.794700e-02
2.340000e-01	2.360000e-01	2.813272e+00	8.644975e-02	8.644975e-02
2.360000e-01	2.380000e-01	2.632627e+00	8.362817e-02	8.362817e-02
2.380000e-01	2.400000e-01	2.741545e+00	8.534058e-02	8.534058e-02
2.400000e-01	2.420000e-01	2.669819e+00	8.421682e-02	8.421682e-02
2.420000e-01	2.440000e-01	2.635284e+00	8.367035e-02	8.367035e-02
2.440000e-01	2.460000e-01	2.515740e+00	8.175057e-02	8.175057e-02
2.460000e-01	2.480000e-01	2.502457e+00	8.153447e-02	8.153447e-02
2.480000e-01	2.500000e-01	2.369630e+00	7.934110e-02	7.934110e-02
2.500000e-01	2.520000e-01	2.311186e+00	7.835657e-02	7.835657e-02
2.520000e-01	2.540000e-01	2.409478e+00	8.000542e-02	8.000542e-02
2.540000e-01	2.560000e-01	2.226177e+00	7.690203e-02	7.690203e-02
2.560000e-01	2.580000e-01	2.303217e+00	7.822135e-02	7.822135e-02
2.580000e-01	2.600000e-01	2.106633e+00	7.480874e-02	7.480874e-02
2.600000e-01	2.620000e-01	2.212895e+00	7.667226e-02	7.667226e-02
2.620000e-01	2.640000e-01	2.045533e+00	7.371589e-02	7.371589e-02
2.640000e-01	2.660000e-01	2.029594e+00	7.342813e-02	7.342813e-02
2.660000e-01	2.680000e-01	1.965837e+00	7.226560e-02	7.226560e-02
2.680000e-01	2.700000e-01	1.965837e+00	7.226560e-02	7.226560e-02
2.700000e-01	2.720000e-01	1.817071e+00	6.947744e-02	6.947744e-02
2.720000e-01	2.740000e-01	1.753314e+00	6.824766e-02	6.824766e-02
2.740000e-01	2.760000e-01	1.899423e+00	7.103441e-02	7.103441e-02
2.760000e-01	2.780000e-01	1.795818e+00	6.906995e-02	6.906995e-02
2.780000e-01	2.800000e-01	1.758627e+00	6.835099e-02	6.835099e-02
2.800000e-01	2.820000e-01	1.867545e+00	7.043580e-02	7.043580e-02
2.820000e-01	2.840000e-01	1.742688e+00	6.804054e-02	6.804054e-02
2.840000e-01	2.860000e-01	1.524852e+00	6.364609e-02	6.364609e-02
2.860000e-01	2.880000e-01	1.649709e+00	6.620055e-02	6.620055e-02
2.880000e-01	2.900000e-01	1.540791e+00	6.397787e-02	6.397787e-02
2.900000e-01	2.920000e-01	1.530165e+00	6.375688e-02	6.375688e-02
2.920000e-01	2.940000e-01	1.461095e+00	6.230130e-02	6.230130e-02
2.940000e-01	2.960000e-01	1.439842e+00	6.184654e-02	6.184654e-02
2.960000e-01	2.980000e-01	1.423903e+00	6.150327e-02	6.150327e-02
2.980000e-01	3.000000e-01	1.410621e+00	6.121573e-02	6.121573e-02
3.000000e-01	3.020000e-01	1.352177e+00	5.993419e-02	5.993419e-02
3.020000e-01	3.040000e-01	1.259198e+00	5.783688e-02	5.783688e-02
3.040000e-01	3.060000e-01	1.328268e+00	5.940196e-02	5.940196e-02
3.060000e-01	3.080000e-01	1.251228e+00	5.765358e-02	5.765358e-02
3.080000e-01	3.100000e-01	1.208724e+00	5.666586e-02	5.666586e-02
3.100000e-01	3.120000e-01	1.219350e+00	5.691439e-02	5.691439e-02
3.120000e-01	3.140000e-01	1.219350e+00	5.691439e-02	5.691439e-02
3.140000e-01	3.160000e-01	1.123715e+00	5.463689e-02	5.463689e-02
3.160000e-01	3.180000e-01	1.051988e+00	5.286440e-02	5.286440e-02
3.180000e-01	3.200000e-01	1.129028e+00	5.476591e-02	5.476591e-02
3.200000e-01	3.220000e-01	1.057301e+00	5.299774e-02	5.299774e-02
3.220000e-01	3.240000e-01	1.099806e+00	5.405252e-02	5.405252e-02
3.240000e-01	3.260000e-01	1.041362e+00	5.259674e-02	5.259674e-02
3.260000e-01	3.280000e-01	1.028079e+00	5.226021e-02	5.226021e-02
3.280000e-01	3.300000e-01	9.722925e-01	5.082253e-02	5.082253e-02
3.300000e-01	3.320000e-01	9.005660e-01	4.891202e-02	4.891202e-02
3.320000e-01	3.340000e-01	9.962010e-01	5.144361e-02	5.144361e-02
3.340000e-01	3.360000e-01	9.590095e-01	5.047420e-02	5.047420e-02
3.360000e-01	3.380000e-01	8.421220e-01	4.729828e-02	4.729828e-02
3.380000e-01	3.400000e-01	9.297875e-01	4.969925e-02	4.969925e-02
3.400000e-01	3.420000e-01	8.314960e-01	4.699893e-02	4.699893e-02
3.420000e-01	3.440000e-01	8.554045e-01	4.766984e-02	4.766984e-02
3.440000e-01	3.460000e-01	8.102435e-01	4.639442e-02	4.639442e-02
3.460000e-01	3.480000e-01	7.650825e-01	4.508292e-02	4.508292e-02
3.480000e-01	3.500000e-01	8.527480e-01	4.759576e-02	4.759576e-02
3.500000e-01	3.520000e-01	7.730520e-01	4.531712e-02	4.531712e-02
3.520000e-01	3.540000e-01	8.049305e-01	4.624205e-02	4.624205e-02
3.540000e-01	3.560000e-01	7.039820e-01	4.324528e-02	4.324528e-02
3.560000e-01	3.580000e-01	7.092950e-01	4.340816e-02	4.340816e-02
3.580000e-01	3.600000e-01	7.836780e-01	4.562751e-02	4.562751e-02
3.600000e-01	3.620000e-01	7.119520e-01	4.348938e-02	4.348938e-02
3.620000e-01	3.640000e-01	6.322555e-01	4.098305e-02	4.098305e-02
3.640000e-01	3.660000e-01	6.986690e-01	4.308178e-02	4.308178e-02
3.660000e-01	3.680000e-01	7.039820e-01	4.324528e-02	4.324528e-02
3.680000e-01	3.700000e-01	6.508515e-01	4.158137e-02	4.158137e-02
3.700000e-01	3.720000e-01	7.146085e-01	4.357044e-02	4.357044e-02
3.720000e-01	3.740000e-01	6.508515e-01	4.158137e-02	4.158137e-02
3.740000e-01	3.760000e-01	6.216295e-01	4.063719e-02	4.063719e-02
3.760000e-01	3.780000e-01	5.764685e-01	3.913322e-02	3.913322e-02
3.780000e-01	3.800000e-01	6.561645e-01	4.175075e-02	4.175075e-02
3.800000e-01	3.820000e-01	5.605290e-01	3.858842e-02	3.858842e-02
3.820000e-01	3.840000e-01	5.366205e-01	3.775648e-02	3.775648e-02
3.840000e-01	3.860000e-01	6.216295e-01	4.063719e-02	4.063719e-02
3.860000e-01	3.880000e-01	5.366205e-01	3.775648e-02	3.775648e-02
3.880000e-01	3.900000e-01	5.631855e-01	3.867975e-02	3.867975e-02
3.900000e-01	3.920000e-01	5.419335e-01	3.794293e-02	3.794293e-02
3.920000e-01	3.940000e-01	4.702069e-01	3.534292e-02	3.534292e-02
3.940000e-01	3.960000e-01	5.047420e-01	3.661783e-02	3.661783e-02
3.960000e-01	3.980000e-01	4.516112e-01	3.463700e-02	3.463700e-02
3.980000e-01	4.000000e-01	4.436416e-01	3.433002e-02	3.433002e-02
4.000000e-01	4.020000e-01	4.542677e-01	3.473872e-02	3.473872e-02
4.020000e-01	4.040000e-01	4.569242e-01	3.484015e-02	3.484015e-02
4.040000e-01	4.060000e-01	4.330154e-01	3.391639e-02	3.391639e-02
4.060000e-01	4.080000e-01	3.984805e-01	3.253579e-02	3.253579e-02
4.080000e-01	4.100000e-01	4.170762e-01	3.328631e-02	3.328631e-02
4.100000e-01	4.120000e-01	3.851978e-01	3.198894e-02	3.198894e-02
4.120000e-01	4.140000e-01	4.808331e-01	3.574004e-02	3.574004e-02
4.140000e-01	4.160000e-01	4.409850e-01	3.422708e-02	3.422708e-02
4.160000e-01	4.180000e-01	3.719151e-01	3.143256e-02	3.143256e-02
4.180000e-01	4.200000e-01	4.277023e-01	3.370767e-02	3.370767e-02
4.200000e-01	4.220000e-01	3.586324e-01	3.086616e-02	3.086616e-02
4.220000e-01	4.240000e-01	4.037935e-01	3.275198e-02	3.275198e-02
4.240000e-01	4.260000e-01	3.745716e-01	3.154462e-02	3.154462e-02
4.260000e-01	4.280000e-01	3.612889e-01	3.098027e-02	3.098027e-02
4.280000e-01	4.300000e-01	3.480062e-01	3.040545e-02	3.040545e-02
4.300000e-01	4.320000e-01	3.612889e-01	3.098027e-02	3.098027e-02
4.320000e-01	4.340000e-01	3.506628e-01	3.052128e-02	3.052128e-02
4.340000e-01	4.360000e-01	3.612889e-01	3.098027e-02	3.098027e-02
4.360000e-01	4.380000e-01	3.719151e-01	3.143256e-02	3.143256e-02
4.380000e-01	4.400000e-01	3.373801e-01	2.993764e-02	2.993764e-02
4.400000e-01	4.420000e-01	3.187843e-01	2.910090e-02	2.910090e-02
4.420000e-01	4.440000e-01	3.108147e-01	2.873484e-02	2.873484e-02
4.440000e-01	4.460000e-01	3.081582e-01	2.861177e-02	2.861177e-02
4.460000e-01	4.480000e-01	2.895624e-01	2.773505e-02	2.773505e-02
4.480000e-01	4.500000e-01	3.028451e-01	2.836405e-02	2.836405e-02
4.500000e-01	4.520000e-01	3.108147e-01	2.873484e-02	2.873484e-02
4.520000e-01	4.540000e-01	2.629971e-01	2.643221e-02	2.643221e-02
4.540000e-01	4.560000e-01	2.815928e-01	2.735072e-02	2.735072e-02
4.560000e-01	4.580000e-01	2.815928e-01	2.735072e-02	2.735072e-02
4.580000e-01	4.600000e-01	2.975321e-01	2.811414e-02	2.811414e-02
4.600000e-01	4.620000e-01	2.975321e-01	2.811414e-02	2.811414e-02
4.620000e-01	4.640000e-01	2.550275e-01	2.602863e-02	2.602863e-02
4.640000e-01	4.660000e-01	2.258056e-01	2.449205e-02	2.449205e-02
4.660000e-01	4.680000e-01	2.523709e-01	2.589272e-02	2.589272e-02
4.680000e-01	4.700000e-01	2.072099e-01	2.346189e-02	2.346189e-02
4.700000e-01	4.720000e-01	2.709667e-01	2.682970e-02	2.682970e-02
4.720000e-01	4.740000e-01	2.470579e-01	2.561871e-02	2.561871e-02
4.740000e-01	4.760000e-01	1.859575e-01	2.222618e-02	2.222618e-02
4.760000e-01	4.780000e-01	2.045533e-01	2.331101e-02	2.331101e-02
4.780000e-01	4.800000e-01	2.018967e-01	2.315915e-02	2.315915e-02
4.800000e-01	4.820000e-01	1.992402e-01	2.300628e-02	2.300628e-02
4.820000e-01	4.840000e-01	2.736232e-01	2.696090e-02	2.696090e-02
4.840000e-01	4.860000e-01	2.125229e-01	2.376078e-02	2.376078e-02
4.860000e-01	4.880000e-01	2.337752e-01	2.492052e-02	2.492052e-02
4.880000e-01	4.900000e-01	1.673618e-01	2.108561e-02	2.108561e-02
4.900000e-01	4.920000e-01	1.647052e-01	2.091759e-02	2.091759e-02
4.920000e-01	4.940000e-01	2.098664e-01	2.361181e-02	2.361181e-02
4.940000e-01	4.960000e-01	2.337752e-01	2.492052e-02	2.492052e-02
4.960000e-01	4.980000e-01	1.859575e-01	2.222618e-02	2.222618e-02
4.980000e-01	5.000000e-01	2.125229e-01	2.376078e-02	2.376078e-02
5.000000e-01	5.020000e-01	2.231490e-01	2.434756e-02	2.434756e-02
5.020000e-01	5.040000e-01	1.673618e-01	2.108561e-02	2.108561e-02
5.040000e-01	5.060000e-01	2.072098e-01	2.346189e-02	2.346189e-02
5.060000e-01	5.080000e-01	2.125229e-01	2.376078e-02	2.376078e-02
5.080000e-01	5.100000e-01	1.434529e-01	1.952148e-02	1.952148e-02
5.100000e-01	5.120000e-01	1.939271e-01	2.269746e-02	2.269746e-02
5.120000e-01	5.140000e-01	1.620487e-01	2.074821e-02	2.074821e-02
5.140000e-01	5.160000e-01	1.992402e-01	2.300628e-02	2.300628e-02
5.160000e-01	5.180000e-01	1.886141e-01	2.238438e-02	2.238438e-02
5.180000e-01	5.200000e-01	1.620487e-01	2.074821e-02	2.074821e-02
5.200000e-01	5.220000e-01	1.461095e-01	1.970140e-02	1.970140e-02
5.220000e-01	5.240000e-01	1.381399e-01	1.915656e-02	1.915656e-02
5.240000e-01	5.260000e-01	1.700183e-01	2.125229e-02	2.125229e-02
5.260000e-01	5.280000e-01	1.222006e-01	1.801751e-02	1.801751e-02
5.280000e-01	5.300000e-01	1.647052e-01	2.091759e-02	2.091759e-02
5.300000e-01	5.320000e-01	1.593922e-01	2.057745e-02	2.057745e-02
5.320000e-01	5.340000e-01	1.381399e-01	1.915656e-02	1.915656e-02
5.340000e-01	5.360000e-01	1.328268e-01	1.878455e-02	1.878455e-02
5.360000e-01	5.380000e-01	1.301703e-01	1.859575e-02	1.859575e-02
5.380000e-01	5.400000e-01	1.248572e-01	1.821230e-02	1.821230e-02
5.400000e-01	5.420000e-01	1.062614e-01	1.680141e-02	1.680141e-02
5.420000e-01	5.440000e-01	1.168876e-01	1.762147e-02	1.762147e-02
5.440000e-01	5.460000e-01	1.089180e-01	1.701013e-02	1.701013e-02
5.460000e-01	5.480000e-01	1.222006e-01	1.801751e-02	1.801751e-02
5.480000e-01	5.500000e-01	1.567356e-01	2.040524e-02	2.040524e-02
5.500000e-01	5.520000e-01	1.195441e-01	1.782059e-02	1.782059e-02
5.520000e-01	5.540000e-01	1.248572e-01	1.821230e-02	1.821230e-02
5.540000e-01	5.560000e-01	1.647052e-01	2.091759e-02	2.091759e-02
5.560000e-01	5.580000e-01	1.248572e-01	1.821230e-02	1.821230e-02
5.580000e-01	5.600000e-01	1.142310e-01	1.742007e-02	1.742007e-02
5.600000e-01	5.620000e-01	9.297875e-02	1.571628e-02	1.571628e-02
5.620000e-01	5.640000e-01	1.168876e-01	1.762147e-02	1.762147e-02
5.640000e-01	5.660000e-01	1.009484e-01	1.637599e-02	1.637599e-02
5.660000e-01	5.680000e-01	1.036049e-01	1.659006e-02	1.659006e-02
5.680000e-01	5.700000e-01	1.301703e-01	1.859575e-02	1.859575e-02
5.700000e-01	5.720000e-01	7.172650e-02	1.380377e-02	1.380377e-02
5.720000e-01	5.740000e-01	7.172650e-02	1.380377e-02	1.380377e-02
5.740000e-01	5.760000e-01	8.235265e-02	1.479097e-02	1.479097e-02
5.760000e-01	5.780000e-01	9.297875e-02	1.571628e-02	1.571628e-02
5.780000e-01	5.800000e-01	8.500915e-02	1.502764e-02	1.502764e-02
5.800000e-01	5.820000e-01	7.969610e-02	1.455045e-02	1.455045e-02
5.820000e-01	5.840000e-01	7.438300e-02	1.405707e-02	1.405707e-02
5.840000e-01	5.860000e-01	9.563530e-02	1.593922e-02	1.593922e-02
5.860000e-01	5.880000e-01	7.703955e-02	1.430589e-02	1.430589e-02
5.880000e-01	5.900000e-01	9.032225e-02	1.549014e-02	1.549014e-02
5.900000e-01	5.920000e-01	8.235265e-02	1.479097e-02	1.479097e-02
5.920000e-01	5.940000e-01	9.297875e-02	1.571628e-02	1.571628e-02
5.940000e-01	5.960000e-01	6.641340e-02	1.328268e-02	1.328268e-02
5.960000e-01	5.980000e-01	6.110035e-02	1.274030e-02	1.274030e-02
5.980000e-01	6.000000e-01	9.032225e-02	1.549014e-02	1.549014e-02
6.000000e-01	6.020000e-01	8.500915e-02	1.502764e-02	1.502764e-02
6.020000e-01	6.040000e-01	9.297875e-02	1.571628e-02	1.571628e-02
6.040000e-01	6.060000e-01	6.641340e-02	1.328268e-02	1.328268e-02
6.060000e-01	6.080000e-01	7.703955e-02	1.430589e-02	1.430589e-02
6.080000e-01	6.100000e-01	8.235265e-02	1.479097e-02	1.479097e-02
6.100000e-01	6.120000e-01	7.172650e-02	1.380377e-02	1.380377e-02
6.120000e-01	6.140000e-01	6.906995e-02	1.354573e-02	1.354573e-02
6.140000e-01	6.160000e-01	6.906995e-02	1.354573e-02	1.354573e-02
6.160000e-01	6.180000e-01	5.047420e-02	1.157957e-02	1.157957e-02
6.180000e-01	6.200000e-01	7.172650e-02	1.380377e-02	1.380377e-02
6.200000e-01	6.220000e-01	8.766570e-02	1.526064e-02	1.526064e-02
6.220000e-01	6.240000e-01	7.703955e-02	1.430589e-02	1.430589e-02
6.240000e-01	6.260000e-01	3.984804e-02	1.028872e-02	1.028872e-02
6.260000e-01	6.280000e-01	7.969610e-02	1.455045e-02	1.455045e-02
6.280000e-01	6.300000e-01	5.578725e-02	1.217378e-02	1.217378e-02
6.300000e-01	6.320000e-01	6.641340e-02	1.328268e-02	1.328268e-02
6.320000e-01	6.340000e-01	6.906995e-02	1.354573e-02	1.354573e-02
6.340000e-01	6.360000e-01	4.516112e-02	1.095318e-02	1.095318e-02
6.360000e-01	6.380000e-01	6.110035e-02	1.274030e-02	1.274030e-02
6.380000e-01	6.400000e-01	8.235265e-02	1.479097e-02	1.479097e-02
6.400000e-01	6.420000e-01	7.438300e-02	1.405707e-02	1.405707e-02
6.420000e-01	6.440000e-01	7.703955e-02	1.430589e-02	1.430589e-02
6.440000e-01	6.460000e-01	4.250458e-02	1.062615e-02	1.062615e-02
6.460000e-01	6.480000e-01	6.375685e-02	1.301432e-02	1.301432e-02
6.480000e-01	6.500000e-01	4.250458e-02	1.062615e-02	1.062615e-02
6.500000e-01	6.520000e-01	5.578725e-02	1.217378e-02	1.217378e-02
6.520000e-01	6.540000e-01	7.703955e-02	1.430589e-02	1.430589e-02
6.540000e-01	6.560000e-01	3.984804e-02	1.028872e-02	1.028872e-02
6.560000e-01	6.580000e-01	5.578725e-02	1.217378e-02	1.217378e-02
6.580000e-01	6.600000e-01	4.781765e-02	1.127073e-02	1.127073e-02
6.600000e-01	6.620000e-01	4.516112e-02	1.095318e-02	1.095318e-02
6.620000e-01	6.640000e-01	3.984804e-02	1.028872e-02	1.028872e-02
6.640000e-01	6.660000e-01	3.719151e-02	9.939849e-03	9.939849e-03
6.660000e-01	6.680000e-01	4.781765e-02	1.127073e-02	1.127073e-02
6.680000e-01	6.700000e-01	5.578725e-02	1.217378e-02	1.217378e-02
6.700000e-01	6.720000e-01	3.984804e-02	1.028872e-02	1.028872e-02
6.720000e-01	6.740000e-01	5.578725e-02	1.217378e-02	1.217378e-02
6.740000e-01	6.760000e-01	4.250458e-02	1.062615e-02	1.062615e-02
6.760000e-01	6.780000e-01	4.781765e-02	1.127073e-02	1.127073e-02
6.780000e-01	6.800000e-01	5.047420e-02	1.157957e-02	1.157957e-02
6.800000e-01	6.820000e-01	1.859575e-02	7.028535e-03	7.028535e-03
6.820000e-01	6.840000e-01	2.922190e-02	8.810735e-03	8.810735e-03
6.840000e-01	6.860000e-01	4.250458e-02	1.062615e-02	1.062615e-02
6.860000e-01	6.880000e-01	2.656537e-02	8.400705e-03	8.400705e-03
6.880000e-01	6.900000e-01	5.844380e-02	1.246026e-02	1.246026e-02
6.900000e-01	6.920000e-01	4.516112e-02	1.095318e-02	1.095318e-02
6.920000e-01	6.940000e-01	5.047420e-02	1.157957e-02	1.157957e-02
6.940000e-01	6.960000e-01	4.250458e-02	1.062615e-02	1.062615e-02
6.960000e-01	6.980000e-01	4.781765e-02	1.127073e-02	1.127073e-02
6.980000e-01	7.000000e-01	2.656536e-02	8.400705e-03	8.400705e-03
7.000000e-01	7.020000e-01	3.984804e-02	1.028872e-02	1.028872e-02
7.020000e-01	7.040000e-01	2.656536e-02	8.400705e-03	8.400705e-03
7.040000e-01	7.060000e-01	2.656536e-02	8.400705e-03	8.400705e-03
7.060000e-01	7.080000e-01	4.250458e-02	1.062615e-02	1.062615e-02
7.080000e-01	7.100000e-01	3.719151e-02	9.939849e-03	9.939849e-03
7.100000e-01	7.120000e-01	2.656536e-02	8.400705e-03	8.400705e-03
7.120000e-01	7.140000e-01	3.453497e-02	9.578279e-03	9.578279e-03
7.140000e-01	7.160000e-01	2.922190e-02	8.810735e-03	8.810735e-03
7.160000e-01	7.180000e-01	3.984804e-02	1.028872e-02	1.028872e-02
7.180000e-01	7.200000e-01	1.859575e-02	7.028535e-03	7.028535e-03
7.200000e-01	7.220000e-01	3.719151e-02	9.939849e-03	9.939849e-03
7.220000e-01	7.240000e-01	3.984804e-02	1.028872e-02	1.028872e-02
7.240000e-01	7.260000e-01	1.328268e-02	5.940196e-03	5.940196e-03
7.260000e-01	7.280000e-01	4.781765e-02	1.127073e-02	1.127073e-02
7.280000e-01	7.300000e-01	2.390883e-02	7.969609e-03	7.969609e-03
7.300000e-01	7.320000e-01	3.187843e-02	9.202512e-03	9.202512e-03
7.320000e-01	7.340000e-01	2.656536e-02	8.400705e-03	8.400705e-03
7.340000e-01	7.360000e-01	4.250458e-02	1.062615e-02	1.062615e-02
7.360000e-01	7.380000e-01	3.719151e-02	9.939849e-03	9.939849e-03
7.380000e-01	7.400000e-01	2.656536e-02	8.400705e-03	8.400705e-03
7.400000e-01	7.420000e-01	1.859575e-02	7.028535e-03	7.028535e-03
7.420000e-01	7.440000e-01	2.390883e-02	7.969609e-03	7.969609e-03
7.440000e-01	7.460000e-01	3.187843e-02	9.202512e-03	9.202512e-03
7.460000e-01	7.480000e-01	1.062614e-02	5.313073e-03	5.313073e-03
7.480000e-01	7.500000e-01	5.578725e-02	1.217378e-02	1.217378e-02
7.500000e-01	7.520000e-01	3.719151e-02	9.939849e-03	9.939849e-03
7.520000e-01	7.540000e-01	1.859575e-02	7.028535e-03	7.028535e-03
7.540000e-01	7.560000e-01	1.859575e-02	7.028535e-03	7.028535e-03
7.560000e-01	7.580000e-01	3.453497e-02	9.578279e-03	9.578279e-03
7.580000e-01	7.600000e-01	2.656536e-02	8.400705e-03	8.400705e-03
7.600000e-01	7.620000e-01	1.859575e-02	7.028535e-03	7.028535e-03
7.620000e-01	7.640000e-01	2.656536e-02	8.400705e-03	8.400705e-03
7.640000e-01	7.660000e-01	2.656536e-02	8.400705e-03	8.400705e-03
7.660000e-01	7.680000e-01	1.593922e-02	6.507160e-03	6.507160e-03
7.680000e-01	7.700000e-01	1.328268e-02	5.940196e-03	5.940196e-03
7.700000e-01	7.720000e-01	2.125229e-02	7.513819e-03	7.513819e-03
7.720000e-01	7.740000e-01	1.593922e-02	6.507160e-03	6.507160e-03
7.740000e-01	7.760000e-01	5.313075e-03	3.756910e-03	3.756910e-03
7.760000e-01	7.780000e-01	1.062614e-02	5.313073e-03	5.313073e-03
7.780000e-01	7.800000e-01	7.969610e-03	4.601256e-03	4.601256e-03
7.800000e-01	7.820000e-01	1.328268e-02	5.940196e-03	5.940196e-03
7.820000e-01	7.840000e-01	1.859575e-02	7.028535e-03	7.028535e-03
7.840000e-01	7.860000e-01	2.656536e-02	8.400705e-03	8.400705e-03
7.860000e-01	7.880000e-01	5.313075e-03	3.756910e-03	3.756910e-03
7.880000e-01	7.900000e-01	2.922190e-02	8.810735e-03	8.810735e-03
7.900000e-01	7.920000e-01	2.390883e-02	7.969609e-03	7.969609e-03
7.920000e-01	7.940000e-01	2.922190e-02	8.810735e-03	8.810735e-03
7.940000e-01	7.960000e-01	1.859575e-02	7.028535e-03	7.028535e-03
7.960000e-01	7.980000e-01	5.313075e-03	3.756910e-03	3.756910e-03
7.980000e-01	8.000000e-01	7.969610e-03	4.601256e-03	4.601256e-03
8.000000e-01	8.020000e-01	1.593922e-02	6.507160e-03	6.507160e-03
8.020000e-01	8.040000e-01	1.859575e-02	7.028535e-03	7.028535e-03
8.040000e-01	8.060000e-01	1.328268e-02	5.940196e-03	5.940196e-03
8.060000e-01	8.080000e-01	1.328268e-02	5.940196e-03	5.940196e-03
8.080000e-01	8.100000e-01	7.969610e-03	4.601256e-03	4.601256e-03
8.100000e-01	8.120000e-01	7.969610e-03	4.601256e-03	4.601256e-03
8.120000e-01	8.140000e-01	1.593922e-02	6.507160e-03	6.507160e-03
8.140000e-01	8.160000e-01	2.125229e-02	7.513819e-03	7.513819e-03
8.160000e-01	8.180000e-01	2.390883e-02	7.969609e-03	7.969609e-03
8.180000e-01	8.200000e-01	5.313075e-03	3.756910e-03	3.756910e-03
8.200000e-01	8.220000e-01	1.859575e-02	7.028535e-03	7.028535e-03
8.220000e-01	8.240000e-01	5.313075e-03	3.756910e-03	3.756910e-03
8.240000e-01	8.260000e-01	5.313075e-03	3.756910e-03	3.756910e-03
8.260000e-01	8.280000e-01	1.328268e-02	5.940196e-03	5.940196e-03
8.280000e-01	8.300000e-01	1.593922e-02	6.507160e-03	6.507160e-03
8.300000e-01	8.320000e-01	7.969610e-03	4.601256e-03	4.601256e-03
8.320000e-01	8.340000e-01	2.656536e-02	8.400705e-03	8.400705e-03
8.340000e-01	8.360000e-01	7.969610e-03	4.601256e-03	4.601256e-03
8.360000e-01	8.380000e-01	1.328268e-02	5.940196e-03	5.940196e-03
8.380000e-01	8.400000e-01	1.328268e-02	5.940196e-03	5.940196e-03
8.400000e-01	8.420000e-01	1.328268e-02	5.940196e-03	5.940196e-03
8.420000e-01	8.440000e-01	1.062614e-02	5.313073e-03	5.313073e-03
8.440000e-01	8.460000e-01	5.313075e-03	3.756910e-03	3.756910e-03
8.460000e-01	8.480000e-01	1.593922e-02	6.507160e-03	6.507160e-03
8.480000e-01	8.500000e-01	7.969610e-03	4.601256e-03	4.601256e-03
8.500000e-01	8.520000e-01	1.859575e-02	7.028535e-03	7.028535e-03
8.520000e-01	8.540000e-01	1.062614e-02	5.313073e-03	5.313073e-03
8.540000e-01	8.560000e-01	1.062614e-02	5.313073e-03	5.313073e-03
8.560000e-01	8.580000e-01	1.593922e-02	6.507160e-03	6.507160e-03
8.580000e-01	8.600000e-01	5.313075e-03	3.756910e-03	3.756910e-03
8.600000e-01	8.620000e-01	7.969610e-03	4.601256e-03	4.601256e-03
8.620000e-01	8.640000e-01	1.593922e-02	6.507160e-03	6.507160e-03
8.640000e-01	8.660000e-01	7.969610e-03	4.601256e-03	4.601256e-03
8.660000e-01	8.680000e-01	7.969610e-03	4.601256e-03	4.601256e-03
8.680000e-01	8.700000e-01	2.656536e-03	2.656536e-03	2.656536e-03
8.700000e-01	8.720000e-01	7.969610e-03	4.601256e-03	4.601256e-03
8.720000e-01	8.740000e-01	2.390883e-02	7.969609e-03	7.969609e-03
8.740000e-01	8.760000e-01	5.313075e-03	3.756910e-03	3.756910e-03
8.760000e-01	8.780000e-01	5.313075e-03	3.756910e-03	3.756910e-03
8.780000e-01	8.800000e-01	1.062614e-02	5.313073e-03	5.313073e-03
8.800000e-01	8.820000e-01	2.656536e-03	2.656536e-03	2.656536e-03
8.820000e-01	8.840000e-01	1.062614e-02	5.313073e-03	5.313073e-03
8.840000e-01	8.860000e-01	2.656536e-03	2.656536e-03	2.656536e-03
8.860000e-01	8.880000e-01	1.062614e-02	5.313073e-03	5.313073e-03
8.880000e-01	8.900000e-01	5.313075e-03	3.756910e-03	3.756910e-03
8.900000e-01	8.920000e-01	2.656536e-03	2.656536e-03	2.656536e-03
8.920000e-01	8.940000e-01	5.313075e-03	3.756910e-03	3.756910e-03
8.940000e-01	8.960000e-01	5.313075e-03	3.756910e-03	3.756910e-03
8.960000e-01	8.980000e-01	7.969610e-03	4.601256e-03	4.601256e-03
8.980000e-01	9.000000e-01	1.062614e-02	5.313073e-03	5.313073e-03
9.000000e-01	9.020000e-01	7.969610e-03	4.601256e-03	4.601256e-03
9.020000e-01	9.040000e-01	1.062614e-02	5.313073e-03	5.313073e-03
9.040000e-01	9.060000e-01	1.062614e-02	5.313073e-03	5.313073e-03
9.060000e-01	9.080000e-01	0.000000e+00	0.000000e+00	0.000000e+00
9.080000e-01	9.100000e-01	7.969610e-03	4.601256e-03	4.601256e-03
9.100000e-01	9.120000e-01	7.969610e-03	4.601256e-03	4.601256e-03
9.120000e-01	9.140000e-01	5.313075e-03	3.756910e-03	3.756910e-03
9.140000e-01	9.160000e-01	1.062614e-02	5.313073e-03	5.313073e-03
9.160000e-01	9.180000e-01	7.969610e-03	4.601256e-03	4.601256e-03
9.180000e-01	9.200000e-01	2.656536e-03	2.656536e-03	2.656536e-03
9.200000e-01	9.220000e-01	7.969610e-03	4.601256e-03	4.601256e-03
9.220000e-01	9.240000e-01	2.656536e-03	2.656536e-03	2.656536e-03
9.240000e-01	9.260000e-01	0.000000e+00	0.000000e+00	0.000000e+00
9.260000e-01	9.280000e-01	0.000000e+00	0.000000e+00	0.000000e+00
9.280000e-01	9.300000e-01	5.313075e-03	3.756910e-03	3.756910e-03
9.300000e-01	9.320000e-01	7.969610e-03	4.601256e-03	4.601256e-03
9.320000e-01	9.340000e-01	1.062614e-02	5.313073e-03	5.313073e-03
9.340000e-01	9.360000e-01	0.000000e+00	0.000000e+00	0.000000e+00
9.360000e-01	9.380000e-01	2.656537e-03	2.656536e-03	2.656536e-03
9.380000e-01	9.400000e-01	5.313075e-03	3.756910e-03	3.756910e-03
9.400000e-01	9.420000e-01	2.656536e-03	2.656536e-03	2.656536e-03
9.420000e-01	9.440000e-01	0.000000e+00	0.000000e+00	0.000000e+00
9.440000e-01	9.460000e-01	5.313075e-03	3.756910e-03	3.756910e-03
9.460000e-01	9.480000e-01	2.656536e-03	2.656536e-03	2.656536e-03
9.480000e-01	9.500000e-01	5.313075e-03	3.756910e-03	3.756910e-03
9.500000e-01	9.520000e-01	7.969610e-03	4.601256e-03	4.601256e-03
9.520000e-01	9.540000e-01	2.656536e-03	2.656536e-03	2.656536e-03
9.540000e-01	9.560000e-01	2.656536e-03	2.656536e-03	2.656536e-03
9.560000e-01	9.580000e-01	7.969610e-03	4.601256e-03	4.601256e-03
9.580000e-01	9.600000e-01	7.969610e-03	4.601256e-03	4.601256e-03
9.600000e-01	9.620000e-01	7.969610e-03	4.601256e-03	4.601256e-03
9.620000e-01	9.640000e-01	2.656536e-03	2.656536e-03	2.656536e-03
9.640000e-01	9.660000e-01	1.062614e-02	5.313073e-03	5.313073e-03
9.660000e-01	9.680000e-01	1.062614e-02	5.313073e-03	5.313073e-03
9.680000e-01	9.700000e-01	5.313075e-03	3.756910e-03	3.756910e-03
9.700000e-01	9.720000e-01	7.969610e-03	4.601256e-03	4.601256e-03
9.720000e-01	9.740000e-01	2.656536e-03	2.656536e-03	2.656536e-03
9.740000e-01	9.760000e-01	1.062614e-02	5.313073e-03	5.313073e-03
9.760000e-01	9.780000e-01	0.000000e+00	0.000000e+00	0.000000e+00
9.780000e-01	9.800000e-01	5.313075e-03	3.756910e-03	3.756910e-03
9.800000e-01	9.820000e-01	0.000000e+00	0.000000e+00	0.000000e+00
9.820000e-01	9.840000e-01	2.656536e-03	2.656536e-03	2.656536e-03
9.840000e-01	9.860000e-01	5.313075e-03	3.756910e-03	3.756910e-03
9.860000e-01	9.880000e-01	2.656536e-03	2.656536e-03	2.656536e-03
9.880000e-01	9.900000e-01	2.656536e-03	2.656536e-03	2.656536e-03
9.900000e-01	9.920000e-01	5.313075e-03	3.756910e-03	3.756910e-03
9.920000e-01	9.940000e-01	7.969610e-03	4.601256e-03	4.601256e-03
9.940000e-01	9.960000e-01	7.969610e-03	4.601256e-03	4.601256e-03
9.960000e-01	9.980000e-01	0.000000e+00	0.000000e+00	0.000000e+00
9.980000e-01	1.000000e+00	2.656536e-03	2.656536e-03	2.656536e-03
# END HISTOGRAM

