# BEGIN PLOT
RatioPlotReference=/afs/phas.gla.ac.uk/user/d/dkar/MCTune/lh2015-qg/Pythia-8205/results/uu-200.yoda/MC_LHQG_EE/GA_10_05_R4
RatioPlot=1
DrawOnly=/afs/phas.gla.ac.uk/user/d/dkar/MCTune/lh2015-qg/Pythia-8205/results/uu-200.yoda/MC_LHQG_EE/GA_10_05_R4 /afs/phas.gla.ac.uk/user/d/dkar/MCTune/lh2015-qg/Pythia-8205/results/uu-200-alphasx11.yoda/MC_LHQG_EE/GA_10_05_R4 /afs/phas.gla.ac.uk/user/d/dkar/MCTune/lh2015-qg/Pythia-8205/results/uu-200-alphasx12.yoda/MC_LHQG_EE/GA_10_05_R4
Legend=1
LogY=1
# END PLOT

# BEGIN HISTOGRAM /afs/phas.gla.ac.uk/user/d/dkar/MCTune/lh2015-qg/Pythia-8205/results/uu-200.yoda/MC_LHQG_EE/GA_10_05_R4
LineColor={[HTML]{EE3311}}
LineStyle=solid
Path=/afs/phas.gla.ac.uk/user/d/dkar/MCTune/lh2015-qg/Pythia-8205/results/uu-200.yoda/MC_LHQG_EE/GA_10_05_R4
ScaledBy=3.3232527998404837e-06
Title=1
XLabel=
YLabel=
# xlow	 xhigh	 val	 errminus	 errplus
0.000000e+00	2.000000e-03	2.509056e-01	2.041840e-02	2.041840e-02
2.000000e-03	4.000000e-03	1.993951e-02	5.756042e-03	5.756042e-03
4.000000e-03	6.000000e-03	1.495464e-02	4.984879e-03	4.984879e-03
6.000000e-03	8.000000e-03	1.329301e-02	4.699789e-03	4.699789e-03
8.000000e-03	1.000000e-02	8.308130e-03	3.715510e-03	3.715510e-03
1.000000e-02	1.200000e-02	1.495464e-02	4.984879e-03	4.984879e-03
1.200000e-02	1.400000e-02	1.827789e-02	5.510991e-03	5.510991e-03
1.400000e-02	1.600000e-02	1.329301e-02	4.699789e-03	4.699789e-03
1.600000e-02	1.800000e-02	1.993952e-02	5.756042e-03	5.756042e-03
1.800000e-02	2.000000e-02	1.495464e-02	4.984879e-03	4.984879e-03
2.000000e-02	2.200000e-02	1.163139e-02	4.396250e-03	4.396250e-03
2.200000e-02	2.400000e-02	2.658602e-02	6.646505e-03	6.646505e-03
2.400000e-02	2.600000e-02	2.492440e-02	6.435451e-03	6.435451e-03
2.600000e-02	2.800000e-02	3.323253e-02	7.431019e-03	7.431019e-03
2.800000e-02	3.000000e-02	1.993952e-02	5.756042e-03	5.756042e-03
3.000000e-02	3.200000e-02	2.824765e-02	6.851062e-03	6.851062e-03
3.200000e-02	3.400000e-02	3.489415e-02	7.614529e-03	7.614529e-03
3.400000e-02	3.600000e-02	3.821741e-02	7.968880e-03	7.968880e-03
3.600000e-02	3.800000e-02	3.987903e-02	8.140273e-03	8.140273e-03
3.800000e-02	4.000000e-02	3.323253e-02	7.431019e-03	7.431019e-03
4.000000e-02	4.200000e-02	5.151040e-02	9.251544e-03	9.251544e-03
4.200000e-02	4.400000e-02	4.818717e-02	8.948132e-03	8.948132e-03
4.400000e-02	4.600000e-02	5.483365e-02	9.545317e-03	9.545317e-03
4.600000e-02	4.800000e-02	7.643480e-02	1.126970e-02	1.126970e-02
4.800000e-02	5.000000e-02	6.978830e-02	1.076857e-02	1.076857e-02
5.000000e-02	5.200000e-02	4.984879e-02	9.101103e-03	9.101103e-03
5.200000e-02	5.400000e-02	8.308130e-02	1.174947e-02	1.174947e-02
5.400000e-02	5.600000e-02	8.141970e-02	1.163138e-02	1.163138e-02
5.600000e-02	5.800000e-02	9.138945e-02	1.232295e-02	1.232295e-02
5.800000e-02	6.000000e-02	1.129906e-01	1.370212e-02	1.370212e-02
6.000000e-02	6.200000e-02	1.462231e-01	1.558744e-02	1.558744e-02
6.200000e-02	6.400000e-02	1.395766e-01	1.522906e-02	1.522906e-02
6.400000e-02	6.600000e-02	1.678242e-01	1.669914e-02	1.669914e-02
6.600000e-02	6.800000e-02	1.428998e-01	1.540929e-02	1.540929e-02
6.800000e-02	7.000000e-02	1.512080e-01	1.585091e-02	1.585091e-02
7.000000e-02	7.200000e-02	1.728092e-01	1.694533e-02	1.694533e-02
7.200000e-02	7.400000e-02	1.977335e-01	1.812620e-02	1.812620e-02
7.400000e-02	7.600000e-02	2.126882e-01	1.879916e-02	1.879916e-02
7.600000e-02	7.800000e-02	2.259812e-01	1.937773e-02	1.937773e-02
7.800000e-02	8.000000e-02	2.442591e-01	2.014615e-02	2.014615e-02
8.000000e-02	8.200000e-02	2.608753e-01	2.082012e-02	2.082012e-02
8.200000e-02	8.400000e-02	3.057392e-01	2.253940e-02	2.253940e-02
8.400000e-02	8.600000e-02	3.323253e-01	2.349895e-02	2.349895e-02
8.600000e-02	8.800000e-02	3.290020e-01	2.338116e-02	2.338116e-02
8.800000e-02	9.000000e-02	3.705427e-01	2.481337e-02	2.481337e-02
9.000000e-02	9.200000e-02	3.240171e-01	2.320335e-02	2.320335e-02
9.200000e-02	9.400000e-02	4.021136e-01	2.584884e-02	2.584884e-02
9.400000e-02	9.600000e-02	4.154066e-01	2.627262e-02	2.627262e-02
9.600000e-02	9.800000e-02	4.187298e-01	2.637750e-02	2.637750e-02
9.800000e-02	1.000000e-01	5.018110e-01	2.887599e-02	2.887599e-02
1.000000e-01	1.020000e-01	5.034730e-01	2.892376e-02	2.892376e-02
1.020000e-01	1.040000e-01	5.516600e-01	3.027627e-02	3.027627e-02
1.040000e-01	1.060000e-01	5.981855e-01	3.152714e-02	3.152714e-02
1.060000e-01	1.080000e-01	6.729585e-01	3.343959e-02	3.343959e-02
1.080000e-01	1.100000e-01	6.347415e-01	3.247619e-02	3.247619e-02
1.100000e-01	1.120000e-01	7.045295e-01	3.421498e-02	3.421498e-02
1.120000e-01	1.140000e-01	7.327770e-01	3.489415e-02	3.489415e-02
1.140000e-01	1.160000e-01	8.025655e-01	3.651800e-02	3.651800e-02
1.160000e-01	1.180000e-01	8.125355e-01	3.674412e-02	3.674412e-02
1.180000e-01	1.200000e-01	8.391215e-01	3.734041e-02	3.734041e-02
1.200000e-01	1.220000e-01	9.138945e-01	3.896859e-02	3.896859e-02
1.220000e-01	1.240000e-01	9.438040e-01	3.960113e-02	3.960113e-02
1.240000e-01	1.260000e-01	1.033531e+00	4.144084e-02	4.144084e-02
1.260000e-01	1.280000e-01	1.174770e+00	4.418177e-02	4.418177e-02
1.280000e-01	1.300000e-01	1.139875e+00	4.352066e-02	4.352066e-02
1.300000e-01	1.320000e-01	1.214649e+00	4.492541e-02	4.492541e-02
1.320000e-01	1.340000e-01	1.291083e+00	4.631737e-02	4.631737e-02
1.340000e-01	1.360000e-01	1.405736e+00	4.833020e-02	4.833020e-02
1.360000e-01	1.380000e-01	1.445615e+00	4.901094e-02	4.901094e-02
1.380000e-01	1.400000e-01	1.402412e+00	4.827304e-02	4.827304e-02
1.400000e-01	1.420000e-01	1.606793e+00	5.167098e-02	5.167098e-02
1.420000e-01	1.440000e-01	1.601808e+00	5.159075e-02	5.159075e-02
1.440000e-01	1.460000e-01	1.756339e+00	5.402203e-02	5.402203e-02
1.460000e-01	1.480000e-01	1.816157e+00	5.493428e-02	5.493428e-02
1.480000e-01	1.500000e-01	1.839420e+00	5.528499e-02	5.528499e-02
1.500000e-01	1.520000e-01	1.983982e+00	5.741635e-02	5.741635e-02
1.520000e-01	1.540000e-01	1.987305e+00	5.746440e-02	5.746440e-02
1.540000e-01	1.560000e-01	2.050447e+00	5.837018e-02	5.837018e-02
1.560000e-01	1.580000e-01	2.199993e+00	6.046129e-02	6.046129e-02
1.580000e-01	1.600000e-01	2.246519e+00	6.109726e-02	6.109726e-02
1.600000e-01	1.620000e-01	2.419328e+00	6.340363e-02	6.340363e-02
1.620000e-01	1.640000e-01	2.386095e+00	6.296666e-02	6.296666e-02
1.640000e-01	1.660000e-01	2.545611e+00	6.503734e-02	6.503734e-02
1.660000e-01	1.680000e-01	2.505732e+00	6.452591e-02	6.452591e-02
1.680000e-01	1.700000e-01	2.700143e+00	6.698229e-02	6.698229e-02
1.700000e-01	1.720000e-01	2.799841e+00	6.820770e-02	6.820770e-02
1.720000e-01	1.740000e-01	2.839719e+00	6.869172e-02	6.869172e-02
1.740000e-01	1.760000e-01	3.093948e+00	7.170068e-02	7.170068e-02
1.760000e-01	1.780000e-01	3.143797e+00	7.227598e-02	7.227598e-02
1.780000e-01	1.800000e-01	3.090625e+00	7.166216e-02	7.166216e-02
1.800000e-01	1.820000e-01	3.281712e+00	7.384430e-02	7.384430e-02
1.820000e-01	1.840000e-01	3.261772e+00	7.361961e-02	7.361961e-02
1.840000e-01	1.860000e-01	3.412980e+00	7.530669e-02	7.530669e-02
1.860000e-01	1.880000e-01	3.589113e+00	7.722542e-02	7.722542e-02
1.880000e-01	1.900000e-01	3.628992e+00	7.765327e-02	7.765327e-02
1.900000e-01	1.920000e-01	3.718720e+00	7.860739e-02	7.860739e-02
1.920000e-01	1.940000e-01	3.811771e+00	7.958480e-02	7.958480e-02
1.940000e-01	1.960000e-01	3.921438e+00	8.072153e-02	8.072153e-02
1.960000e-01	1.980000e-01	3.886544e+00	8.036159e-02	8.036159e-02
1.980000e-01	2.000000e-01	4.007843e+00	8.160599e-02	8.160599e-02
2.000000e-01	2.020000e-01	4.185637e+00	8.339643e-02	8.339643e-02
2.020000e-01	2.040000e-01	4.145758e+00	8.299819e-02	8.299819e-02
2.040000e-01	2.060000e-01	4.416603e+00	8.566648e-02	8.566648e-02
2.060000e-01	2.080000e-01	4.348476e+00	8.500319e-02	8.500319e-02
2.080000e-01	2.100000e-01	4.473098e+00	8.621263e-02	8.621263e-02
2.100000e-01	2.120000e-01	4.601043e+00	8.743692e-02	8.743692e-02
2.120000e-01	2.140000e-01	4.581104e+00	8.724725e-02	8.724725e-02
2.140000e-01	2.160000e-01	4.650892e+00	8.790930e-02	8.790930e-02
2.160000e-01	2.180000e-01	4.639261e+00	8.779930e-02	8.779930e-02
2.180000e-01	2.200000e-01	4.725665e+00	8.861315e-02	8.861315e-02
2.200000e-01	2.220000e-01	4.763883e+00	8.897074e-02	8.897074e-02
2.220000e-01	2.240000e-01	4.760559e+00	8.893971e-02	8.893971e-02
2.240000e-01	2.260000e-01	5.074605e+00	9.182647e-02	9.182647e-02
2.260000e-01	2.280000e-01	5.074605e+00	9.182647e-02	9.182647e-02
2.280000e-01	2.300000e-01	4.951646e+00	9.070715e-02	9.070715e-02
2.300000e-01	2.320000e-01	5.014790e+00	9.128365e-02	9.128365e-02
2.320000e-01	2.340000e-01	4.840317e+00	8.968166e-02	8.968166e-02
2.340000e-01	2.360000e-01	4.913430e+00	9.035643e-02	9.035643e-02
2.360000e-01	2.380000e-01	4.828686e+00	8.957384e-02	8.957384e-02
2.380000e-01	2.400000e-01	5.046360e+00	9.157055e-02	9.157055e-02
2.400000e-01	2.420000e-01	4.993187e+00	9.108684e-02	9.108684e-02
2.420000e-01	2.440000e-01	5.102855e+00	9.208169e-02	9.208169e-02
2.440000e-01	2.460000e-01	5.033065e+00	9.144985e-02	9.144985e-02
2.460000e-01	2.480000e-01	4.956631e+00	9.075280e-02	9.075280e-02
2.480000e-01	2.500000e-01	4.915091e+00	9.037170e-02	9.037170e-02
2.500000e-01	2.520000e-01	4.768868e+00	8.901729e-02	8.901729e-02
2.520000e-01	2.540000e-01	4.920076e+00	9.041752e-02	9.041752e-02
2.540000e-01	2.560000e-01	4.953308e+00	9.072236e-02	9.072236e-02
2.560000e-01	2.580000e-01	4.753913e+00	8.887760e-02	8.887760e-02
2.580000e-01	2.600000e-01	4.620983e+00	8.762618e-02	8.762618e-02
2.600000e-01	2.620000e-01	4.905121e+00	9.028001e-02	9.028001e-02
2.620000e-01	2.640000e-01	4.546210e+00	8.691434e-02	8.691434e-02
2.640000e-01	2.660000e-01	4.546210e+00	8.691434e-02	8.691434e-02
2.660000e-01	2.680000e-01	4.464790e+00	8.613253e-02	8.613253e-02
2.680000e-01	2.700000e-01	4.401648e+00	8.552131e-02	8.552131e-02
2.700000e-01	2.720000e-01	4.409956e+00	8.560199e-02	8.560199e-02
2.720000e-01	2.740000e-01	4.408295e+00	8.558586e-02	8.558586e-02
2.740000e-01	2.760000e-01	4.311920e+00	8.464514e-02	8.464514e-02
2.760000e-01	2.780000e-01	4.157389e+00	8.311454e-02	8.311454e-02
2.780000e-01	2.800000e-01	4.215546e+00	8.369386e-02	8.369386e-02
2.800000e-01	2.820000e-01	4.188960e+00	8.342954e-02	8.342954e-02
2.820000e-01	2.840000e-01	4.036090e+00	8.189307e-02	8.189307e-02
2.840000e-01	2.860000e-01	3.876574e+00	8.025844e-02	8.025844e-02
2.860000e-01	2.880000e-01	3.987903e+00	8.140273e-02	8.140273e-02
2.880000e-01	2.900000e-01	3.718720e+00	7.860739e-02	7.860739e-02
2.900000e-01	2.920000e-01	3.702103e+00	7.843158e-02	7.843158e-02
2.920000e-01	2.940000e-01	3.670532e+00	7.809645e-02	7.809645e-02
2.940000e-01	2.960000e-01	3.642285e+00	7.779536e-02	7.779536e-02
2.960000e-01	2.980000e-01	3.560865e+00	7.692092e-02	7.692092e-02
2.980000e-01	3.000000e-01	3.414642e+00	7.532503e-02	7.532503e-02
3.000000e-01	3.020000e-01	3.218570e+00	7.313045e-02	7.313045e-02
3.020000e-01	3.040000e-01	3.329899e+00	7.438446e-02	7.438446e-02
3.040000e-01	3.060000e-01	3.346515e+00	7.456982e-02	7.456982e-02
3.060000e-01	3.080000e-01	3.118873e+00	7.198891e-02	7.198891e-02
3.080000e-01	3.100000e-01	3.226878e+00	7.322477e-02	7.322477e-02
3.100000e-01	3.120000e-01	3.032468e+00	7.098472e-02	7.098472e-02
3.120000e-01	3.140000e-01	3.087302e+00	7.162362e-02	7.162362e-02
3.140000e-01	3.160000e-01	2.853012e+00	6.885231e-02	6.885231e-02
3.160000e-01	3.180000e-01	2.917816e+00	6.962988e-02	6.962988e-02
3.180000e-01	3.200000e-01	2.866305e+00	6.901254e-02	6.901254e-02
3.200000e-01	3.220000e-01	2.741683e+00	6.749559e-02	6.749559e-02
3.220000e-01	3.240000e-01	2.691835e+00	6.687916e-02	6.687916e-02
3.240000e-01	3.260000e-01	2.587152e+00	6.556584e-02	6.556584e-02
3.260000e-01	3.280000e-01	2.467515e+00	6.403193e-02	6.403193e-02
3.280000e-01	3.300000e-01	2.683526e+00	6.677588e-02	6.677588e-02
3.300000e-01	3.320000e-01	2.397727e+00	6.311995e-02	6.311995e-02
3.320000e-01	3.340000e-01	2.384434e+00	6.294472e-02	6.294472e-02
3.340000e-01	3.360000e-01	2.460868e+00	6.394564e-02	6.394564e-02
3.360000e-01	3.380000e-01	2.311322e+00	6.197221e-02	6.197221e-02
3.380000e-01	3.400000e-01	2.303014e+00	6.186073e-02	6.186073e-02
3.400000e-01	3.420000e-01	2.268120e+00	6.139029e-02	6.139029e-02
3.420000e-01	3.440000e-01	2.148483e+00	5.974927e-02	5.974927e-02
3.440000e-01	3.460000e-01	2.214948e+00	6.066642e-02	6.066642e-02
3.460000e-01	3.480000e-01	2.068725e+00	5.862975e-02	5.862975e-02
3.480000e-01	3.500000e-01	2.050447e+00	5.837018e-02	5.837018e-02
3.500000e-01	3.520000e-01	2.091987e+00	5.895848e-02	5.895848e-02
3.520000e-01	3.540000e-01	1.940779e+00	5.678776e-02	5.678776e-02
3.540000e-01	3.560000e-01	2.005583e+00	5.772807e-02	5.772807e-02
3.560000e-01	3.580000e-01	1.846067e+00	5.538477e-02	5.538477e-02
3.580000e-01	3.600000e-01	1.801203e+00	5.470765e-02	5.470765e-02
3.600000e-01	3.620000e-01	1.849390e+00	5.543460e-02	5.543460e-02
3.620000e-01	3.640000e-01	1.831112e+00	5.515999e-02	5.515999e-02
3.640000e-01	3.660000e-01	1.807849e+00	5.480848e-02	5.480848e-02
3.660000e-01	3.680000e-01	1.610116e+00	5.172437e-02	5.172437e-02
3.680000e-01	3.700000e-01	1.681566e+00	5.285958e-02	5.285958e-02
3.700000e-01	3.720000e-01	1.635040e+00	5.212320e-02	5.212320e-02
3.720000e-01	3.740000e-01	1.613439e+00	5.177772e-02	5.177772e-02
3.740000e-01	3.760000e-01	1.645010e+00	5.228186e-02	5.228186e-02
3.760000e-01	3.780000e-01	1.585191e+00	5.132246e-02	5.132246e-02
3.780000e-01	3.800000e-01	1.636702e+00	5.214966e-02	5.214966e-02
3.800000e-01	3.820000e-01	1.478847e+00	4.957108e-02	4.957108e-02
3.820000e-01	3.840000e-01	1.468877e+00	4.940370e-02	4.940370e-02
3.840000e-01	3.860000e-01	1.570237e+00	5.107981e-02	5.107981e-02
3.860000e-01	3.880000e-01	1.448938e+00	4.906724e-02	4.906724e-02
3.880000e-01	3.900000e-01	1.357549e+00	4.749462e-02	4.749462e-02
3.900000e-01	3.920000e-01	1.362533e+00	4.758174e-02	4.758174e-02
3.920000e-01	3.940000e-01	1.367518e+00	4.766870e-02	4.766870e-02
3.940000e-01	3.960000e-01	1.352564e+00	4.740734e-02	4.740734e-02
3.960000e-01	3.980000e-01	1.359210e+00	4.752368e-02	4.752368e-02
3.980000e-01	4.000000e-01	1.259513e+00	4.574757e-02	4.574757e-02
4.000000e-01	4.020000e-01	1.237911e+00	4.535357e-02	4.535357e-02
4.020000e-01	4.040000e-01	1.254528e+00	4.565695e-02	4.565695e-02
4.040000e-01	4.060000e-01	1.203017e+00	4.470979e-02	4.470979e-02
4.060000e-01	4.080000e-01	1.221296e+00	4.504816e-02	4.504816e-02
4.080000e-01	4.100000e-01	1.138214e+00	4.348892e-02	4.348892e-02
4.100000e-01	4.120000e-01	1.081719e+00	4.239590e-02	4.239590e-02
4.120000e-01	4.140000e-01	1.194709e+00	4.455514e-02	4.455514e-02
4.140000e-01	4.160000e-01	1.134891e+00	4.342539e-02	4.342539e-02
4.160000e-01	4.180000e-01	1.061779e+00	4.200334e-02	4.200334e-02
4.180000e-01	4.200000e-01	1.038516e+00	4.154066e-02	4.154066e-02
4.200000e-01	4.220000e-01	9.919910e-01	4.059949e-02	4.059949e-02
4.220000e-01	4.240000e-01	1.046824e+00	4.170649e-02	4.170649e-02
4.240000e-01	4.260000e-01	1.111628e+00	4.297802e-02	4.297802e-02
4.260000e-01	4.280000e-01	1.038516e+00	4.154066e-02	4.154066e-02
4.280000e-01	4.300000e-01	1.023562e+00	4.124048e-02	4.124048e-02
4.300000e-01	4.320000e-01	9.271875e-01	3.925098e-02	3.925098e-02
4.320000e-01	4.340000e-01	9.487885e-01	3.970557e-02	3.970557e-02
4.340000e-01	4.360000e-01	9.903295e-01	4.056547e-02	4.056547e-02
4.360000e-01	4.380000e-01	9.006015e-01	3.868415e-02	3.868415e-02
4.380000e-01	4.400000e-01	8.790005e-01	3.821741e-02	3.821741e-02
4.400000e-01	4.420000e-01	8.690305e-01	3.800006e-02	3.800006e-02
4.420000e-01	4.440000e-01	8.657075e-01	3.792733e-02	3.792733e-02
4.440000e-01	4.460000e-01	8.324750e-01	3.719223e-02	3.719223e-02
4.460000e-01	4.480000e-01	7.925960e-01	3.629047e-02	3.629047e-02
4.480000e-01	4.500000e-01	7.776410e-01	3.594647e-02	3.594647e-02
4.500000e-01	4.520000e-01	7.477320e-01	3.524842e-02	3.524842e-02
4.520000e-01	4.540000e-01	7.643480e-01	3.563792e-02	3.563792e-02
4.540000e-01	4.560000e-01	7.743180e-01	3.586958e-02	3.586958e-02
4.560000e-01	4.580000e-01	7.161610e-01	3.449626e-02	3.449626e-02
4.580000e-01	4.600000e-01	7.676715e-01	3.571530e-02	3.571530e-02
4.600000e-01	4.620000e-01	7.294540e-01	3.481494e-02	3.481494e-02
4.620000e-01	4.640000e-01	7.028680e-01	3.417461e-02	3.417461e-02
4.640000e-01	4.660000e-01	6.779435e-01	3.356321e-02	3.356321e-02
4.660000e-01	4.680000e-01	7.061910e-01	3.425531e-02	3.425531e-02
4.680000e-01	4.700000e-01	7.228075e-01	3.465597e-02	3.465597e-02
4.700000e-01	4.720000e-01	6.712970e-01	3.339828e-02	3.339828e-02
4.720000e-01	4.740000e-01	6.928980e-01	3.393137e-02	3.393137e-02
4.740000e-01	4.760000e-01	6.762820e-01	3.352205e-02	3.352205e-02
4.760000e-01	4.780000e-01	6.015090e-01	3.161460e-02	3.161460e-02
4.780000e-01	4.800000e-01	5.466750e-01	3.013917e-02	3.013917e-02
4.800000e-01	4.820000e-01	5.715995e-01	3.081858e-02	3.081858e-02
4.820000e-01	4.840000e-01	5.932005e-01	3.139551e-02	3.139551e-02
4.840000e-01	4.860000e-01	5.283970e-01	2.963104e-02	2.963104e-02
4.860000e-01	4.880000e-01	5.981855e-01	3.152714e-02	3.152714e-02
4.880000e-01	4.900000e-01	5.965240e-01	3.148332e-02	3.148332e-02
4.900000e-01	4.920000e-01	5.499985e-01	3.023064e-02	3.023064e-02
4.920000e-01	4.940000e-01	4.868565e-01	2.844246e-02	2.844246e-02
4.940000e-01	4.960000e-01	5.267355e-01	2.958442e-02	2.958442e-02
4.960000e-01	4.980000e-01	4.968263e-01	2.873221e-02	2.873221e-02
4.980000e-01	5.000000e-01	4.768868e-01	2.814974e-02	2.814974e-02
5.000000e-01	5.020000e-01	4.984879e-01	2.878021e-02	2.878021e-02
5.020000e-01	5.040000e-01	4.519624e-01	2.740424e-02	2.740424e-02
5.040000e-01	5.060000e-01	4.536240e-01	2.745458e-02	2.745458e-02
5.060000e-01	5.080000e-01	4.203915e-01	2.642978e-02	2.642978e-02
5.080000e-01	5.100000e-01	4.935030e-01	2.863595e-02	2.863595e-02
5.100000e-01	5.120000e-01	4.320228e-01	2.679292e-02	2.679292e-02
5.120000e-01	5.140000e-01	4.253763e-01	2.658602e-02	2.658602e-02
5.140000e-01	5.160000e-01	4.569472e-01	2.755496e-02	2.755496e-02
5.160000e-01	5.180000e-01	3.971287e-01	2.568812e-02	2.568812e-02
5.180000e-01	5.200000e-01	3.356485e-01	2.361615e-02	2.361615e-02
5.200000e-01	5.220000e-01	3.539264e-01	2.425064e-02	2.425064e-02
5.220000e-01	5.240000e-01	3.954671e-01	2.563432e-02	2.563432e-02
5.240000e-01	5.260000e-01	3.888206e-01	2.541800e-02	2.541800e-02
5.260000e-01	5.280000e-01	3.456183e-01	2.396432e-02	2.396432e-02
5.280000e-01	5.300000e-01	3.838357e-01	2.525453e-02	2.525453e-02
5.300000e-01	5.320000e-01	3.655578e-01	2.464590e-02	2.464590e-02
5.320000e-01	5.340000e-01	3.373101e-01	2.367453e-02	2.367453e-02
5.340000e-01	5.360000e-01	2.974311e-01	2.223105e-02	2.223105e-02
5.360000e-01	5.380000e-01	3.273404e-01	2.332204e-02	2.332204e-02
5.380000e-01	5.400000e-01	3.024160e-01	2.241657e-02	2.241657e-02
5.400000e-01	5.420000e-01	2.974311e-01	2.223105e-02	2.223105e-02
5.420000e-01	5.440000e-01	2.874613e-01	2.185529e-02	2.185529e-02
5.440000e-01	5.460000e-01	3.007544e-01	2.235490e-02	2.235490e-02
5.460000e-01	5.480000e-01	2.924462e-01	2.204397e-02	2.204397e-02
5.480000e-01	5.500000e-01	2.808148e-01	2.160115e-02	2.160115e-02
5.500000e-01	5.520000e-01	2.857997e-01	2.179203e-02	2.179203e-02
5.520000e-01	5.540000e-01	2.392742e-01	1.993951e-02	1.993951e-02
5.540000e-01	5.560000e-01	2.425974e-01	2.007751e-02	2.007751e-02
5.560000e-01	5.580000e-01	2.209963e-01	1.916281e-02	1.916281e-02
5.580000e-01	5.600000e-01	2.060416e-01	1.850309e-02	1.850309e-02
5.600000e-01	5.620000e-01	1.927486e-01	1.789626e-02	1.789626e-02
5.620000e-01	5.640000e-01	2.459207e-01	2.021456e-02	2.021456e-02
5.640000e-01	5.660000e-01	2.143498e-01	1.887245e-02	1.887245e-02
5.660000e-01	5.680000e-01	2.293044e-01	1.951969e-02	1.951969e-02
5.680000e-01	5.700000e-01	2.376126e-01	1.987016e-02	1.987016e-02
5.700000e-01	5.720000e-01	2.309660e-01	1.959028e-02	1.959028e-02
5.720000e-01	5.740000e-01	1.761324e-01	1.710749e-02	1.710749e-02
5.740000e-01	5.760000e-01	2.043800e-01	1.842833e-02	1.842833e-02
5.760000e-01	5.780000e-01	2.043800e-01	1.842833e-02	1.842833e-02
5.780000e-01	5.800000e-01	1.645010e-01	1.653297e-02	1.653297e-02
5.800000e-01	5.820000e-01	1.927486e-01	1.789626e-02	1.789626e-02
5.820000e-01	5.840000e-01	2.010568e-01	1.827789e-02	1.827789e-02
5.840000e-01	5.860000e-01	1.545312e-01	1.602415e-02	1.602415e-02
5.860000e-01	5.880000e-01	1.728091e-01	1.694533e-02	1.694533e-02
5.880000e-01	5.900000e-01	1.694859e-01	1.678160e-02	1.678160e-02
5.900000e-01	5.920000e-01	1.379150e-01	1.513814e-02	1.513814e-02
5.920000e-01	5.940000e-01	1.412382e-01	1.531944e-02	1.531944e-02
5.940000e-01	5.960000e-01	1.296068e-01	1.467509e-02	1.467509e-02
5.960000e-01	5.980000e-01	1.362533e-01	1.504667e-02	1.504667e-02
5.980000e-01	6.000000e-01	1.345917e-01	1.495464e-02	1.495464e-02
6.000000e-01	6.020000e-01	1.395766e-01	1.522906e-02	1.522906e-02
6.020000e-01	6.040000e-01	1.362533e-01	1.504667e-02	1.504667e-02
6.040000e-01	6.060000e-01	1.163138e-01	1.390216e-02	1.390216e-02
6.060000e-01	6.080000e-01	1.063441e-01	1.329301e-02	1.329301e-02
6.080000e-01	6.100000e-01	1.046824e-01	1.318875e-02	1.318875e-02
6.100000e-01	6.120000e-01	1.129906e-01	1.370212e-02	1.370212e-02
6.120000e-01	6.140000e-01	1.129906e-01	1.370212e-02	1.370212e-02
6.140000e-01	6.160000e-01	1.080057e-01	1.339646e-02	1.339646e-02
6.160000e-01	6.180000e-01	1.196371e-01	1.409937e-02	1.409937e-02
6.180000e-01	6.200000e-01	9.138945e-02	1.232295e-02	1.232295e-02
6.200000e-01	6.220000e-01	8.806620e-02	1.209682e-02	1.209682e-02
6.220000e-01	6.240000e-01	5.981855e-02	9.969758e-03	9.969758e-03
6.240000e-01	6.260000e-01	8.972785e-02	1.221041e-02	1.221041e-02
6.260000e-01	6.280000e-01	7.809645e-02	1.139154e-02	1.139154e-02
6.280000e-01	6.300000e-01	8.474295e-02	1.186639e-02	1.186639e-02
6.300000e-01	6.320000e-01	8.640455e-02	1.198216e-02	1.198216e-02
6.320000e-01	6.340000e-01	6.646505e-02	1.050905e-02	1.050905e-02
6.340000e-01	6.360000e-01	6.148020e-02	1.010728e-02	1.010728e-02
6.360000e-01	6.380000e-01	6.480345e-02	1.037685e-02	1.037685e-02
6.380000e-01	6.400000e-01	5.151040e-02	9.251544e-03	9.251544e-03
6.400000e-01	6.420000e-01	5.317205e-02	9.399578e-03	9.399578e-03
6.420000e-01	6.440000e-01	6.978830e-02	1.076857e-02	1.076857e-02
6.440000e-01	6.460000e-01	5.317205e-02	9.399578e-03	9.399578e-03
6.460000e-01	6.480000e-01	5.483365e-02	9.545317e-03	9.545317e-03
6.480000e-01	6.500000e-01	5.649530e-02	9.688863e-03	9.688863e-03
6.500000e-01	6.520000e-01	5.317205e-02	9.399578e-03	9.399578e-03
6.520000e-01	6.540000e-01	4.818716e-02	8.948132e-03	8.948132e-03
6.540000e-01	6.560000e-01	5.317205e-02	9.399578e-03	9.399578e-03
6.560000e-01	6.580000e-01	3.489415e-02	7.614529e-03	7.614529e-03
6.580000e-01	6.600000e-01	4.818716e-02	8.948132e-03	8.948132e-03
6.600000e-01	6.620000e-01	3.987903e-02	8.140273e-03	8.140273e-03
6.620000e-01	6.640000e-01	3.987903e-02	8.140273e-03	8.140273e-03
6.640000e-01	6.660000e-01	2.990927e-02	7.049684e-03	7.049684e-03
6.660000e-01	6.680000e-01	2.658602e-02	6.646505e-03	6.646505e-03
6.680000e-01	6.700000e-01	2.326277e-02	6.217236e-03	6.217236e-03
6.700000e-01	6.720000e-01	9.969760e-03	4.070137e-03	4.070137e-03
6.720000e-01	6.740000e-01	2.658602e-02	6.646505e-03	6.646505e-03
6.740000e-01	6.760000e-01	2.160114e-02	5.991079e-03	5.991079e-03
6.760000e-01	6.780000e-01	1.827789e-02	5.510991e-03	5.510991e-03
6.780000e-01	6.800000e-01	1.827789e-02	5.510991e-03	5.510991e-03
6.800000e-01	6.820000e-01	1.329301e-02	4.699789e-03	4.699789e-03
6.820000e-01	6.840000e-01	1.495464e-02	4.984879e-03	4.984879e-03
6.840000e-01	6.860000e-01	1.163138e-02	4.396250e-03	4.396250e-03
6.860000e-01	6.880000e-01	1.661627e-02	5.254524e-03	5.254524e-03
6.880000e-01	6.900000e-01	1.329301e-02	4.699789e-03	4.699789e-03
6.900000e-01	6.920000e-01	1.827789e-02	5.510991e-03	5.510991e-03
6.920000e-01	6.940000e-01	1.163138e-02	4.396250e-03	4.396250e-03
6.940000e-01	6.960000e-01	4.984879e-03	2.878021e-03	2.878021e-03
6.960000e-01	6.980000e-01	1.661626e-02	5.254524e-03	5.254524e-03
6.980000e-01	7.000000e-01	1.163138e-02	4.396250e-03	4.396250e-03
7.000000e-01	7.020000e-01	4.984879e-03	2.878021e-03	2.878021e-03
7.020000e-01	7.040000e-01	1.495464e-02	4.984879e-03	4.984879e-03
7.040000e-01	7.060000e-01	9.969760e-03	4.070137e-03	4.070137e-03
7.060000e-01	7.080000e-01	6.646505e-03	3.323253e-03	3.323253e-03
7.080000e-01	7.100000e-01	1.163138e-02	4.396250e-03	4.396250e-03
7.100000e-01	7.120000e-01	4.984879e-03	2.878021e-03	2.878021e-03
7.120000e-01	7.140000e-01	4.984879e-03	2.878021e-03	2.878021e-03
7.140000e-01	7.160000e-01	8.308130e-03	3.715510e-03	3.715510e-03
7.160000e-01	7.180000e-01	4.984879e-03	2.878021e-03	2.878021e-03
7.180000e-01	7.200000e-01	6.646505e-03	3.323253e-03	3.323253e-03
7.200000e-01	7.220000e-01	3.323253e-03	2.349895e-03	2.349895e-03
7.220000e-01	7.240000e-01	3.323253e-03	2.349895e-03	2.349895e-03
7.240000e-01	7.260000e-01	1.661626e-03	1.661626e-03	1.661626e-03
7.260000e-01	7.280000e-01	0.000000e+00	0.000000e+00	0.000000e+00
7.280000e-01	7.300000e-01	8.308130e-03	3.715510e-03	3.715510e-03
7.300000e-01	7.320000e-01	4.984879e-03	2.878021e-03	2.878021e-03
7.320000e-01	7.340000e-01	1.661626e-03	1.661626e-03	1.661626e-03
7.340000e-01	7.360000e-01	4.984879e-03	2.878021e-03	2.878021e-03
7.360000e-01	7.380000e-01	0.000000e+00	0.000000e+00	0.000000e+00
7.380000e-01	7.400000e-01	0.000000e+00	0.000000e+00	0.000000e+00
7.400000e-01	7.420000e-01	0.000000e+00	0.000000e+00	0.000000e+00
7.420000e-01	7.440000e-01	1.661626e-03	1.661626e-03	1.661626e-03
7.440000e-01	7.460000e-01	0.000000e+00	0.000000e+00	0.000000e+00
7.460000e-01	7.480000e-01	3.323253e-03	2.349895e-03	2.349895e-03
7.480000e-01	7.500000e-01	0.000000e+00	0.000000e+00	0.000000e+00
7.500000e-01	7.520000e-01	1.661626e-03	1.661626e-03	1.661626e-03
7.520000e-01	7.540000e-01	0.000000e+00	0.000000e+00	0.000000e+00
7.540000e-01	7.560000e-01	0.000000e+00	0.000000e+00	0.000000e+00
7.560000e-01	7.580000e-01	1.661626e-03	1.661626e-03	1.661626e-03
7.580000e-01	7.600000e-01	1.661626e-03	1.661626e-03	1.661626e-03
7.600000e-01	7.620000e-01	1.661626e-03	1.661626e-03	1.661626e-03
7.620000e-01	7.640000e-01	0.000000e+00	0.000000e+00	0.000000e+00
7.640000e-01	7.660000e-01	0.000000e+00	0.000000e+00	0.000000e+00
7.660000e-01	7.680000e-01	0.000000e+00	0.000000e+00	0.000000e+00
7.680000e-01	7.700000e-01	0.000000e+00	0.000000e+00	0.000000e+00
7.700000e-01	7.720000e-01	0.000000e+00	0.000000e+00	0.000000e+00
7.720000e-01	7.740000e-01	0.000000e+00	0.000000e+00	0.000000e+00
7.740000e-01	7.760000e-01	0.000000e+00	0.000000e+00	0.000000e+00
7.760000e-01	7.780000e-01	0.000000e+00	0.000000e+00	0.000000e+00
7.780000e-01	7.800000e-01	0.000000e+00	0.000000e+00	0.000000e+00
7.800000e-01	7.820000e-01	0.000000e+00	0.000000e+00	0.000000e+00
7.820000e-01	7.840000e-01	0.000000e+00	0.000000e+00	0.000000e+00
7.840000e-01	7.860000e-01	0.000000e+00	0.000000e+00	0.000000e+00
7.860000e-01	7.880000e-01	0.000000e+00	0.000000e+00	0.000000e+00
7.880000e-01	7.900000e-01	0.000000e+00	0.000000e+00	0.000000e+00
7.900000e-01	7.920000e-01	0.000000e+00	0.000000e+00	0.000000e+00
7.920000e-01	7.940000e-01	0.000000e+00	0.000000e+00	0.000000e+00
7.940000e-01	7.960000e-01	0.000000e+00	0.000000e+00	0.000000e+00
7.960000e-01	7.980000e-01	0.000000e+00	0.000000e+00	0.000000e+00
7.980000e-01	8.000000e-01	0.000000e+00	0.000000e+00	0.000000e+00
8.000000e-01	8.020000e-01	0.000000e+00	0.000000e+00	0.000000e+00
8.020000e-01	8.040000e-01	0.000000e+00	0.000000e+00	0.000000e+00
8.040000e-01	8.060000e-01	0.000000e+00	0.000000e+00	0.000000e+00
8.060000e-01	8.080000e-01	0.000000e+00	0.000000e+00	0.000000e+00
8.080000e-01	8.100000e-01	0.000000e+00	0.000000e+00	0.000000e+00
8.100000e-01	8.120000e-01	0.000000e+00	0.000000e+00	0.000000e+00
8.120000e-01	8.140000e-01	0.000000e+00	0.000000e+00	0.000000e+00
8.140000e-01	8.160000e-01	0.000000e+00	0.000000e+00	0.000000e+00
8.160000e-01	8.180000e-01	0.000000e+00	0.000000e+00	0.000000e+00
8.180000e-01	8.200000e-01	0.000000e+00	0.000000e+00	0.000000e+00
8.200000e-01	8.220000e-01	0.000000e+00	0.000000e+00	0.000000e+00
8.220000e-01	8.240000e-01	0.000000e+00	0.000000e+00	0.000000e+00
8.240000e-01	8.260000e-01	0.000000e+00	0.000000e+00	0.000000e+00
8.260000e-01	8.280000e-01	0.000000e+00	0.000000e+00	0.000000e+00
8.280000e-01	8.300000e-01	0.000000e+00	0.000000e+00	0.000000e+00
8.300000e-01	8.320000e-01	0.000000e+00	0.000000e+00	0.000000e+00
8.320000e-01	8.340000e-01	0.000000e+00	0.000000e+00	0.000000e+00
8.340000e-01	8.360000e-01	0.000000e+00	0.000000e+00	0.000000e+00
8.360000e-01	8.380000e-01	0.000000e+00	0.000000e+00	0.000000e+00
8.380000e-01	8.400000e-01	0.000000e+00	0.000000e+00	0.000000e+00
8.400000e-01	8.420000e-01	0.000000e+00	0.000000e+00	0.000000e+00
8.420000e-01	8.440000e-01	0.000000e+00	0.000000e+00	0.000000e+00
8.440000e-01	8.460000e-01	0.000000e+00	0.000000e+00	0.000000e+00
8.460000e-01	8.480000e-01	0.000000e+00	0.000000e+00	0.000000e+00
8.480000e-01	8.500000e-01	0.000000e+00	0.000000e+00	0.000000e+00
8.500000e-01	8.520000e-01	0.000000e+00	0.000000e+00	0.000000e+00
8.520000e-01	8.540000e-01	0.000000e+00	0.000000e+00	0.000000e+00
8.540000e-01	8.560000e-01	0.000000e+00	0.000000e+00	0.000000e+00
8.560000e-01	8.580000e-01	0.000000e+00	0.000000e+00	0.000000e+00
8.580000e-01	8.600000e-01	0.000000e+00	0.000000e+00	0.000000e+00
8.600000e-01	8.620000e-01	0.000000e+00	0.000000e+00	0.000000e+00
8.620000e-01	8.640000e-01	0.000000e+00	0.000000e+00	0.000000e+00
8.640000e-01	8.660000e-01	0.000000e+00	0.000000e+00	0.000000e+00
8.660000e-01	8.680000e-01	0.000000e+00	0.000000e+00	0.000000e+00
8.680000e-01	8.700000e-01	0.000000e+00	0.000000e+00	0.000000e+00
8.700000e-01	8.720000e-01	0.000000e+00	0.000000e+00	0.000000e+00
8.720000e-01	8.740000e-01	0.000000e+00	0.000000e+00	0.000000e+00
8.740000e-01	8.760000e-01	0.000000e+00	0.000000e+00	0.000000e+00
8.760000e-01	8.780000e-01	0.000000e+00	0.000000e+00	0.000000e+00
8.780000e-01	8.800000e-01	0.000000e+00	0.000000e+00	0.000000e+00
8.800000e-01	8.820000e-01	0.000000e+00	0.000000e+00	0.000000e+00
8.820000e-01	8.840000e-01	0.000000e+00	0.000000e+00	0.000000e+00
8.840000e-01	8.860000e-01	0.000000e+00	0.000000e+00	0.000000e+00
8.860000e-01	8.880000e-01	0.000000e+00	0.000000e+00	0.000000e+00
8.880000e-01	8.900000e-01	0.000000e+00	0.000000e+00	0.000000e+00
8.900000e-01	8.920000e-01	0.000000e+00	0.000000e+00	0.000000e+00
8.920000e-01	8.940000e-01	0.000000e+00	0.000000e+00	0.000000e+00
8.940000e-01	8.960000e-01	0.000000e+00	0.000000e+00	0.000000e+00
8.960000e-01	8.980000e-01	0.000000e+00	0.000000e+00	0.000000e+00
8.980000e-01	9.000000e-01	0.000000e+00	0.000000e+00	0.000000e+00
9.000000e-01	9.020000e-01	0.000000e+00	0.000000e+00	0.000000e+00
9.020000e-01	9.040000e-01	0.000000e+00	0.000000e+00	0.000000e+00
9.040000e-01	9.060000e-01	0.000000e+00	0.000000e+00	0.000000e+00
9.060000e-01	9.080000e-01	0.000000e+00	0.000000e+00	0.000000e+00
9.080000e-01	9.100000e-01	0.000000e+00	0.000000e+00	0.000000e+00
9.100000e-01	9.120000e-01	0.000000e+00	0.000000e+00	0.000000e+00
9.120000e-01	9.140000e-01	0.000000e+00	0.000000e+00	0.000000e+00
9.140000e-01	9.160000e-01	0.000000e+00	0.000000e+00	0.000000e+00
9.160000e-01	9.180000e-01	0.000000e+00	0.000000e+00	0.000000e+00
9.180000e-01	9.200000e-01	0.000000e+00	0.000000e+00	0.000000e+00
9.200000e-01	9.220000e-01	0.000000e+00	0.000000e+00	0.000000e+00
9.220000e-01	9.240000e-01	0.000000e+00	0.000000e+00	0.000000e+00
9.240000e-01	9.260000e-01	0.000000e+00	0.000000e+00	0.000000e+00
9.260000e-01	9.280000e-01	0.000000e+00	0.000000e+00	0.000000e+00
9.280000e-01	9.300000e-01	0.000000e+00	0.000000e+00	0.000000e+00
9.300000e-01	9.320000e-01	0.000000e+00	0.000000e+00	0.000000e+00
9.320000e-01	9.340000e-01	0.000000e+00	0.000000e+00	0.000000e+00
9.340000e-01	9.360000e-01	0.000000e+00	0.000000e+00	0.000000e+00
9.360000e-01	9.380000e-01	0.000000e+00	0.000000e+00	0.000000e+00
9.380000e-01	9.400000e-01	0.000000e+00	0.000000e+00	0.000000e+00
9.400000e-01	9.420000e-01	0.000000e+00	0.000000e+00	0.000000e+00
9.420000e-01	9.440000e-01	0.000000e+00	0.000000e+00	0.000000e+00
9.440000e-01	9.460000e-01	0.000000e+00	0.000000e+00	0.000000e+00
9.460000e-01	9.480000e-01	0.000000e+00	0.000000e+00	0.000000e+00
9.480000e-01	9.500000e-01	0.000000e+00	0.000000e+00	0.000000e+00
9.500000e-01	9.520000e-01	0.000000e+00	0.000000e+00	0.000000e+00
9.520000e-01	9.540000e-01	0.000000e+00	0.000000e+00	0.000000e+00
9.540000e-01	9.560000e-01	0.000000e+00	0.000000e+00	0.000000e+00
9.560000e-01	9.580000e-01	0.000000e+00	0.000000e+00	0.000000e+00
9.580000e-01	9.600000e-01	0.000000e+00	0.000000e+00	0.000000e+00
9.600000e-01	9.620000e-01	0.000000e+00	0.000000e+00	0.000000e+00
9.620000e-01	9.640000e-01	0.000000e+00	0.000000e+00	0.000000e+00
9.640000e-01	9.660000e-01	0.000000e+00	0.000000e+00	0.000000e+00
9.660000e-01	9.680000e-01	0.000000e+00	0.000000e+00	0.000000e+00
9.680000e-01	9.700000e-01	0.000000e+00	0.000000e+00	0.000000e+00
9.700000e-01	9.720000e-01	0.000000e+00	0.000000e+00	0.000000e+00
9.720000e-01	9.740000e-01	0.000000e+00	0.000000e+00	0.000000e+00
9.740000e-01	9.760000e-01	0.000000e+00	0.000000e+00	0.000000e+00
9.760000e-01	9.780000e-01	0.000000e+00	0.000000e+00	0.000000e+00
9.780000e-01	9.800000e-01	0.000000e+00	0.000000e+00	0.000000e+00
9.800000e-01	9.820000e-01	0.000000e+00	0.000000e+00	0.000000e+00
9.820000e-01	9.840000e-01	0.000000e+00	0.000000e+00	0.000000e+00
9.840000e-01	9.860000e-01	0.000000e+00	0.000000e+00	0.000000e+00
9.860000e-01	9.880000e-01	0.000000e+00	0.000000e+00	0.000000e+00
9.880000e-01	9.900000e-01	0.000000e+00	0.000000e+00	0.000000e+00
9.900000e-01	9.920000e-01	0.000000e+00	0.000000e+00	0.000000e+00
9.920000e-01	9.940000e-01	0.000000e+00	0.000000e+00	0.000000e+00
9.940000e-01	9.960000e-01	0.000000e+00	0.000000e+00	0.000000e+00
9.960000e-01	9.980000e-01	0.000000e+00	0.000000e+00	0.000000e+00
9.980000e-01	1.000000e+00	0.000000e+00	0.000000e+00	0.000000e+00
# END HISTOGRAM

# BEGIN HISTOGRAM /afs/phas.gla.ac.uk/user/d/dkar/MCTune/lh2015-qg/Pythia-8205/results/uu-200-alphasx11.yoda/MC_LHQG_EE/GA_10_05_R4
LineColor={[HTML]{3366FF}}
LineStyle=solid
Path=/afs/phas.gla.ac.uk/user/d/dkar/MCTune/lh2015-qg/Pythia-8205/results/uu-200-alphasx11.yoda/MC_LHQG_EE/GA_10_05_R4
ScaledBy=3.5307866945834201e-06
Title=1.1
XLabel=
YLabel=
# xlow	 xhigh	 val	 errminus	 errplus
0.000000e+00	2.000000e-03	2.736359e-01	2.197897e-02	2.197897e-02
2.000000e-03	4.000000e-03	7.061575e-03	3.530787e-03	3.530787e-03
4.000000e-03	6.000000e-03	7.061575e-03	3.530787e-03	3.530787e-03
6.000000e-03	8.000000e-03	5.296180e-03	3.057751e-03	3.057751e-03
8.000000e-03	1.000000e-02	0.000000e+00	0.000000e+00	0.000000e+00
1.000000e-02	1.200000e-02	5.296180e-03	3.057751e-03	3.057751e-03
1.200000e-02	1.400000e-02	1.059236e-02	4.324313e-03	4.324313e-03
1.400000e-02	1.600000e-02	1.588854e-02	5.296180e-03	5.296180e-03
1.600000e-02	1.800000e-02	1.588854e-02	5.296180e-03	5.296180e-03
1.800000e-02	2.000000e-02	8.826965e-03	3.947539e-03	3.947539e-03
2.000000e-02	2.200000e-02	8.826965e-03	3.947539e-03	3.947539e-03
2.200000e-02	2.400000e-02	1.235775e-02	4.670792e-03	4.670792e-03
2.400000e-02	2.600000e-02	1.235776e-02	4.670792e-03	4.670792e-03
2.600000e-02	2.800000e-02	7.061575e-03	3.530787e-03	3.530787e-03
2.800000e-02	3.000000e-02	1.765394e-02	5.582663e-03	5.582663e-03
3.000000e-02	3.200000e-02	8.826965e-03	3.947539e-03	3.947539e-03
3.200000e-02	3.400000e-02	1.412314e-02	4.993286e-03	4.993286e-03
3.400000e-02	3.600000e-02	1.588854e-02	5.296180e-03	5.296180e-03
3.600000e-02	3.800000e-02	2.118472e-02	6.115503e-03	6.115503e-03
3.800000e-02	4.000000e-02	1.765393e-02	5.582663e-03	5.582663e-03
4.000000e-02	4.200000e-02	2.648090e-02	6.837339e-03	6.837339e-03
4.200000e-02	4.400000e-02	2.295012e-02	6.365216e-03	6.365216e-03
4.400000e-02	4.600000e-02	2.648090e-02	6.837339e-03	6.837339e-03
4.600000e-02	4.800000e-02	3.177708e-02	7.489930e-03	7.489930e-03
4.800000e-02	5.000000e-02	3.530786e-02	7.895079e-03	7.895079e-03
5.000000e-02	5.200000e-02	5.296180e-02	9.669457e-03	9.669457e-03
5.200000e-02	5.400000e-02	4.943101e-02	9.341583e-03	9.341583e-03
5.400000e-02	5.600000e-02	3.177708e-02	7.489930e-03	7.489930e-03
5.600000e-02	5.800000e-02	3.354247e-02	7.695171e-03	7.695171e-03
5.800000e-02	6.000000e-02	5.825800e-02	1.014141e-02	1.014141e-02
6.000000e-02	6.200000e-02	7.591190e-02	1.157646e-02	1.157646e-02
6.200000e-02	6.400000e-02	6.002335e-02	1.029392e-02	1.029392e-02
6.400000e-02	6.600000e-02	8.297350e-02	1.210293e-02	1.210293e-02
6.600000e-02	6.800000e-02	8.297350e-02	1.210293e-02	1.210293e-02
6.800000e-02	7.000000e-02	8.473890e-02	1.223100e-02	1.223100e-02
7.000000e-02	7.200000e-02	9.356585e-02	1.285226e-02	1.285226e-02
7.200000e-02	7.400000e-02	1.023928e-01	1.344484e-02	1.344484e-02
7.400000e-02	7.600000e-02	1.147505e-01	1.423306e-02	1.423306e-02
7.600000e-02	7.800000e-02	1.200467e-01	1.455781e-02	1.455781e-02
7.800000e-02	8.000000e-02	1.659469e-01	1.711613e-02	1.711613e-02
8.000000e-02	8.200000e-02	1.765393e-01	1.765393e-02	1.765393e-02
8.200000e-02	8.400000e-02	1.447622e-01	1.598631e-02	1.598631e-02
8.400000e-02	8.600000e-02	1.500585e-01	1.627613e-02	1.627613e-02
8.600000e-02	8.800000e-02	1.765393e-01	1.765393e-02	1.765393e-02
8.800000e-02	9.000000e-02	1.888971e-01	1.826137e-02	1.826137e-02
9.000000e-02	9.200000e-02	1.977240e-01	1.868317e-02	1.868317e-02
9.200000e-02	9.400000e-02	2.224395e-01	1.981649e-02	1.981649e-02
9.400000e-02	9.600000e-02	2.312665e-01	2.020585e-02	2.020585e-02
9.600000e-02	9.800000e-02	2.206741e-01	1.973770e-02	1.973770e-02
9.800000e-02	1.000000e-01	2.365627e-01	2.043591e-02	2.043591e-02
1.000000e-01	1.020000e-01	3.071785e-01	2.328714e-02	2.328714e-02
1.020000e-01	1.040000e-01	2.771667e-01	2.212031e-02	2.212031e-02
1.040000e-01	1.060000e-01	3.036476e-01	2.315292e-02	2.315292e-02
1.060000e-01	1.080000e-01	3.583748e-01	2.515298e-02	2.515298e-02
1.080000e-01	1.100000e-01	3.636710e-01	2.533816e-02	2.533816e-02
1.100000e-01	1.120000e-01	3.619056e-01	2.527659e-02	2.527659e-02
1.120000e-01	1.140000e-01	3.901519e-01	2.624446e-02	2.624446e-02
1.140000e-01	1.160000e-01	4.307560e-01	2.757633e-02	2.757633e-02
1.160000e-01	1.180000e-01	4.854832e-01	2.927574e-02	2.927574e-02
1.180000e-01	1.200000e-01	4.890139e-01	2.938200e-02	2.938200e-02
1.200000e-01	1.220000e-01	5.119640e-01	3.006357e-02	3.006357e-02
1.220000e-01	1.240000e-01	5.472720e-01	3.108296e-02	3.108296e-02
1.240000e-01	1.260000e-01	6.196530e-01	3.307464e-02	3.307464e-02
1.260000e-01	1.280000e-01	5.984685e-01	3.250434e-02	3.250434e-02
1.280000e-01	1.300000e-01	6.320110e-01	3.340281e-02	3.340281e-02
1.300000e-01	1.320000e-01	6.973305e-01	3.508650e-02	3.508650e-02
1.320000e-01	1.340000e-01	8.173770e-01	3.798674e-02	3.798674e-02
1.340000e-01	1.360000e-01	7.467615e-01	3.630878e-02	3.630878e-02
1.360000e-01	1.380000e-01	7.873655e-01	3.728283e-02	3.728283e-02
1.380000e-01	1.400000e-01	9.074120e-01	4.002424e-02	4.002424e-02
1.400000e-01	1.420000e-01	9.974470e-01	4.196292e-02	4.196292e-02
1.420000e-01	1.440000e-01	9.550780e-01	4.106200e-02	4.106200e-02
1.440000e-01	1.460000e-01	9.550780e-01	4.106200e-02	4.106200e-02
1.460000e-01	1.480000e-01	1.062767e+00	4.331514e-02	4.331514e-02
1.480000e-01	1.500000e-01	1.113963e+00	4.434618e-02	4.434618e-02
1.500000e-01	1.520000e-01	1.195171e+00	4.593416e-02	4.593416e-02
1.520000e-01	1.540000e-01	1.221652e+00	4.644025e-02	4.644025e-02
1.540000e-01	1.560000e-01	1.435265e+00	5.033694e-02	5.033694e-02
1.560000e-01	1.580000e-01	1.444092e+00	5.049148e-02	5.049148e-02
1.580000e-01	1.600000e-01	1.438795e+00	5.039881e-02	5.039881e-02
1.600000e-01	1.620000e-01	1.553546e+00	5.237003e-02	5.237003e-02
1.620000e-01	1.640000e-01	1.618865e+00	5.345966e-02	5.345966e-02
1.640000e-01	1.660000e-01	1.604742e+00	5.322596e-02	5.322596e-02
1.660000e-01	1.680000e-01	1.754801e+00	5.565892e-02	5.565892e-02
1.680000e-01	1.700000e-01	1.745974e+00	5.551874e-02	5.551874e-02
1.700000e-01	1.720000e-01	1.814825e+00	5.660283e-02	5.660283e-02
1.720000e-01	1.740000e-01	1.947229e+00	5.863126e-02	5.863126e-02
1.740000e-01	1.760000e-01	2.028437e+00	5.984137e-02	5.984137e-02
1.760000e-01	1.780000e-01	1.996660e+00	5.937078e-02	5.937078e-02
1.780000e-01	1.800000e-01	2.130830e+00	6.133313e-02	6.133313e-02
1.800000e-01	1.820000e-01	2.196149e+00	6.226610e-02	6.226610e-02
1.820000e-01	1.840000e-01	2.353269e+00	6.445498e-02	6.445498e-02
1.840000e-01	1.860000e-01	2.344442e+00	6.433399e-02	6.433399e-02
1.860000e-01	1.880000e-01	2.508624e+00	6.654853e-02	6.654853e-02
1.880000e-01	1.900000e-01	2.635732e+00	6.821367e-02	6.821367e-02
1.900000e-01	1.920000e-01	2.815802e+00	7.050532e-02	7.050532e-02
1.920000e-01	1.940000e-01	2.833456e+00	7.072599e-02	7.072599e-02
1.940000e-01	1.960000e-01	2.851110e+00	7.094597e-02	7.094597e-02
1.960000e-01	1.980000e-01	2.916430e+00	7.175406e-02	7.175406e-02
1.980000e-01	2.000000e-01	3.038242e+00	7.323723e-02	7.323723e-02
2.000000e-01	2.020000e-01	3.209485e+00	7.527285e-02	7.527285e-02
2.020000e-01	2.040000e-01	3.156524e+00	7.464921e-02	7.464921e-02
2.040000e-01	2.060000e-01	3.551971e+00	7.918729e-02	7.918729e-02
2.060000e-01	2.080000e-01	3.237731e+00	7.560337e-02	7.560337e-02
2.080000e-01	2.100000e-01	3.604933e+00	7.977547e-02	7.977547e-02
2.100000e-01	2.120000e-01	3.622587e+00	7.997057e-02	7.997057e-02
2.120000e-01	2.140000e-01	3.710857e+00	8.093900e-02	8.093900e-02
2.140000e-01	2.160000e-01	3.659660e+00	8.037873e-02	8.037873e-02
2.160000e-01	2.180000e-01	3.797361e+00	8.187695e-02	8.187695e-02
2.180000e-01	2.200000e-01	3.800892e+00	8.191502e-02	8.191502e-02
2.200000e-01	2.220000e-01	4.040985e+00	8.446258e-02	8.446258e-02
2.220000e-01	2.240000e-01	4.053343e+00	8.459164e-02	8.459164e-02
2.240000e-01	2.260000e-01	4.088651e+00	8.495927e-02	8.495927e-02
2.260000e-01	2.280000e-01	4.040985e+00	8.446258e-02	8.446258e-02
2.280000e-01	2.300000e-01	4.300498e+00	8.713249e-02	8.713249e-02
2.300000e-01	2.320000e-01	4.346398e+00	8.759625e-02	8.759625e-02
2.320000e-01	2.340000e-01	4.402891e+00	8.816368e-02	8.816368e-02
2.340000e-01	2.360000e-01	4.387003e+00	8.800446e-02	8.800446e-02
2.360000e-01	2.380000e-01	4.533530e+00	8.946209e-02	8.946209e-02
2.380000e-01	2.400000e-01	4.521172e+00	8.934007e-02	8.934007e-02
2.400000e-01	2.420000e-01	4.519407e+00	8.932262e-02	8.932262e-02
2.420000e-01	2.440000e-01	4.417014e+00	8.830497e-02	8.830497e-02
2.440000e-01	2.460000e-01	4.708304e+00	9.117021e-02	9.117021e-02
2.460000e-01	2.480000e-01	4.784216e+00	9.190224e-02	9.190224e-02
2.480000e-01	2.500000e-01	4.639453e+00	9.050116e-02	9.050116e-02
2.500000e-01	2.520000e-01	4.568838e+00	8.980977e-02	8.980977e-02
2.520000e-01	2.540000e-01	4.651811e+00	9.062162e-02	9.062162e-02
2.540000e-01	2.560000e-01	4.708304e+00	9.117021e-02	9.117021e-02
2.560000e-01	2.580000e-01	4.761266e+00	9.168155e-02	9.168155e-02
2.580000e-01	2.600000e-01	4.625330e+00	9.036331e-02	9.036331e-02
2.600000e-01	2.620000e-01	4.720662e+00	9.128979e-02	9.128979e-02
2.620000e-01	2.640000e-01	4.851301e+00	9.254434e-02	9.254434e-02
2.640000e-01	2.660000e-01	4.800104e+00	9.205473e-02	9.205473e-02
2.660000e-01	2.680000e-01	4.611207e+00	9.022525e-02	9.022525e-02
2.680000e-01	2.700000e-01	4.630626e+00	9.041503e-02	9.041503e-02
2.700000e-01	2.720000e-01	4.761266e+00	9.168155e-02	9.168155e-02
2.720000e-01	2.740000e-01	4.706538e+00	9.115313e-02	9.115313e-02
2.740000e-01	2.760000e-01	4.646515e+00	9.057001e-02	9.057001e-02
2.760000e-01	2.780000e-01	4.528234e+00	8.940981e-02	8.940981e-02
2.780000e-01	2.800000e-01	4.512345e+00	8.925282e-02	8.925282e-02
2.800000e-01	2.820000e-01	4.300498e+00	8.713249e-02	8.713249e-02
2.820000e-01	2.840000e-01	4.455853e+00	8.869235e-02	8.869235e-02
2.840000e-01	2.860000e-01	4.319917e+00	8.732899e-02	8.732899e-02
2.860000e-01	2.880000e-01	4.461149e+00	8.874504e-02	8.874504e-02
2.880000e-01	2.900000e-01	4.145143e+00	8.554420e-02	8.554420e-02
2.900000e-01	2.920000e-01	4.337571e+00	8.750726e-02	8.750726e-02
2.920000e-01	2.940000e-01	4.099243e+00	8.506925e-02	8.506925e-02
2.940000e-01	2.960000e-01	4.189278e+00	8.599840e-02	8.599840e-02
2.960000e-01	2.980000e-01	4.217524e+00	8.628783e-02	8.628783e-02
2.980000e-01	3.000000e-01	4.032158e+00	8.437029e-02	8.437029e-02
3.000000e-01	3.020000e-01	3.996850e+00	8.400007e-02	8.400007e-02
3.020000e-01	3.040000e-01	4.042751e+00	8.448103e-02	8.448103e-02
3.040000e-01	3.060000e-01	3.887396e+00	8.284191e-02	8.284191e-02
3.060000e-01	3.080000e-01	3.871507e+00	8.267246e-02	8.267246e-02
3.080000e-01	3.100000e-01	3.813249e+00	8.204807e-02	8.204807e-02
3.100000e-01	3.120000e-01	3.843261e+00	8.237031e-02	8.237031e-02
3.120000e-01	3.140000e-01	3.645537e+00	8.022348e-02	8.022348e-02
3.140000e-01	3.160000e-01	3.627883e+00	8.002899e-02	8.002899e-02
3.160000e-01	3.180000e-01	3.599637e+00	7.971684e-02	7.971684e-02
3.180000e-01	3.200000e-01	3.437221e+00	7.789767e-02	7.789767e-02
3.200000e-01	3.220000e-01	3.597871e+00	7.969729e-02	7.969729e-02
3.220000e-01	3.240000e-01	3.405444e+00	7.753675e-02	7.753675e-02
3.240000e-01	3.260000e-01	3.322470e+00	7.658634e-02	7.658634e-02
3.260000e-01	3.280000e-01	3.315408e+00	7.650490e-02	7.650490e-02
3.280000e-01	3.300000e-01	3.160054e+00	7.469095e-02	7.469095e-02
3.300000e-01	3.320000e-01	3.094734e+00	7.391498e-02	7.391498e-02
3.320000e-01	3.340000e-01	3.064723e+00	7.355571e-02	7.355571e-02
3.340000e-01	3.360000e-01	2.987045e+00	7.261756e-02	7.261756e-02
3.360000e-01	3.380000e-01	3.048834e+00	7.336479e-02	7.336479e-02
3.380000e-01	3.400000e-01	2.976453e+00	7.248869e-02	7.248869e-02
3.400000e-01	3.420000e-01	2.882887e+00	7.134024e-02	7.134024e-02
3.420000e-01	3.440000e-01	2.768137e+00	6.990601e-02	6.990601e-02
3.440000e-01	3.460000e-01	2.754013e+00	6.972745e-02	6.972745e-02
3.460000e-01	3.480000e-01	2.711644e+00	6.918900e-02	6.918900e-02
3.480000e-01	3.500000e-01	2.679867e+00	6.878241e-02	6.878241e-02
3.500000e-01	3.520000e-01	2.577474e+00	6.745558e-02	6.745558e-02
3.520000e-01	3.540000e-01	2.653386e+00	6.844173e-02	6.844173e-02
3.540000e-01	3.560000e-01	2.579239e+00	6.747868e-02	6.747868e-02
3.560000e-01	3.580000e-01	2.505093e+00	6.650169e-02	6.650169e-02
3.580000e-01	3.600000e-01	2.367392e+00	6.464812e-02	6.464812e-02
3.600000e-01	3.620000e-01	2.344442e+00	6.433399e-02	6.433399e-02
3.620000e-01	3.640000e-01	2.406231e+00	6.517626e-02	6.517626e-02
3.640000e-01	3.660000e-01	2.185557e+00	6.211576e-02	6.211576e-02
3.660000e-01	3.680000e-01	2.434477e+00	6.555768e-02	6.555768e-02
3.680000e-01	3.700000e-01	2.127299e+00	6.128230e-02	6.128230e-02
3.700000e-01	3.720000e-01	2.178495e+00	6.201534e-02	6.201534e-02
3.720000e-01	3.740000e-01	2.093756e+00	6.079725e-02	6.079725e-02
3.740000e-01	3.760000e-01	2.204976e+00	6.239111e-02	6.239111e-02
3.760000e-01	3.780000e-01	2.107879e+00	6.100195e-02	6.100195e-02
3.780000e-01	3.800000e-01	1.968413e+00	5.894934e-02	5.894934e-02
3.800000e-01	3.820000e-01	2.102583e+00	6.092526e-02	6.092526e-02
3.820000e-01	3.840000e-01	1.975475e+00	5.905497e-02	5.905497e-02
3.840000e-01	3.860000e-01	2.007252e+00	5.952806e-02	5.952806e-02
3.860000e-01	3.880000e-01	1.830713e+00	5.685004e-02	5.685004e-02
3.880000e-01	3.900000e-01	1.798936e+00	5.635450e-02	5.635450e-02
3.900000e-01	3.920000e-01	1.836009e+00	5.693222e-02	5.693222e-02
3.920000e-01	3.940000e-01	1.853663e+00	5.720529e-02	5.720529e-02
3.940000e-01	3.960000e-01	1.756566e+00	5.568689e-02	5.568689e-02
3.960000e-01	3.980000e-01	1.707135e+00	5.489777e-02	5.489777e-02
3.980000e-01	4.000000e-01	1.742443e+00	5.546258e-02	5.546258e-02
4.000000e-01	4.020000e-01	1.632989e+00	5.369234e-02	5.369234e-02
4.020000e-01	4.040000e-01	1.659469e+00	5.412594e-02	5.412594e-02
4.040000e-01	4.060000e-01	1.640050e+00	5.380832e-02	5.380832e-02
4.060000e-01	4.080000e-01	1.617101e+00	5.343049e-02	5.343049e-02
4.080000e-01	4.100000e-01	1.475869e+00	5.104400e-02	5.104400e-02
4.100000e-01	4.120000e-01	1.576496e+00	5.275543e-02	5.275543e-02
4.120000e-01	4.140000e-01	1.498819e+00	5.143933e-02	5.143933e-02
4.140000e-01	4.160000e-01	1.523534e+00	5.186172e-02	5.186172e-02
4.160000e-01	4.180000e-01	1.435265e+00	5.033694e-02	5.033694e-02
4.180000e-01	4.200000e-01	1.401722e+00	4.974526e-02	4.974526e-02
4.200000e-01	4.220000e-01	1.454684e+00	5.067633e-02	5.067633e-02
4.220000e-01	4.240000e-01	1.378772e+00	4.933635e-02	4.933635e-02
4.240000e-01	4.260000e-01	1.309922e+00	4.808874e-02	4.808874e-02
4.260000e-01	4.280000e-01	1.258725e+00	4.713964e-02	4.713964e-02
4.280000e-01	4.300000e-01	1.322279e+00	4.831505e-02	4.831505e-02
4.300000e-01	4.320000e-01	1.341699e+00	4.866854e-02	4.866854e-02
4.320000e-01	4.340000e-01	1.256960e+00	4.710657e-02	4.710657e-02
4.340000e-01	4.360000e-01	1.265787e+00	4.727168e-02	4.727168e-02
4.360000e-01	4.380000e-01	1.191640e+00	4.586626e-02	4.586626e-02
4.380000e-01	4.400000e-01	1.175752e+00	4.555946e-02	4.555946e-02
4.400000e-01	4.420000e-01	1.181048e+00	4.566196e-02	4.566196e-02
4.420000e-01	4.440000e-01	1.151036e+00	4.507807e-02	4.507807e-02
4.440000e-01	4.460000e-01	1.172221e+00	4.549100e-02	4.549100e-02
4.460000e-01	4.480000e-01	1.046878e+00	4.299014e-02	4.299014e-02
4.480000e-01	4.500000e-01	1.119259e+00	4.445147e-02	4.445147e-02
4.500000e-01	4.520000e-01	1.052174e+00	4.309874e-02	4.309874e-02
4.520000e-01	4.540000e-01	1.023928e+00	4.251630e-02	4.251630e-02
4.540000e-01	4.560000e-01	9.480160e-01	4.090992e-02	4.090992e-02
4.560000e-01	4.580000e-01	9.674355e-01	4.132680e-02	4.132680e-02
4.580000e-01	4.600000e-01	9.992125e-01	4.200004e-02	4.200004e-02
4.600000e-01	4.620000e-01	9.444855e-01	4.083367e-02	4.083367e-02
4.620000e-01	4.640000e-01	8.968200e-01	3.978995e-02	3.978995e-02
4.640000e-01	4.660000e-01	8.615120e-01	3.899881e-02	3.899881e-02
4.660000e-01	4.680000e-01	9.091775e-01	4.006315e-02	4.006315e-02
4.680000e-01	4.700000e-01	8.579810e-01	3.891882e-02	3.891882e-02
4.700000e-01	4.720000e-01	8.879930e-01	3.959365e-02	3.959365e-02
4.720000e-01	4.740000e-01	8.315005e-01	3.831351e-02	3.831351e-02
4.740000e-01	4.760000e-01	9.038815e-01	3.994629e-02	3.994629e-02
4.760000e-01	4.780000e-01	8.526850e-01	3.879851e-02	3.879851e-02
4.780000e-01	4.800000e-01	8.332655e-01	3.835416e-02	3.835416e-02
4.800000e-01	4.820000e-01	8.067850e-01	3.773980e-02	3.773980e-02
4.820000e-01	4.840000e-01	7.573535e-01	3.656538e-02	3.656538e-02
4.840000e-01	4.860000e-01	7.202805e-01	3.565920e-02	3.565920e-02
4.860000e-01	4.880000e-01	7.891310e-01	3.732461e-02	3.732461e-02
4.880000e-01	4.900000e-01	7.379345e-01	3.609355e-02	3.609355e-02
4.900000e-01	4.920000e-01	7.591190e-01	3.660798e-02	3.660798e-02
4.920000e-01	4.940000e-01	7.202805e-01	3.565920e-02	3.565920e-02
4.940000e-01	4.960000e-01	6.320110e-01	3.340281e-02	3.340281e-02
4.960000e-01	4.980000e-01	6.567265e-01	3.404967e-02	3.404967e-02
4.980000e-01	5.000000e-01	6.461340e-01	3.377396e-02	3.377396e-02
5.000000e-01	5.020000e-01	6.461340e-01	3.377396e-02	3.377396e-02
5.020000e-01	5.040000e-01	6.408380e-01	3.363526e-02	3.363526e-02
5.040000e-01	5.060000e-01	6.320110e-01	3.340281e-02	3.340281e-02
5.060000e-01	5.080000e-01	6.196530e-01	3.307464e-02	3.307464e-02
5.080000e-01	5.100000e-01	5.984685e-01	3.250434e-02	3.250434e-02
5.100000e-01	5.120000e-01	5.755180e-01	3.187501e-02	3.187501e-02
5.120000e-01	5.140000e-01	5.578645e-01	3.138232e-02	3.138232e-02
5.140000e-01	5.160000e-01	5.649260e-01	3.158031e-02	3.158031e-02
5.160000e-01	5.180000e-01	5.472720e-01	3.108296e-02	3.108296e-02
5.180000e-01	5.200000e-01	5.066680e-01	2.990766e-02	2.990766e-02
5.200000e-01	5.220000e-01	5.243220e-01	3.042424e-02	3.042424e-02
5.220000e-01	5.240000e-01	4.395829e-01	2.785744e-02	2.785744e-02
5.240000e-01	5.260000e-01	4.660638e-01	2.868425e-02	2.868425e-02
5.260000e-01	5.280000e-01	4.784216e-01	2.906204e-02	2.906204e-02
5.280000e-01	5.300000e-01	4.713600e-01	2.884676e-02	2.884676e-02
5.300000e-01	5.320000e-01	4.872485e-01	2.932891e-02	2.932891e-02
5.320000e-01	5.340000e-01	4.590022e-01	2.846611e-02	2.846611e-02
5.340000e-01	5.360000e-01	4.166328e-01	2.712049e-02	2.712049e-02
5.360000e-01	5.380000e-01	4.484099e-01	2.813574e-02	2.813574e-02
5.380000e-01	5.400000e-01	3.989789e-01	2.653968e-02	2.653968e-02
5.400000e-01	5.420000e-01	3.919173e-01	2.630377e-02	2.630377e-02
5.420000e-01	5.440000e-01	3.813249e-01	2.594588e-02	2.594588e-02
5.440000e-01	5.460000e-01	3.848557e-01	2.606572e-02	2.606572e-02
5.460000e-01	5.480000e-01	3.724980e-01	2.564382e-02	2.564382e-02
5.480000e-01	5.500000e-01	3.619056e-01	2.527659e-02	2.527659e-02
5.500000e-01	5.520000e-01	3.619056e-01	2.527659e-02	2.527659e-02
5.520000e-01	5.540000e-01	3.636710e-01	2.533816e-02	2.533816e-02
5.540000e-01	5.560000e-01	3.407209e-01	2.452563e-02	2.452563e-02
5.560000e-01	5.580000e-01	3.265977e-01	2.401194e-02	2.401194e-02
5.580000e-01	5.600000e-01	3.389555e-01	2.446201e-02	2.446201e-02
5.600000e-01	5.620000e-01	3.548440e-01	2.502877e-02	2.502877e-02
5.620000e-01	5.640000e-01	2.859937e-01	2.246979e-02	2.246979e-02
5.640000e-01	5.660000e-01	3.018822e-01	2.308551e-02	2.308551e-02
5.660000e-01	5.680000e-01	2.789321e-01	2.219065e-02	2.219065e-02
5.680000e-01	5.700000e-01	2.877591e-01	2.253903e-02	2.253903e-02
5.700000e-01	5.720000e-01	3.283631e-01	2.407676e-02	2.407676e-02
5.720000e-01	5.740000e-01	2.965861e-01	2.288211e-02	2.288211e-02
5.740000e-01	5.760000e-01	2.859937e-01	2.246979e-02	2.246979e-02
5.760000e-01	5.780000e-01	2.524512e-01	2.111103e-02	2.111103e-02
5.780000e-01	5.800000e-01	2.524512e-01	2.111103e-02	2.111103e-02
5.800000e-01	5.820000e-01	2.542166e-01	2.118472e-02	2.118472e-02
5.820000e-01	5.840000e-01	2.365627e-01	2.043591e-02	2.043591e-02
5.840000e-01	5.860000e-01	2.612782e-01	2.147694e-02	2.147694e-02
5.860000e-01	5.880000e-01	2.471550e-01	2.088842e-02	2.088842e-02
5.880000e-01	5.900000e-01	2.524512e-01	2.111103e-02	2.111103e-02
5.900000e-01	5.920000e-01	1.941932e-01	1.851560e-02	1.851560e-02
5.920000e-01	5.940000e-01	1.818355e-01	1.791679e-02	1.791679e-02
5.940000e-01	5.960000e-01	2.012548e-01	1.884924e-02	1.884924e-02
5.960000e-01	5.980000e-01	2.259703e-01	1.997314e-02	1.997314e-02
5.980000e-01	6.000000e-01	1.959586e-01	1.859957e-02	1.859957e-02
6.000000e-01	6.020000e-01	1.906625e-01	1.834651e-02	1.834651e-02
6.020000e-01	6.040000e-01	2.012548e-01	1.884924e-02	1.884924e-02
6.040000e-01	6.060000e-01	1.412314e-01	1.579016e-02	1.579016e-02
6.060000e-01	6.080000e-01	1.588854e-01	1.674799e-02	1.674799e-02
6.080000e-01	6.100000e-01	1.571200e-01	1.665468e-02	1.665468e-02
6.100000e-01	6.120000e-01	1.588854e-01	1.674799e-02	1.674799e-02
6.120000e-01	6.140000e-01	1.306391e-01	1.518649e-02	1.518649e-02
6.140000e-01	6.160000e-01	1.324045e-01	1.528875e-02	1.528875e-02
6.160000e-01	6.180000e-01	1.377007e-01	1.559153e-02	1.559153e-02
6.180000e-01	6.200000e-01	1.447622e-01	1.598631e-02	1.598631e-02
6.200000e-01	6.220000e-01	1.288737e-01	1.508353e-02	1.508353e-02
6.220000e-01	6.240000e-01	1.253429e-01	1.487547e-02	1.487547e-02
6.240000e-01	6.260000e-01	1.094544e-01	1.390072e-02	1.390072e-02
6.260000e-01	6.280000e-01	1.094544e-01	1.390072e-02	1.390072e-02
6.280000e-01	6.300000e-01	1.200467e-01	1.455781e-02	1.455781e-02
6.300000e-01	6.320000e-01	1.076890e-01	1.378816e-02	1.378816e-02
6.320000e-01	6.340000e-01	9.356585e-02	1.285226e-02	1.285226e-02
6.340000e-01	6.360000e-01	8.650425e-02	1.235775e-02	1.235775e-02
6.360000e-01	6.380000e-01	7.414650e-02	1.144106e-02	1.144106e-02
6.380000e-01	6.400000e-01	9.709665e-02	1.309251e-02	1.309251e-02
6.400000e-01	6.420000e-01	8.473890e-02	1.223100e-02	1.223100e-02
6.420000e-01	6.440000e-01	9.356585e-02	1.285226e-02	1.285226e-02
6.440000e-01	6.460000e-01	6.002335e-02	1.029392e-02	1.029392e-02
6.460000e-01	6.480000e-01	7.767730e-02	1.171029e-02	1.171029e-02
6.480000e-01	6.500000e-01	8.650425e-02	1.235775e-02	1.235775e-02
6.500000e-01	6.520000e-01	4.943101e-02	9.341583e-03	9.341583e-03
6.520000e-01	6.540000e-01	6.355415e-02	1.059236e-02	1.059236e-02
6.540000e-01	6.560000e-01	4.943101e-02	9.341583e-03	9.341583e-03
6.560000e-01	6.580000e-01	5.649260e-02	9.986572e-03	9.986572e-03
6.580000e-01	6.600000e-01	5.649260e-02	9.986572e-03	9.986572e-03
6.600000e-01	6.620000e-01	6.178875e-02	1.044421e-02	1.044421e-02
6.620000e-01	6.640000e-01	5.119640e-02	9.506934e-03	9.506934e-03
6.640000e-01	6.660000e-01	4.236944e-02	8.648626e-03	8.648626e-03
6.660000e-01	6.680000e-01	3.177708e-02	7.489930e-03	7.489930e-03
6.680000e-01	6.700000e-01	6.178875e-02	1.044421e-02	1.044421e-02
6.700000e-01	6.720000e-01	2.648090e-02	6.837339e-03	6.837339e-03
6.720000e-01	6.740000e-01	3.354247e-02	7.695171e-03	7.695171e-03
6.740000e-01	6.760000e-01	2.118472e-02	6.115503e-03	6.115503e-03
6.760000e-01	6.780000e-01	3.354247e-02	7.695171e-03	7.695171e-03
6.780000e-01	6.800000e-01	3.354247e-02	7.695171e-03	7.695171e-03
6.800000e-01	6.820000e-01	2.648090e-02	6.837339e-03	6.837339e-03
6.820000e-01	6.840000e-01	2.118472e-02	6.115503e-03	6.115503e-03
6.840000e-01	6.860000e-01	2.471550e-02	6.605498e-03	6.605498e-03
6.860000e-01	6.880000e-01	2.824630e-02	7.061574e-03	7.061574e-03
6.880000e-01	6.900000e-01	2.471550e-02	6.605498e-03	6.605498e-03
6.900000e-01	6.920000e-01	1.588854e-02	5.296180e-03	5.296180e-03
6.920000e-01	6.940000e-01	1.412314e-02	4.993286e-03	4.993286e-03
6.940000e-01	6.960000e-01	1.941932e-02	5.855147e-03	5.855147e-03
6.960000e-01	6.980000e-01	1.588854e-02	5.296180e-03	5.296180e-03
6.980000e-01	7.000000e-01	1.235775e-02	4.670792e-03	4.670792e-03
7.000000e-01	7.020000e-01	5.296180e-03	3.057751e-03	3.057751e-03
7.020000e-01	7.040000e-01	1.765393e-02	5.582663e-03	5.582663e-03
7.040000e-01	7.060000e-01	8.826965e-03	3.947539e-03	3.947539e-03
7.060000e-01	7.080000e-01	1.412314e-02	4.993286e-03	4.993286e-03
7.080000e-01	7.100000e-01	1.235775e-02	4.670792e-03	4.670792e-03
7.100000e-01	7.120000e-01	1.059236e-02	4.324313e-03	4.324313e-03
7.120000e-01	7.140000e-01	8.826965e-03	3.947539e-03	3.947539e-03
7.140000e-01	7.160000e-01	3.530786e-03	2.496643e-03	2.496643e-03
7.160000e-01	7.180000e-01	1.235775e-02	4.670792e-03	4.670792e-03
7.180000e-01	7.200000e-01	1.765393e-03	1.765393e-03	1.765393e-03
7.200000e-01	7.220000e-01	5.296180e-03	3.057751e-03	3.057751e-03
7.220000e-01	7.240000e-01	1.059236e-02	4.324313e-03	4.324313e-03
7.240000e-01	7.260000e-01	3.530786e-03	2.496643e-03	2.496643e-03
7.260000e-01	7.280000e-01	1.235775e-02	4.670792e-03	4.670792e-03
7.280000e-01	7.300000e-01	8.826965e-03	3.947539e-03	3.947539e-03
7.300000e-01	7.320000e-01	3.530786e-03	2.496643e-03	2.496643e-03
7.320000e-01	7.340000e-01	5.296180e-03	3.057751e-03	3.057751e-03
7.340000e-01	7.360000e-01	1.765393e-03	1.765393e-03	1.765393e-03
7.360000e-01	7.380000e-01	3.530786e-03	2.496643e-03	2.496643e-03
7.380000e-01	7.400000e-01	3.530786e-03	2.496643e-03	2.496643e-03
7.400000e-01	7.420000e-01	3.530786e-03	2.496643e-03	2.496643e-03
7.420000e-01	7.440000e-01	3.530786e-03	2.496643e-03	2.496643e-03
7.440000e-01	7.460000e-01	1.765393e-03	1.765393e-03	1.765393e-03
7.460000e-01	7.480000e-01	1.765393e-03	1.765393e-03	1.765393e-03
7.480000e-01	7.500000e-01	0.000000e+00	0.000000e+00	0.000000e+00
7.500000e-01	7.520000e-01	0.000000e+00	0.000000e+00	0.000000e+00
7.520000e-01	7.540000e-01	0.000000e+00	0.000000e+00	0.000000e+00
7.540000e-01	7.560000e-01	0.000000e+00	0.000000e+00	0.000000e+00
7.560000e-01	7.580000e-01	0.000000e+00	0.000000e+00	0.000000e+00
7.580000e-01	7.600000e-01	0.000000e+00	0.000000e+00	0.000000e+00
7.600000e-01	7.620000e-01	0.000000e+00	0.000000e+00	0.000000e+00
7.620000e-01	7.640000e-01	0.000000e+00	0.000000e+00	0.000000e+00
7.640000e-01	7.660000e-01	3.530786e-03	2.496643e-03	2.496643e-03
7.660000e-01	7.680000e-01	0.000000e+00	0.000000e+00	0.000000e+00
7.680000e-01	7.700000e-01	0.000000e+00	0.000000e+00	0.000000e+00
7.700000e-01	7.720000e-01	0.000000e+00	0.000000e+00	0.000000e+00
7.720000e-01	7.740000e-01	1.765393e-03	1.765393e-03	1.765393e-03
7.740000e-01	7.760000e-01	0.000000e+00	0.000000e+00	0.000000e+00
7.760000e-01	7.780000e-01	0.000000e+00	0.000000e+00	0.000000e+00
7.780000e-01	7.800000e-01	0.000000e+00	0.000000e+00	0.000000e+00
7.800000e-01	7.820000e-01	0.000000e+00	0.000000e+00	0.000000e+00
7.820000e-01	7.840000e-01	0.000000e+00	0.000000e+00	0.000000e+00
7.840000e-01	7.860000e-01	0.000000e+00	0.000000e+00	0.000000e+00
7.860000e-01	7.880000e-01	0.000000e+00	0.000000e+00	0.000000e+00
7.880000e-01	7.900000e-01	0.000000e+00	0.000000e+00	0.000000e+00
7.900000e-01	7.920000e-01	0.000000e+00	0.000000e+00	0.000000e+00
7.920000e-01	7.940000e-01	0.000000e+00	0.000000e+00	0.000000e+00
7.940000e-01	7.960000e-01	0.000000e+00	0.000000e+00	0.000000e+00
7.960000e-01	7.980000e-01	0.000000e+00	0.000000e+00	0.000000e+00
7.980000e-01	8.000000e-01	0.000000e+00	0.000000e+00	0.000000e+00
8.000000e-01	8.020000e-01	0.000000e+00	0.000000e+00	0.000000e+00
8.020000e-01	8.040000e-01	0.000000e+00	0.000000e+00	0.000000e+00
8.040000e-01	8.060000e-01	0.000000e+00	0.000000e+00	0.000000e+00
8.060000e-01	8.080000e-01	0.000000e+00	0.000000e+00	0.000000e+00
8.080000e-01	8.100000e-01	0.000000e+00	0.000000e+00	0.000000e+00
8.100000e-01	8.120000e-01	0.000000e+00	0.000000e+00	0.000000e+00
8.120000e-01	8.140000e-01	0.000000e+00	0.000000e+00	0.000000e+00
8.140000e-01	8.160000e-01	0.000000e+00	0.000000e+00	0.000000e+00
8.160000e-01	8.180000e-01	0.000000e+00	0.000000e+00	0.000000e+00
8.180000e-01	8.200000e-01	0.000000e+00	0.000000e+00	0.000000e+00
8.200000e-01	8.220000e-01	0.000000e+00	0.000000e+00	0.000000e+00
8.220000e-01	8.240000e-01	0.000000e+00	0.000000e+00	0.000000e+00
8.240000e-01	8.260000e-01	0.000000e+00	0.000000e+00	0.000000e+00
8.260000e-01	8.280000e-01	0.000000e+00	0.000000e+00	0.000000e+00
8.280000e-01	8.300000e-01	0.000000e+00	0.000000e+00	0.000000e+00
8.300000e-01	8.320000e-01	0.000000e+00	0.000000e+00	0.000000e+00
8.320000e-01	8.340000e-01	0.000000e+00	0.000000e+00	0.000000e+00
8.340000e-01	8.360000e-01	0.000000e+00	0.000000e+00	0.000000e+00
8.360000e-01	8.380000e-01	0.000000e+00	0.000000e+00	0.000000e+00
8.380000e-01	8.400000e-01	0.000000e+00	0.000000e+00	0.000000e+00
8.400000e-01	8.420000e-01	0.000000e+00	0.000000e+00	0.000000e+00
8.420000e-01	8.440000e-01	0.000000e+00	0.000000e+00	0.000000e+00
8.440000e-01	8.460000e-01	0.000000e+00	0.000000e+00	0.000000e+00
8.460000e-01	8.480000e-01	0.000000e+00	0.000000e+00	0.000000e+00
8.480000e-01	8.500000e-01	0.000000e+00	0.000000e+00	0.000000e+00
8.500000e-01	8.520000e-01	0.000000e+00	0.000000e+00	0.000000e+00
8.520000e-01	8.540000e-01	0.000000e+00	0.000000e+00	0.000000e+00
8.540000e-01	8.560000e-01	0.000000e+00	0.000000e+00	0.000000e+00
8.560000e-01	8.580000e-01	0.000000e+00	0.000000e+00	0.000000e+00
8.580000e-01	8.600000e-01	0.000000e+00	0.000000e+00	0.000000e+00
8.600000e-01	8.620000e-01	0.000000e+00	0.000000e+00	0.000000e+00
8.620000e-01	8.640000e-01	0.000000e+00	0.000000e+00	0.000000e+00
8.640000e-01	8.660000e-01	0.000000e+00	0.000000e+00	0.000000e+00
8.660000e-01	8.680000e-01	0.000000e+00	0.000000e+00	0.000000e+00
8.680000e-01	8.700000e-01	0.000000e+00	0.000000e+00	0.000000e+00
8.700000e-01	8.720000e-01	0.000000e+00	0.000000e+00	0.000000e+00
8.720000e-01	8.740000e-01	0.000000e+00	0.000000e+00	0.000000e+00
8.740000e-01	8.760000e-01	0.000000e+00	0.000000e+00	0.000000e+00
8.760000e-01	8.780000e-01	0.000000e+00	0.000000e+00	0.000000e+00
8.780000e-01	8.800000e-01	0.000000e+00	0.000000e+00	0.000000e+00
8.800000e-01	8.820000e-01	0.000000e+00	0.000000e+00	0.000000e+00
8.820000e-01	8.840000e-01	0.000000e+00	0.000000e+00	0.000000e+00
8.840000e-01	8.860000e-01	0.000000e+00	0.000000e+00	0.000000e+00
8.860000e-01	8.880000e-01	0.000000e+00	0.000000e+00	0.000000e+00
8.880000e-01	8.900000e-01	0.000000e+00	0.000000e+00	0.000000e+00
8.900000e-01	8.920000e-01	0.000000e+00	0.000000e+00	0.000000e+00
8.920000e-01	8.940000e-01	0.000000e+00	0.000000e+00	0.000000e+00
8.940000e-01	8.960000e-01	0.000000e+00	0.000000e+00	0.000000e+00
8.960000e-01	8.980000e-01	0.000000e+00	0.000000e+00	0.000000e+00
8.980000e-01	9.000000e-01	0.000000e+00	0.000000e+00	0.000000e+00
9.000000e-01	9.020000e-01	0.000000e+00	0.000000e+00	0.000000e+00
9.020000e-01	9.040000e-01	0.000000e+00	0.000000e+00	0.000000e+00
9.040000e-01	9.060000e-01	0.000000e+00	0.000000e+00	0.000000e+00
9.060000e-01	9.080000e-01	0.000000e+00	0.000000e+00	0.000000e+00
9.080000e-01	9.100000e-01	0.000000e+00	0.000000e+00	0.000000e+00
9.100000e-01	9.120000e-01	0.000000e+00	0.000000e+00	0.000000e+00
9.120000e-01	9.140000e-01	0.000000e+00	0.000000e+00	0.000000e+00
9.140000e-01	9.160000e-01	0.000000e+00	0.000000e+00	0.000000e+00
9.160000e-01	9.180000e-01	0.000000e+00	0.000000e+00	0.000000e+00
9.180000e-01	9.200000e-01	0.000000e+00	0.000000e+00	0.000000e+00
9.200000e-01	9.220000e-01	0.000000e+00	0.000000e+00	0.000000e+00
9.220000e-01	9.240000e-01	0.000000e+00	0.000000e+00	0.000000e+00
9.240000e-01	9.260000e-01	0.000000e+00	0.000000e+00	0.000000e+00
9.260000e-01	9.280000e-01	0.000000e+00	0.000000e+00	0.000000e+00
9.280000e-01	9.300000e-01	0.000000e+00	0.000000e+00	0.000000e+00
9.300000e-01	9.320000e-01	0.000000e+00	0.000000e+00	0.000000e+00
9.320000e-01	9.340000e-01	0.000000e+00	0.000000e+00	0.000000e+00
9.340000e-01	9.360000e-01	0.000000e+00	0.000000e+00	0.000000e+00
9.360000e-01	9.380000e-01	0.000000e+00	0.000000e+00	0.000000e+00
9.380000e-01	9.400000e-01	0.000000e+00	0.000000e+00	0.000000e+00
9.400000e-01	9.420000e-01	0.000000e+00	0.000000e+00	0.000000e+00
9.420000e-01	9.440000e-01	0.000000e+00	0.000000e+00	0.000000e+00
9.440000e-01	9.460000e-01	0.000000e+00	0.000000e+00	0.000000e+00
9.460000e-01	9.480000e-01	0.000000e+00	0.000000e+00	0.000000e+00
9.480000e-01	9.500000e-01	0.000000e+00	0.000000e+00	0.000000e+00
9.500000e-01	9.520000e-01	0.000000e+00	0.000000e+00	0.000000e+00
9.520000e-01	9.540000e-01	0.000000e+00	0.000000e+00	0.000000e+00
9.540000e-01	9.560000e-01	0.000000e+00	0.000000e+00	0.000000e+00
9.560000e-01	9.580000e-01	0.000000e+00	0.000000e+00	0.000000e+00
9.580000e-01	9.600000e-01	0.000000e+00	0.000000e+00	0.000000e+00
9.600000e-01	9.620000e-01	0.000000e+00	0.000000e+00	0.000000e+00
9.620000e-01	9.640000e-01	0.000000e+00	0.000000e+00	0.000000e+00
9.640000e-01	9.660000e-01	0.000000e+00	0.000000e+00	0.000000e+00
9.660000e-01	9.680000e-01	0.000000e+00	0.000000e+00	0.000000e+00
9.680000e-01	9.700000e-01	0.000000e+00	0.000000e+00	0.000000e+00
9.700000e-01	9.720000e-01	0.000000e+00	0.000000e+00	0.000000e+00
9.720000e-01	9.740000e-01	0.000000e+00	0.000000e+00	0.000000e+00
9.740000e-01	9.760000e-01	0.000000e+00	0.000000e+00	0.000000e+00
9.760000e-01	9.780000e-01	0.000000e+00	0.000000e+00	0.000000e+00
9.780000e-01	9.800000e-01	0.000000e+00	0.000000e+00	0.000000e+00
9.800000e-01	9.820000e-01	0.000000e+00	0.000000e+00	0.000000e+00
9.820000e-01	9.840000e-01	0.000000e+00	0.000000e+00	0.000000e+00
9.840000e-01	9.860000e-01	0.000000e+00	0.000000e+00	0.000000e+00
9.860000e-01	9.880000e-01	0.000000e+00	0.000000e+00	0.000000e+00
9.880000e-01	9.900000e-01	0.000000e+00	0.000000e+00	0.000000e+00
9.900000e-01	9.920000e-01	0.000000e+00	0.000000e+00	0.000000e+00
9.920000e-01	9.940000e-01	0.000000e+00	0.000000e+00	0.000000e+00
9.940000e-01	9.960000e-01	0.000000e+00	0.000000e+00	0.000000e+00
9.960000e-01	9.980000e-01	0.000000e+00	0.000000e+00	0.000000e+00
9.980000e-01	1.000000e+00	0.000000e+00	0.000000e+00	0.000000e+00
# END HISTOGRAM

# BEGIN HISTOGRAM /afs/phas.gla.ac.uk/user/d/dkar/MCTune/lh2015-qg/Pythia-8205/results/uu-200-alphasx12.yoda/MC_LHQG_EE/GA_10_05_R4
LineColor={[HTML]{109618}}
LineStyle=solid
Path=/afs/phas.gla.ac.uk/user/d/dkar/MCTune/lh2015-qg/Pythia-8205/results/uu-200-alphasx12.yoda/MC_LHQG_EE/GA_10_05_R4
ScaledBy=3.6825766252131291e-06
Title=1.2
XLabel=
YLabel=
# xlow	 xhigh	 val	 errminus	 errplus
0.000000e+00	2.000000e-03	2.504152e-01	2.147292e-02	2.147292e-02
2.000000e-03	4.000000e-03	1.473031e-02	5.207951e-03	5.207951e-03
4.000000e-03	6.000000e-03	7.365155e-03	3.682577e-03	3.682577e-03
6.000000e-03	8.000000e-03	7.365155e-03	3.682577e-03	3.682577e-03
8.000000e-03	1.000000e-02	7.365155e-03	3.682577e-03	3.682577e-03
1.000000e-02	1.200000e-02	5.523865e-03	3.189205e-03	3.189205e-03
1.200000e-02	1.400000e-02	1.841289e-03	1.841288e-03	1.841288e-03
1.400000e-02	1.600000e-02	5.523865e-03	3.189205e-03	3.189205e-03
1.600000e-02	1.800000e-02	3.682577e-03	2.603975e-03	2.603975e-03
1.800000e-02	2.000000e-02	3.682576e-03	2.603975e-03	2.603975e-03
2.000000e-02	2.200000e-02	1.288902e-02	4.871591e-03	4.871591e-03
2.200000e-02	2.400000e-02	9.206440e-03	4.117246e-03	4.117246e-03
2.400000e-02	2.600000e-02	1.104773e-02	4.510217e-03	4.510217e-03
2.600000e-02	2.800000e-02	1.657159e-02	5.523864e-03	5.523864e-03
2.800000e-02	3.000000e-02	1.104773e-02	4.510217e-03	4.510217e-03
3.000000e-02	3.200000e-02	5.523865e-03	3.189205e-03	3.189205e-03
3.200000e-02	3.400000e-02	2.025417e-02	6.106863e-03	6.106863e-03
3.400000e-02	3.600000e-02	1.473031e-02	5.207951e-03	5.207951e-03
3.600000e-02	3.800000e-02	1.657159e-02	5.523864e-03	5.523864e-03
3.800000e-02	4.000000e-02	1.841288e-02	5.822665e-03	5.822665e-03
4.000000e-02	4.200000e-02	2.393675e-02	6.638859e-03	6.638859e-03
4.200000e-02	4.400000e-02	2.577804e-02	6.889470e-03	6.889470e-03
4.400000e-02	4.600000e-02	2.209546e-02	6.378409e-03	6.378409e-03
4.600000e-02	4.800000e-02	2.393675e-02	6.638859e-03	6.638859e-03
4.800000e-02	5.000000e-02	3.498448e-02	8.025989e-03	8.025989e-03
5.000000e-02	5.200000e-02	2.761933e-02	7.131280e-03	7.131280e-03
5.200000e-02	5.400000e-02	4.234963e-02	8.830508e-03	8.830508e-03
5.400000e-02	5.600000e-02	4.419092e-02	9.020434e-03	9.020434e-03
5.600000e-02	5.800000e-02	3.866705e-02	8.437843e-03	8.437843e-03
5.800000e-02	6.000000e-02	3.682577e-02	8.234491e-03	8.234491e-03
6.000000e-02	6.200000e-02	5.339735e-02	9.915640e-03	9.915640e-03
6.200000e-02	6.400000e-02	4.419092e-02	9.020434e-03	9.020434e-03
6.400000e-02	6.600000e-02	4.971478e-02	9.567615e-03	9.567615e-03
6.600000e-02	6.800000e-02	5.707995e-02	1.025186e-02	1.025186e-02
6.800000e-02	7.000000e-02	6.812765e-02	1.120012e-02	1.120012e-02
7.000000e-02	7.200000e-02	6.444510e-02	1.089321e-02	1.089321e-02
7.200000e-02	7.400000e-02	8.101670e-02	1.221372e-02	1.221372e-02
7.400000e-02	7.600000e-02	9.758830e-02	1.340478e-02	1.340478e-02
7.600000e-02	7.800000e-02	7.365155e-02	1.164533e-02	1.164533e-02
7.800000e-02	8.000000e-02	1.049534e-01	1.390142e-02	1.390142e-02
8.000000e-02	8.200000e-02	1.123186e-01	1.438092e-02	1.438092e-02
8.200000e-02	8.400000e-02	1.252076e-01	1.518365e-02	1.518365e-02
8.400000e-02	8.600000e-02	1.160012e-01	1.461477e-02	1.461477e-02
8.600000e-02	8.800000e-02	1.178424e-01	1.473031e-02	1.473031e-02
8.800000e-02	9.000000e-02	1.325727e-01	1.562385e-02	1.562385e-02
9.000000e-02	9.200000e-02	1.767637e-01	1.804087e-02	1.804087e-02
9.200000e-02	9.400000e-02	1.454618e-01	1.636573e-02	1.636573e-02
9.400000e-02	9.600000e-02	1.675572e-01	1.756477e-02	1.756477e-02
9.600000e-02	9.800000e-02	1.786049e-01	1.813459e-02	1.813459e-02
9.800000e-02	1.000000e-01	1.970178e-01	1.904644e-02	1.904644e-02
1.000000e-01	1.020000e-01	2.320024e-01	2.066841e-02	2.066841e-02
1.020000e-01	1.040000e-01	2.154307e-01	1.991658e-02	1.991658e-02
1.040000e-01	1.060000e-01	2.596216e-01	2.186409e-02	2.186409e-02
1.060000e-01	1.080000e-01	2.559391e-01	2.170847e-02	2.170847e-02
1.080000e-01	1.100000e-01	2.614629e-01	2.194148e-02	2.194148e-02
1.100000e-01	1.120000e-01	2.706694e-01	2.232443e-02	2.232443e-02
1.120000e-01	1.140000e-01	3.019713e-01	2.358000e-02	2.358000e-02
1.140000e-01	1.160000e-01	3.295906e-01	2.463476e-02	2.463476e-02
1.160000e-01	1.180000e-01	3.737816e-01	2.623432e-02	2.623432e-02
1.180000e-01	1.200000e-01	3.737815e-01	2.623432e-02	2.623432e-02
1.200000e-01	1.220000e-01	3.885118e-01	2.674626e-02	2.674626e-02
1.220000e-01	1.240000e-01	4.014008e-01	2.718630e-02	2.718630e-02
1.240000e-01	1.260000e-01	4.566395e-01	2.899664e-02	2.899664e-02
1.260000e-01	1.280000e-01	4.455917e-01	2.864373e-02	2.864373e-02
1.280000e-01	1.300000e-01	4.989891e-01	3.031143e-02	3.031143e-02
1.300000e-01	1.320000e-01	4.750524e-01	2.957547e-02	2.957547e-02
1.320000e-01	1.340000e-01	6.021015e-01	3.329628e-02	3.329628e-02
1.340000e-01	1.360000e-01	5.671170e-01	3.231448e-02	3.231448e-02
1.360000e-01	1.380000e-01	7.015310e-01	3.594051e-02	3.594051e-02
1.380000e-01	1.400000e-01	6.720700e-01	3.517776e-02	3.517776e-02
1.400000e-01	1.420000e-01	7.070545e-01	3.608173e-02	3.608173e-02
1.420000e-01	1.440000e-01	6.996895e-01	3.589332e-02	3.589332e-02
1.440000e-01	1.460000e-01	8.285795e-01	3.905962e-02	3.905962e-02
1.460000e-01	1.480000e-01	8.782945e-01	4.021434e-02	4.021434e-02
1.480000e-01	1.500000e-01	8.819770e-01	4.029856e-02	4.029856e-02
1.500000e-01	1.520000e-01	8.967075e-01	4.063369e-02	4.063369e-02
1.520000e-01	1.540000e-01	9.740415e-01	4.234963e-02	4.234963e-02
1.540000e-01	1.560000e-01	1.009026e+00	4.310345e-02	4.310345e-02
1.560000e-01	1.580000e-01	1.034804e+00	4.365057e-02	4.365057e-02
1.580000e-01	1.600000e-01	1.056899e+00	4.411413e-02	4.411413e-02
1.600000e-01	1.620000e-01	1.189472e+00	4.679916e-02	4.679916e-02
1.620000e-01	1.640000e-01	1.231822e+00	4.762499e-02	4.762499e-02
1.640000e-01	1.660000e-01	1.246552e+00	4.790889e-02	4.790889e-02
1.660000e-01	1.680000e-01	1.362553e+00	5.008845e-02	5.008845e-02
1.680000e-01	1.700000e-01	1.336775e+00	4.961239e-02	4.961239e-02
1.700000e-01	1.720000e-01	1.421475e+00	5.115999e-02	5.115999e-02
1.720000e-01	1.740000e-01	1.649794e+00	5.511576e-02	5.511576e-02
1.740000e-01	1.760000e-01	1.616651e+00	5.455933e-02	5.455933e-02
1.760000e-01	1.780000e-01	1.590873e+00	5.412259e-02	5.412259e-02
1.780000e-01	1.800000e-01	1.692144e+00	5.581868e-02	5.581868e-02
1.800000e-01	1.820000e-01	1.721604e+00	5.630249e-02	5.630249e-02
1.820000e-01	1.840000e-01	1.832082e+00	5.808089e-02	5.808089e-02
1.840000e-01	1.860000e-01	2.038306e+00	6.126263e-02	6.126263e-02
1.860000e-01	1.880000e-01	2.135894e+00	6.271202e-02	6.271202e-02
1.880000e-01	1.900000e-01	2.089862e+00	6.203257e-02	6.203257e-02
1.900000e-01	1.920000e-01	2.111957e+00	6.235962e-02	6.235962e-02
1.920000e-01	1.940000e-01	2.321864e+00	6.538519e-02	6.538519e-02
1.940000e-01	1.960000e-01	2.312658e+00	6.525542e-02	6.525542e-02
1.960000e-01	1.980000e-01	2.410246e+00	6.661800e-02	6.661800e-02
1.980000e-01	2.000000e-01	2.364214e+00	6.597878e-02	6.597878e-02
2.000000e-01	2.020000e-01	2.423135e+00	6.679588e-02	6.679588e-02
2.020000e-01	2.040000e-01	2.719583e+00	7.076394e-02	7.076394e-02
2.040000e-01	2.060000e-01	2.645931e+00	6.979916e-02	6.979916e-02
2.060000e-01	2.080000e-01	2.872410e+00	7.272506e-02	7.272506e-02
2.080000e-01	2.100000e-01	2.868727e+00	7.267844e-02	7.267844e-02
2.100000e-01	2.120000e-01	2.949744e+00	7.369756e-02	7.369756e-02
2.120000e-01	2.140000e-01	2.984728e+00	7.413329e-02	7.413329e-02
2.140000e-01	2.160000e-01	3.091523e+00	7.544790e-02	7.544790e-02
2.160000e-01	2.180000e-01	3.113618e+00	7.571704e-02	7.571704e-02
2.180000e-01	2.200000e-01	3.306954e+00	7.803240e-02	7.803240e-02
2.200000e-01	2.220000e-01	3.306954e+00	7.803240e-02	7.803240e-02
2.220000e-01	2.240000e-01	3.515019e+00	8.044977e-02	8.044977e-02
2.240000e-01	2.260000e-01	3.533432e+00	8.066020e-02	8.066020e-02
2.260000e-01	2.280000e-01	3.584988e+00	8.124652e-02	8.124652e-02
2.280000e-01	2.300000e-01	3.643909e+00	8.191146e-02	8.191146e-02
2.300000e-01	2.320000e-01	3.726767e+00	8.283751e-02	8.283751e-02
2.320000e-01	2.340000e-01	3.673370e+00	8.224191e-02	8.224191e-02
2.340000e-01	2.360000e-01	3.741498e+00	8.300107e-02	8.300107e-02
2.360000e-01	2.380000e-01	4.045310e+00	8.630517e-02	8.630517e-02
2.380000e-01	2.400000e-01	4.065564e+00	8.652097e-02	8.652097e-02
2.400000e-01	2.420000e-01	4.032421e+00	8.616757e-02	8.616757e-02
2.420000e-01	2.440000e-01	4.074771e+00	8.661886e-02	8.661886e-02
2.440000e-01	2.460000e-01	3.951404e+00	8.529757e-02	8.529757e-02
2.460000e-01	2.480000e-01	4.288360e+00	8.886004e-02	8.886004e-02
2.480000e-01	2.500000e-01	4.141057e+00	8.732056e-02	8.732056e-02
2.500000e-01	2.520000e-01	4.275471e+00	8.872641e-02	8.872641e-02
2.520000e-01	2.540000e-01	4.315980e+00	8.914574e-02	8.914574e-02
2.540000e-01	2.560000e-01	4.273630e+00	8.870730e-02	8.870730e-02
2.560000e-01	2.580000e-01	4.409885e+00	9.011032e-02	9.011032e-02
2.580000e-01	2.600000e-01	4.338075e+00	8.937364e-02	8.937364e-02
2.600000e-01	2.620000e-01	4.481696e+00	9.084104e-02	9.084104e-02
2.620000e-01	2.640000e-01	4.494585e+00	9.097158e-02	9.097158e-02
2.640000e-01	2.660000e-01	4.450394e+00	9.052324e-02	9.052324e-02
2.660000e-01	2.680000e-01	4.411727e+00	9.012913e-02	9.012913e-02
2.680000e-01	2.700000e-01	4.437505e+00	9.039206e-02	9.039206e-02
2.700000e-01	2.720000e-01	4.280995e+00	8.878371e-02	8.878371e-02
2.720000e-01	2.740000e-01	4.503791e+00	9.106469e-02	9.106469e-02
2.740000e-01	2.760000e-01	4.573760e+00	9.176933e-02	9.176933e-02
2.760000e-01	2.780000e-01	4.481696e+00	9.084104e-02	9.084104e-02
2.780000e-01	2.800000e-01	4.349123e+00	8.948737e-02	8.948737e-02
2.800000e-01	2.820000e-01	4.559030e+00	9.162144e-02	9.162144e-02
2.820000e-01	2.840000e-01	4.317821e+00	8.916475e-02	8.916475e-02
2.840000e-01	2.860000e-01	4.295725e+00	8.893633e-02	8.893633e-02
2.860000e-01	2.880000e-01	4.417250e+00	9.018554e-02	9.018554e-02
2.880000e-01	2.900000e-01	4.492743e+00	9.095293e-02	9.095293e-02
2.900000e-01	2.920000e-01	4.214709e+00	8.809367e-02	8.809367e-02
2.920000e-01	2.940000e-01	4.369377e+00	8.969550e-02	8.969550e-02
2.940000e-01	2.960000e-01	4.454076e+00	9.056070e-02	9.056070e-02
2.960000e-01	2.980000e-01	4.417250e+00	9.018554e-02	9.018554e-02
2.980000e-01	3.000000e-01	4.130009e+00	8.720400e-02	8.720400e-02
3.000000e-01	3.020000e-01	4.347281e+00	8.946843e-02	8.946843e-02
3.020000e-01	3.040000e-01	4.236804e+00	8.832427e-02	8.832427e-02
3.040000e-01	3.060000e-01	4.179724e+00	8.772729e-02	8.772729e-02
3.060000e-01	3.080000e-01	4.069247e+00	8.656014e-02	8.656014e-02
3.080000e-01	3.100000e-01	4.131851e+00	8.722345e-02	8.722345e-02
3.100000e-01	3.120000e-01	3.883277e+00	8.455905e-02	8.455905e-02
3.120000e-01	3.140000e-01	3.947722e+00	8.525781e-02	8.525781e-02
3.140000e-01	3.160000e-01	3.816990e+00	8.383424e-02	8.383424e-02
3.160000e-01	3.180000e-01	3.831721e+00	8.399585e-02	8.399585e-02
3.180000e-01	3.200000e-01	3.769117e+00	8.330686e-02	8.330686e-02
3.200000e-01	3.220000e-01	3.850134e+00	8.419743e-02	8.419743e-02
3.220000e-01	3.240000e-01	3.699148e+00	8.252998e-02	8.252998e-02
3.240000e-01	3.260000e-01	3.660481e+00	8.209750e-02	8.209750e-02
3.260000e-01	3.280000e-01	3.586829e+00	8.126738e-02	8.126738e-02
3.280000e-01	3.300000e-01	3.741498e+00	8.300107e-02	8.300107e-02
3.300000e-01	3.320000e-01	3.680735e+00	8.232433e-02	8.232433e-02
3.320000e-01	3.340000e-01	3.522384e+00	8.053400e-02	8.053400e-02
3.340000e-01	3.360000e-01	3.334573e+00	7.835758e-02	7.835758e-02
3.360000e-01	3.380000e-01	3.380605e+00	7.889658e-02	7.889658e-02
3.380000e-01	3.400000e-01	3.270128e+00	7.759670e-02	7.759670e-02
3.400000e-01	3.420000e-01	3.312477e+00	7.809755e-02	7.809755e-02
3.420000e-01	3.440000e-01	3.305113e+00	7.801067e-02	7.801067e-02
3.440000e-01	3.460000e-01	3.200159e+00	7.676207e-02	7.676207e-02
3.460000e-01	3.480000e-01	3.098888e+00	7.553772e-02	7.553772e-02
3.480000e-01	3.500000e-01	3.021554e+00	7.458923e-02	7.458923e-02
3.500000e-01	3.520000e-01	3.065745e+00	7.513268e-02	7.513268e-02
3.520000e-01	3.540000e-01	2.900029e+00	7.307387e-02	7.307387e-02
3.540000e-01	3.560000e-01	2.923966e+00	7.337483e-02	7.337483e-02
3.560000e-01	3.580000e-01	2.769297e+00	7.140781e-02	7.140781e-02
3.580000e-01	3.600000e-01	2.877933e+00	7.279495e-02	7.279495e-02
3.600000e-01	3.620000e-01	2.876092e+00	7.277166e-02	7.277166e-02
3.620000e-01	3.640000e-01	2.815330e+00	7.199885e-02	7.199885e-02
3.640000e-01	3.660000e-01	2.684598e+00	7.030733e-02	7.030733e-02
3.660000e-01	3.680000e-01	2.623836e+00	6.950710e-02	6.950710e-02
3.680000e-01	3.700000e-01	2.517041e+00	6.807788e-02	6.807788e-02
3.700000e-01	3.720000e-01	2.603581e+00	6.923832e-02	6.923832e-02
3.720000e-01	3.740000e-01	2.437865e+00	6.699860e-02	6.699860e-02
3.740000e-01	3.760000e-01	2.544660e+00	6.845037e-02	6.845037e-02
3.760000e-01	3.780000e-01	2.458120e+00	6.727635e-02	6.727635e-02
3.780000e-01	3.800000e-01	2.389992e+00	6.633751e-02	6.633751e-02
3.800000e-01	3.820000e-01	2.351325e+00	6.579869e-02	6.579869e-02
3.820000e-01	3.840000e-01	2.281356e+00	6.481231e-02	6.481231e-02
3.840000e-01	3.860000e-01	2.250054e+00	6.436612e-02	6.436612e-02
3.860000e-01	3.880000e-01	2.060401e+00	6.159377e-02	6.159377e-02
3.880000e-01	3.900000e-01	2.222435e+00	6.396986e-02	6.396986e-02
3.900000e-01	3.920000e-01	2.205863e+00	6.373092e-02	6.373092e-02
3.920000e-01	3.940000e-01	2.130370e+00	6.263088e-02	6.263088e-02
3.940000e-01	3.960000e-01	2.121164e+00	6.249540e-02	6.249540e-02
3.960000e-01	3.980000e-01	2.043830e+00	6.134558e-02	6.134558e-02
3.980000e-01	4.000000e-01	2.117481e+00	6.244113e-02	6.244113e-02
4.000000e-01	4.020000e-01	1.951765e+00	5.994800e-02	5.994800e-02
4.020000e-01	4.040000e-01	2.078814e+00	6.186839e-02	6.186839e-02
4.040000e-01	4.060000e-01	1.828399e+00	5.802250e-02	5.802250e-02
4.060000e-01	4.080000e-01	1.903892e+00	5.920823e-02	5.920823e-02
4.080000e-01	4.100000e-01	1.940718e+00	5.977809e-02	5.977809e-02
4.100000e-01	4.120000e-01	1.830240e+00	5.805170e-02	5.805170e-02
4.120000e-01	4.140000e-01	1.677413e+00	5.557520e-02	5.557520e-02
4.140000e-01	4.160000e-01	1.708715e+00	5.609133e-02	5.609133e-02
4.160000e-01	4.180000e-01	1.778684e+00	5.722823e-02	5.722823e-02
4.180000e-01	4.200000e-01	1.690302e+00	5.578831e-02	5.578831e-02
4.200000e-01	4.220000e-01	1.659001e+00	5.526932e-02	5.526932e-02
4.220000e-01	4.240000e-01	1.607444e+00	5.440377e-02	5.440377e-02
4.240000e-01	4.260000e-01	1.487761e+00	5.233925e-02	5.233925e-02
4.260000e-01	4.280000e-01	1.515380e+00	5.282284e-02	5.282284e-02
4.280000e-01	4.300000e-01	1.491443e+00	5.240398e-02	5.240398e-02
4.300000e-01	4.320000e-01	1.515380e+00	5.282284e-02	5.282284e-02
4.320000e-01	4.340000e-01	1.611127e+00	5.446604e-02	5.446604e-02
4.340000e-01	4.360000e-01	1.522745e+00	5.295104e-02	5.295104e-02
4.360000e-01	4.380000e-01	1.522745e+00	5.295104e-02	5.295104e-02
4.380000e-01	4.400000e-01	1.473030e+00	5.207951e-02	5.207951e-02
4.400000e-01	4.420000e-01	1.415950e+00	5.106048e-02	5.106048e-02
4.420000e-01	4.440000e-01	1.358871e+00	5.002072e-02	5.002072e-02
4.440000e-01	4.460000e-01	1.320203e+00	4.930391e-02	4.930391e-02
4.460000e-01	4.480000e-01	1.375442e+00	5.032480e-02	5.032480e-02
4.480000e-01	4.500000e-01	1.231822e+00	4.762499e-02	4.762499e-02
4.500000e-01	4.520000e-01	1.246552e+00	4.790889e-02	4.790889e-02
4.520000e-01	4.540000e-01	1.207885e+00	4.715999e-02	4.715999e-02
4.540000e-01	4.560000e-01	1.126868e+00	4.555096e-02	4.555096e-02
4.560000e-01	4.580000e-01	1.136075e+00	4.573665e-02	4.573665e-02
4.580000e-01	4.600000e-01	1.082677e+00	4.464887e-02	4.464887e-02
4.600000e-01	4.620000e-01	1.156329e+00	4.614255e-02	4.614255e-02
4.620000e-01	4.640000e-01	1.045852e+00	4.388297e-02	4.388297e-02
4.640000e-01	4.660000e-01	1.003502e+00	4.298531e-02	4.298531e-02
4.660000e-01	4.680000e-01	1.130551e+00	4.562533e-02	4.562533e-02
4.680000e-01	4.700000e-01	1.117662e+00	4.536450e-02	4.536450e-02
4.700000e-01	4.720000e-01	1.095566e+00	4.491385e-02	4.491385e-02
4.720000e-01	4.740000e-01	1.047693e+00	4.392158e-02	4.392158e-02
4.740000e-01	4.760000e-01	1.056899e+00	4.411413e-02	4.411413e-02
4.760000e-01	4.780000e-01	1.031121e+00	4.357284e-02	4.357284e-02
4.780000e-01	4.800000e-01	9.998195e-01	4.290636e-02	4.290636e-02
4.800000e-01	4.820000e-01	9.519460e-01	4.186654e-02	4.186654e-02
4.820000e-01	4.840000e-01	9.298505e-01	4.137781e-02	4.137781e-02
4.840000e-01	4.860000e-01	8.451515e-01	3.944829e-02	3.944829e-02
4.860000e-01	4.880000e-01	9.445810e-01	4.170427e-02	4.170427e-02
4.880000e-01	4.900000e-01	8.727705e-01	4.008769e-02	4.008769e-02
4.900000e-01	4.920000e-01	8.635640e-01	3.987569e-02	3.987569e-02
4.920000e-01	4.940000e-01	8.248970e-01	3.897273e-02	3.897273e-02
4.940000e-01	4.960000e-01	7.751825e-01	3.778008e-02	3.778008e-02
4.960000e-01	4.980000e-01	8.525165e-01	3.961980e-02	3.961980e-02
4.980000e-01	5.000000e-01	7.549280e-01	3.728325e-02	3.728325e-02
5.000000e-01	5.020000e-01	7.236265e-01	3.650212e-02	3.650212e-02
5.020000e-01	5.040000e-01	7.641345e-01	3.750990e-02	3.750990e-02
5.040000e-01	5.060000e-01	7.512455e-01	3.719220e-02	3.719220e-02
5.060000e-01	5.080000e-01	6.886420e-01	3.560882e-02	3.560882e-02
5.080000e-01	5.100000e-01	7.530870e-01	3.723775e-02	3.723775e-02
5.100000e-01	5.120000e-01	6.831180e-01	3.546572e-02	3.546572e-02
5.120000e-01	5.140000e-01	6.996895e-01	3.589332e-02	3.589332e-02
5.140000e-01	5.160000e-01	6.665465e-01	3.503290e-02	3.503290e-02
5.160000e-01	5.180000e-01	6.389270e-01	3.429940e-02	3.429940e-02
5.180000e-01	5.200000e-01	6.278795e-01	3.400157e-02	3.400157e-02
5.200000e-01	5.220000e-01	6.223555e-01	3.385167e-02	3.385167e-02
5.220000e-01	5.240000e-01	6.518160e-01	3.464363e-02	3.464363e-02
5.240000e-01	5.260000e-01	5.855295e-01	3.283487e-02	3.283487e-02
5.260000e-01	5.280000e-01	6.260380e-01	3.395168e-02	3.395168e-02
5.280000e-01	5.300000e-01	5.855295e-01	3.283487e-02	3.283487e-02
5.300000e-01	5.320000e-01	6.021015e-01	3.329628e-02	3.329628e-02
5.320000e-01	5.340000e-01	5.137195e-01	3.075558e-02	3.075558e-02
5.340000e-01	5.360000e-01	5.100370e-01	3.064515e-02	3.064515e-02
5.360000e-01	5.380000e-01	5.321325e-01	3.130190e-02	3.130190e-02
5.380000e-01	5.400000e-01	5.431800e-01	3.162516e-02	3.162516e-02
5.400000e-01	5.420000e-01	5.321325e-01	3.130190e-02	3.130190e-02
5.420000e-01	5.440000e-01	4.658459e-01	2.928748e-02	2.928748e-02
5.440000e-01	5.460000e-01	4.603221e-01	2.911333e-02	2.911333e-02
5.460000e-01	5.480000e-01	4.787349e-01	2.968988e-02	2.968988e-02
5.480000e-01	5.500000e-01	4.750524e-01	2.957547e-02	2.957547e-02
5.500000e-01	5.520000e-01	4.787349e-01	2.968988e-02	2.968988e-02
5.520000e-01	5.540000e-01	4.732111e-01	2.951810e-02	2.951810e-02
5.540000e-01	5.560000e-01	4.474330e-01	2.870284e-02	2.870284e-02
5.560000e-01	5.580000e-01	4.271789e-01	2.804567e-02	2.804567e-02
5.580000e-01	5.600000e-01	3.995595e-01	2.712387e-02	2.712387e-02
5.600000e-01	5.620000e-01	3.866705e-01	2.668280e-02	2.668280e-02
5.620000e-01	5.640000e-01	3.756228e-01	2.629886e-02	2.629886e-02
5.640000e-01	5.660000e-01	3.866705e-01	2.668280e-02	2.668280e-02
5.660000e-01	5.680000e-01	3.369557e-01	2.490849e-02	2.490849e-02
5.680000e-01	5.700000e-01	3.774641e-01	2.636324e-02	2.636324e-02
5.700000e-01	5.720000e-01	3.259080e-01	2.449675e-02	2.449675e-02
5.720000e-01	5.740000e-01	3.535273e-01	2.551364e-02	2.551364e-02
5.740000e-01	5.760000e-01	3.645751e-01	2.590922e-02	2.590922e-02
5.760000e-01	5.780000e-01	3.277493e-01	2.456585e-02	2.456585e-02
5.780000e-01	5.800000e-01	2.780345e-01	2.262613e-02	2.262613e-02
5.800000e-01	5.820000e-01	3.001300e-01	2.350799e-02	2.350799e-02
5.820000e-01	5.840000e-01	2.817171e-01	2.277548e-02	2.277548e-02
5.840000e-01	5.860000e-01	2.540978e-01	2.163024e-02	2.163024e-02
5.860000e-01	5.880000e-01	2.559391e-01	2.170847e-02	2.170847e-02
5.880000e-01	5.900000e-01	3.222254e-01	2.435796e-02	2.435796e-02
5.900000e-01	5.920000e-01	2.688281e-01	2.224837e-02	2.224837e-02
5.920000e-01	5.940000e-01	2.246371e-01	2.033769e-02	2.033769e-02
5.940000e-01	5.960000e-01	2.135894e-01	1.983128e-02	1.983128e-02
5.960000e-01	5.980000e-01	2.467326e-01	2.131446e-02	2.131446e-02
5.980000e-01	6.000000e-01	2.320023e-01	2.066841e-02	2.066841e-02
6.000000e-01	6.020000e-01	2.043830e-01	1.939918e-02	1.939918e-02
6.020000e-01	6.040000e-01	1.951765e-01	1.895722e-02	1.895722e-02
6.040000e-01	6.060000e-01	2.025417e-01	1.931160e-02	1.931160e-02
6.060000e-01	6.080000e-01	1.988591e-01	1.913523e-02	1.913523e-02
6.080000e-01	6.100000e-01	1.804462e-01	1.822782e-02	1.822782e-02
6.100000e-01	6.120000e-01	1.712398e-01	1.775674e-02	1.775674e-02
6.120000e-01	6.140000e-01	1.951765e-01	1.895722e-02	1.895722e-02
6.140000e-01	6.160000e-01	1.970178e-01	1.904644e-02	1.904644e-02
6.160000e-01	6.180000e-01	1.841288e-01	1.841288e-02	1.841288e-02
6.180000e-01	6.200000e-01	1.693985e-01	1.766102e-02	1.766102e-02
6.200000e-01	6.220000e-01	1.620333e-01	1.727282e-02	1.727282e-02
6.220000e-01	6.240000e-01	1.362553e-01	1.583936e-02	1.583936e-02
6.240000e-01	6.260000e-01	1.399379e-01	1.605198e-02	1.605198e-02
6.260000e-01	6.280000e-01	1.399379e-01	1.605198e-02	1.605198e-02
6.280000e-01	6.300000e-01	1.509856e-01	1.667357e-02	1.667357e-02
6.300000e-01	6.320000e-01	1.086360e-01	1.414320e-02	1.414320e-02
6.320000e-01	6.340000e-01	1.270489e-01	1.529489e-02	1.529489e-02
6.340000e-01	6.360000e-01	1.141599e-01	1.449832e-02	1.449832e-02
6.360000e-01	6.380000e-01	1.160011e-01	1.461477e-02	1.461477e-02
6.380000e-01	6.400000e-01	1.380966e-01	1.594603e-02	1.594603e-02
6.400000e-01	6.420000e-01	1.104773e-01	1.426256e-02	1.426256e-02
6.420000e-01	6.440000e-01	1.031121e-01	1.377894e-02	1.377894e-02
6.440000e-01	6.460000e-01	7.365155e-02	1.164533e-02	1.164533e-02
6.460000e-01	6.480000e-01	7.917540e-02	1.207413e-02	1.207413e-02
6.480000e-01	6.500000e-01	9.390570e-02	1.314943e-02	1.314943e-02
6.500000e-01	6.520000e-01	8.101670e-02	1.221372e-02	1.221372e-02
6.520000e-01	6.540000e-01	6.628640e-02	1.104773e-02	1.104773e-02
6.540000e-01	6.560000e-01	7.917540e-02	1.207413e-02	1.207413e-02
6.560000e-01	6.580000e-01	7.181025e-02	1.149884e-02	1.149884e-02
6.580000e-01	6.600000e-01	5.892125e-02	1.041590e-02	1.041590e-02
6.600000e-01	6.620000e-01	6.628640e-02	1.104773e-02	1.104773e-02
6.620000e-01	6.640000e-01	6.444510e-02	1.089321e-02	1.089321e-02
6.640000e-01	6.660000e-01	3.866705e-02	8.437843e-03	8.437843e-03
6.660000e-01	6.680000e-01	7.917540e-02	1.207413e-02	1.207413e-02
6.680000e-01	6.700000e-01	6.628640e-02	1.104773e-02	1.104773e-02
6.700000e-01	6.720000e-01	4.971478e-02	9.567615e-03	9.567615e-03
6.720000e-01	6.740000e-01	4.234963e-02	8.830508e-03	8.830508e-03
6.740000e-01	6.760000e-01	3.498448e-02	8.025989e-03	8.025989e-03
6.760000e-01	6.780000e-01	3.866705e-02	8.437843e-03	8.437843e-03
6.780000e-01	6.800000e-01	4.603221e-02	9.206442e-03	9.206442e-03
6.800000e-01	6.820000e-01	3.314319e-02	7.811925e-03	7.811925e-03
6.820000e-01	6.840000e-01	3.130190e-02	7.591826e-03	7.591826e-03
6.840000e-01	6.860000e-01	2.577803e-02	6.889470e-03	6.889470e-03
6.860000e-01	6.880000e-01	4.234963e-02	8.830508e-03	8.830508e-03
6.880000e-01	6.900000e-01	1.657159e-02	5.523864e-03	5.523864e-03
6.900000e-01	6.920000e-01	3.130190e-02	7.591826e-03	7.591826e-03
6.920000e-01	6.940000e-01	1.657159e-02	5.523864e-03	5.523864e-03
6.940000e-01	6.960000e-01	1.288902e-02	4.871591e-03	4.871591e-03
6.960000e-01	6.980000e-01	2.761932e-02	7.131280e-03	7.131280e-03
6.980000e-01	7.000000e-01	2.393675e-02	6.638859e-03	6.638859e-03
7.000000e-01	7.020000e-01	2.577803e-02	6.889470e-03	6.889470e-03
7.020000e-01	7.040000e-01	2.393675e-02	6.638859e-03	6.638859e-03
7.040000e-01	7.060000e-01	3.682576e-03	2.603975e-03	2.603975e-03
7.060000e-01	7.080000e-01	9.206440e-03	4.117246e-03	4.117246e-03
7.080000e-01	7.100000e-01	1.657159e-02	5.523864e-03	5.523864e-03
7.100000e-01	7.120000e-01	9.206440e-03	4.117246e-03	4.117246e-03
7.120000e-01	7.140000e-01	1.104773e-02	4.510217e-03	4.510217e-03
7.140000e-01	7.160000e-01	1.288902e-02	4.871591e-03	4.871591e-03
7.160000e-01	7.180000e-01	7.365155e-03	3.682577e-03	3.682577e-03
7.180000e-01	7.200000e-01	5.523865e-03	3.189205e-03	3.189205e-03
7.200000e-01	7.220000e-01	5.523865e-03	3.189205e-03	3.189205e-03
7.220000e-01	7.240000e-01	5.523865e-03	3.189205e-03	3.189205e-03
7.240000e-01	7.260000e-01	7.365155e-03	3.682577e-03	3.682577e-03
7.260000e-01	7.280000e-01	7.365155e-03	3.682577e-03	3.682577e-03
7.280000e-01	7.300000e-01	1.841288e-03	1.841288e-03	1.841288e-03
7.300000e-01	7.320000e-01	1.841288e-03	1.841288e-03	1.841288e-03
7.320000e-01	7.340000e-01	3.682576e-03	2.603975e-03	2.603975e-03
7.340000e-01	7.360000e-01	3.682576e-03	2.603975e-03	2.603975e-03
7.360000e-01	7.380000e-01	1.841288e-03	1.841288e-03	1.841288e-03
7.380000e-01	7.400000e-01	1.841288e-03	1.841288e-03	1.841288e-03
7.400000e-01	7.420000e-01	1.841288e-03	1.841288e-03	1.841288e-03
7.420000e-01	7.440000e-01	0.000000e+00	0.000000e+00	0.000000e+00
7.440000e-01	7.460000e-01	1.841288e-03	1.841288e-03	1.841288e-03
7.460000e-01	7.480000e-01	5.523865e-03	3.189205e-03	3.189205e-03
7.480000e-01	7.500000e-01	3.682576e-03	2.603975e-03	2.603975e-03
7.500000e-01	7.520000e-01	0.000000e+00	0.000000e+00	0.000000e+00
7.520000e-01	7.540000e-01	0.000000e+00	0.000000e+00	0.000000e+00
7.540000e-01	7.560000e-01	0.000000e+00	0.000000e+00	0.000000e+00
7.560000e-01	7.580000e-01	0.000000e+00	0.000000e+00	0.000000e+00
7.580000e-01	7.600000e-01	5.523865e-03	3.189205e-03	3.189205e-03
7.600000e-01	7.620000e-01	1.841288e-03	1.841288e-03	1.841288e-03
7.620000e-01	7.640000e-01	1.841288e-03	1.841288e-03	1.841288e-03
7.640000e-01	7.660000e-01	1.841288e-03	1.841288e-03	1.841288e-03
7.660000e-01	7.680000e-01	0.000000e+00	0.000000e+00	0.000000e+00
7.680000e-01	7.700000e-01	0.000000e+00	0.000000e+00	0.000000e+00
7.700000e-01	7.720000e-01	0.000000e+00	0.000000e+00	0.000000e+00
7.720000e-01	7.740000e-01	0.000000e+00	0.000000e+00	0.000000e+00
7.740000e-01	7.760000e-01	0.000000e+00	0.000000e+00	0.000000e+00
7.760000e-01	7.780000e-01	0.000000e+00	0.000000e+00	0.000000e+00
7.780000e-01	7.800000e-01	0.000000e+00	0.000000e+00	0.000000e+00
7.800000e-01	7.820000e-01	0.000000e+00	0.000000e+00	0.000000e+00
7.820000e-01	7.840000e-01	0.000000e+00	0.000000e+00	0.000000e+00
7.840000e-01	7.860000e-01	0.000000e+00	0.000000e+00	0.000000e+00
7.860000e-01	7.880000e-01	0.000000e+00	0.000000e+00	0.000000e+00
7.880000e-01	7.900000e-01	1.841288e-03	1.841288e-03	1.841288e-03
7.900000e-01	7.920000e-01	0.000000e+00	0.000000e+00	0.000000e+00
7.920000e-01	7.940000e-01	0.000000e+00	0.000000e+00	0.000000e+00
7.940000e-01	7.960000e-01	0.000000e+00	0.000000e+00	0.000000e+00
7.960000e-01	7.980000e-01	0.000000e+00	0.000000e+00	0.000000e+00
7.980000e-01	8.000000e-01	0.000000e+00	0.000000e+00	0.000000e+00
8.000000e-01	8.020000e-01	0.000000e+00	0.000000e+00	0.000000e+00
8.020000e-01	8.040000e-01	0.000000e+00	0.000000e+00	0.000000e+00
8.040000e-01	8.060000e-01	0.000000e+00	0.000000e+00	0.000000e+00
8.060000e-01	8.080000e-01	0.000000e+00	0.000000e+00	0.000000e+00
8.080000e-01	8.100000e-01	0.000000e+00	0.000000e+00	0.000000e+00
8.100000e-01	8.120000e-01	0.000000e+00	0.000000e+00	0.000000e+00
8.120000e-01	8.140000e-01	0.000000e+00	0.000000e+00	0.000000e+00
8.140000e-01	8.160000e-01	0.000000e+00	0.000000e+00	0.000000e+00
8.160000e-01	8.180000e-01	0.000000e+00	0.000000e+00	0.000000e+00
8.180000e-01	8.200000e-01	0.000000e+00	0.000000e+00	0.000000e+00
8.200000e-01	8.220000e-01	0.000000e+00	0.000000e+00	0.000000e+00
8.220000e-01	8.240000e-01	0.000000e+00	0.000000e+00	0.000000e+00
8.240000e-01	8.260000e-01	0.000000e+00	0.000000e+00	0.000000e+00
8.260000e-01	8.280000e-01	0.000000e+00	0.000000e+00	0.000000e+00
8.280000e-01	8.300000e-01	0.000000e+00	0.000000e+00	0.000000e+00
8.300000e-01	8.320000e-01	0.000000e+00	0.000000e+00	0.000000e+00
8.320000e-01	8.340000e-01	0.000000e+00	0.000000e+00	0.000000e+00
8.340000e-01	8.360000e-01	0.000000e+00	0.000000e+00	0.000000e+00
8.360000e-01	8.380000e-01	0.000000e+00	0.000000e+00	0.000000e+00
8.380000e-01	8.400000e-01	0.000000e+00	0.000000e+00	0.000000e+00
8.400000e-01	8.420000e-01	0.000000e+00	0.000000e+00	0.000000e+00
8.420000e-01	8.440000e-01	0.000000e+00	0.000000e+00	0.000000e+00
8.440000e-01	8.460000e-01	0.000000e+00	0.000000e+00	0.000000e+00
8.460000e-01	8.480000e-01	0.000000e+00	0.000000e+00	0.000000e+00
8.480000e-01	8.500000e-01	0.000000e+00	0.000000e+00	0.000000e+00
8.500000e-01	8.520000e-01	0.000000e+00	0.000000e+00	0.000000e+00
8.520000e-01	8.540000e-01	0.000000e+00	0.000000e+00	0.000000e+00
8.540000e-01	8.560000e-01	0.000000e+00	0.000000e+00	0.000000e+00
8.560000e-01	8.580000e-01	0.000000e+00	0.000000e+00	0.000000e+00
8.580000e-01	8.600000e-01	0.000000e+00	0.000000e+00	0.000000e+00
8.600000e-01	8.620000e-01	0.000000e+00	0.000000e+00	0.000000e+00
8.620000e-01	8.640000e-01	0.000000e+00	0.000000e+00	0.000000e+00
8.640000e-01	8.660000e-01	0.000000e+00	0.000000e+00	0.000000e+00
8.660000e-01	8.680000e-01	0.000000e+00	0.000000e+00	0.000000e+00
8.680000e-01	8.700000e-01	0.000000e+00	0.000000e+00	0.000000e+00
8.700000e-01	8.720000e-01	0.000000e+00	0.000000e+00	0.000000e+00
8.720000e-01	8.740000e-01	0.000000e+00	0.000000e+00	0.000000e+00
8.740000e-01	8.760000e-01	0.000000e+00	0.000000e+00	0.000000e+00
8.760000e-01	8.780000e-01	0.000000e+00	0.000000e+00	0.000000e+00
8.780000e-01	8.800000e-01	0.000000e+00	0.000000e+00	0.000000e+00
8.800000e-01	8.820000e-01	0.000000e+00	0.000000e+00	0.000000e+00
8.820000e-01	8.840000e-01	0.000000e+00	0.000000e+00	0.000000e+00
8.840000e-01	8.860000e-01	0.000000e+00	0.000000e+00	0.000000e+00
8.860000e-01	8.880000e-01	0.000000e+00	0.000000e+00	0.000000e+00
8.880000e-01	8.900000e-01	0.000000e+00	0.000000e+00	0.000000e+00
8.900000e-01	8.920000e-01	0.000000e+00	0.000000e+00	0.000000e+00
8.920000e-01	8.940000e-01	0.000000e+00	0.000000e+00	0.000000e+00
8.940000e-01	8.960000e-01	0.000000e+00	0.000000e+00	0.000000e+00
8.960000e-01	8.980000e-01	0.000000e+00	0.000000e+00	0.000000e+00
8.980000e-01	9.000000e-01	0.000000e+00	0.000000e+00	0.000000e+00
9.000000e-01	9.020000e-01	0.000000e+00	0.000000e+00	0.000000e+00
9.020000e-01	9.040000e-01	0.000000e+00	0.000000e+00	0.000000e+00
9.040000e-01	9.060000e-01	0.000000e+00	0.000000e+00	0.000000e+00
9.060000e-01	9.080000e-01	0.000000e+00	0.000000e+00	0.000000e+00
9.080000e-01	9.100000e-01	0.000000e+00	0.000000e+00	0.000000e+00
9.100000e-01	9.120000e-01	0.000000e+00	0.000000e+00	0.000000e+00
9.120000e-01	9.140000e-01	0.000000e+00	0.000000e+00	0.000000e+00
9.140000e-01	9.160000e-01	0.000000e+00	0.000000e+00	0.000000e+00
9.160000e-01	9.180000e-01	0.000000e+00	0.000000e+00	0.000000e+00
9.180000e-01	9.200000e-01	0.000000e+00	0.000000e+00	0.000000e+00
9.200000e-01	9.220000e-01	0.000000e+00	0.000000e+00	0.000000e+00
9.220000e-01	9.240000e-01	0.000000e+00	0.000000e+00	0.000000e+00
9.240000e-01	9.260000e-01	0.000000e+00	0.000000e+00	0.000000e+00
9.260000e-01	9.280000e-01	0.000000e+00	0.000000e+00	0.000000e+00
9.280000e-01	9.300000e-01	0.000000e+00	0.000000e+00	0.000000e+00
9.300000e-01	9.320000e-01	0.000000e+00	0.000000e+00	0.000000e+00
9.320000e-01	9.340000e-01	0.000000e+00	0.000000e+00	0.000000e+00
9.340000e-01	9.360000e-01	0.000000e+00	0.000000e+00	0.000000e+00
9.360000e-01	9.380000e-01	0.000000e+00	0.000000e+00	0.000000e+00
9.380000e-01	9.400000e-01	0.000000e+00	0.000000e+00	0.000000e+00
9.400000e-01	9.420000e-01	0.000000e+00	0.000000e+00	0.000000e+00
9.420000e-01	9.440000e-01	0.000000e+00	0.000000e+00	0.000000e+00
9.440000e-01	9.460000e-01	0.000000e+00	0.000000e+00	0.000000e+00
9.460000e-01	9.480000e-01	0.000000e+00	0.000000e+00	0.000000e+00
9.480000e-01	9.500000e-01	0.000000e+00	0.000000e+00	0.000000e+00
9.500000e-01	9.520000e-01	0.000000e+00	0.000000e+00	0.000000e+00
9.520000e-01	9.540000e-01	0.000000e+00	0.000000e+00	0.000000e+00
9.540000e-01	9.560000e-01	0.000000e+00	0.000000e+00	0.000000e+00
9.560000e-01	9.580000e-01	0.000000e+00	0.000000e+00	0.000000e+00
9.580000e-01	9.600000e-01	0.000000e+00	0.000000e+00	0.000000e+00
9.600000e-01	9.620000e-01	0.000000e+00	0.000000e+00	0.000000e+00
9.620000e-01	9.640000e-01	0.000000e+00	0.000000e+00	0.000000e+00
9.640000e-01	9.660000e-01	0.000000e+00	0.000000e+00	0.000000e+00
9.660000e-01	9.680000e-01	0.000000e+00	0.000000e+00	0.000000e+00
9.680000e-01	9.700000e-01	0.000000e+00	0.000000e+00	0.000000e+00
9.700000e-01	9.720000e-01	0.000000e+00	0.000000e+00	0.000000e+00
9.720000e-01	9.740000e-01	0.000000e+00	0.000000e+00	0.000000e+00
9.740000e-01	9.760000e-01	0.000000e+00	0.000000e+00	0.000000e+00
9.760000e-01	9.780000e-01	0.000000e+00	0.000000e+00	0.000000e+00
9.780000e-01	9.800000e-01	0.000000e+00	0.000000e+00	0.000000e+00
9.800000e-01	9.820000e-01	0.000000e+00	0.000000e+00	0.000000e+00
9.820000e-01	9.840000e-01	0.000000e+00	0.000000e+00	0.000000e+00
9.840000e-01	9.860000e-01	0.000000e+00	0.000000e+00	0.000000e+00
9.860000e-01	9.880000e-01	0.000000e+00	0.000000e+00	0.000000e+00
9.880000e-01	9.900000e-01	0.000000e+00	0.000000e+00	0.000000e+00
9.900000e-01	9.920000e-01	0.000000e+00	0.000000e+00	0.000000e+00
9.920000e-01	9.940000e-01	0.000000e+00	0.000000e+00	0.000000e+00
9.940000e-01	9.960000e-01	0.000000e+00	0.000000e+00	0.000000e+00
9.960000e-01	9.980000e-01	0.000000e+00	0.000000e+00	0.000000e+00
9.980000e-01	1.000000e+00	0.000000e+00	0.000000e+00	0.000000e+00
# END HISTOGRAM

